1  	 4 	 22 	 4.089342 	 0.035506 	 9060.485313 
1  	 4 	 12 	 4.544807 	 0.023331 	 5989.198987 
1  	 4 	 16 	 3.026827 	 0.117018 	 28737.385730 
1  	 4 	 4 	 5.941302 	 0.007935 	 2052.538113 
1  	 4 	 6 	 4.206947 	 0.031519 	 8058.732290 
1  	 4 	 17 	 11.363734 	 0.000600 	 155.679925 
1  	 4 	 2 	 4.393757 	 0.026832 	 6876.074159 
2  	 4 	 22 	 4.089342 	 0.035514 	 9062.484888 
2  	 4 	 12 	 4.544807 	 0.023340 	 5991.480561 
2  	 4 	 16 	 3.026827 	 0.117018 	 28737.385730 
2  	 4 	 4 	 5.941302 	 0.007918 	 2048.194418 
2  	 4 	 6 	 4.206947 	 0.031529 	 8061.175427 
2  	 4 	 19 	 6.818022 	 0.004612 	 1194.943715 
2  	 4 	 2 	 4.393757 	 0.000457 	 118.753342 
3  	 4 	 22 	 4.089342 	 0.035514 	 9062.484888 
3  	 4 	 12 	 4.544807 	 0.023331 	 5989.198987 
3  	 4 	 16 	 3.026827 	 0.117018 	 28737.385730 
3  	 4 	 4 	 5.941302 	 0.007918 	 2048.194418 
3  	 4 	 6 	 4.206947 	 0.031529 	 8061.175427 
3  	 4 	 19 	 6.818022 	 0.004615 	 1195.773496 
3  	 4 	 21 	 6.969697 	 0.003768 	 976.759083 
4  	 4 	 22 	 4.089342 	 0.035514 	 9062.484888 
4  	 4 	 12 	 4.544807 	 0.023331 	 5989.198987 
4  	 4 	 16 	 3.026827 	 0.117018 	 28737.385730 
4  	 4 	 4 	 5.941302 	 0.007918 	 2048.194418 
4  	 4 	 6 	 4.206947 	 0.031529 	 8061.175427 
4  	 4 	 19 	 6.818022 	 0.004615 	 1195.773496 
4  	 4 	 21 	 6.969697 	 0.003768 	 976.759083 
5  	 4 	 22 	 4.089342 	 0.035514 	 9062.484888 
5  	 4 	 12 	 4.544807 	 0.023331 	 5989.198987 
5  	 4 	 16 	 3.026827 	 0.117018 	 28737.385730 
5  	 4 	 4 	 5.941302 	 0.007918 	 2048.194418 
5  	 4 	 6 	 4.206947 	 0.031529 	 8061.175427 
5  	 4 	 19 	 6.818022 	 0.004615 	 1195.773496 
5  	 4 	 21 	 6.969697 	 0.003768 	 976.759083 
6  	 4 	 22 	 4.089342 	 0.035514 	 9062.484888 
6  	 4 	 12 	 4.544807 	 0.023331 	 5989.198987 
6  	 4 	 16 	 3.026827 	 0.117018 	 28737.385730 
6  	 4 	 4 	 5.941302 	 0.007918 	 2048.194418 
6  	 4 	 6 	 4.206947 	 0.031529 	 8061.175427 
6  	 4 	 19 	 6.818022 	 0.004615 	 1195.773496 
6  	 4 	 21 	 6.969697 	 0.003768 	 976.759083 
7  	 4 	 22 	 4.089342 	 0.035514 	 9062.484888 
7  	 4 	 12 	 4.544807 	 0.023331 	 5989.198987 
7  	 4 	 16 	 3.026827 	 0.117018 	 28737.385730 
7  	 4 	 4 	 5.941302 	 0.007918 	 2048.194418 
7  	 4 	 6 	 4.206947 	 0.031529 	 8061.175427 
7  	 4 	 19 	 6.818022 	 0.004615 	 1195.773496 
7  	 4 	 21 	 6.969697 	 0.003768 	 976.759083 
8  	 4 	 22 	 4.089342 	 0.035514 	 9062.484888 
8  	 4 	 12 	 4.544807 	 0.023331 	 5989.198987 
8  	 4 	 16 	 3.026827 	 0.117018 	 28737.385730 
8  	 4 	 4 	 5.941302 	 0.007918 	 2048.194418 
8  	 4 	 6 	 4.206947 	 0.031529 	 8061.175427 
8  	 4 	 19 	 6.818022 	 0.004615 	 1195.773496 
8  	 4 	 21 	 6.969697 	 0.003768 	 976.759083 
9  	 4 	 22 	 4.089342 	 0.035514 	 9062.484888 
9  	 4 	 12 	 4.544807 	 0.023331 	 5989.198987 
9  	 4 	 16 	 3.026827 	 0.117018 	 28737.385730 
9  	 4 	 4 	 5.941302 	 0.007918 	 2048.194418 
9  	 4 	 6 	 4.206947 	 0.031529 	 8061.175427 
9  	 4 	 19 	 6.818022 	 0.004615 	 1195.773496 
9  	 4 	 21 	 6.969697 	 0.003768 	 976.759083 
10  	 4 	 22 	 4.089342 	 0.035514 	 9062.484888 
10  	 4 	 12 	 4.544807 	 0.023331 	 5989.198987 
10  	 4 	 16 	 3.026827 	 0.117018 	 28737.385730 
10  	 4 	 4 	 5.941302 	 0.007918 	 2048.194418 
10  	 4 	 6 	 4.206947 	 0.031529 	 8061.175427 
10  	 4 	 19 	 6.818022 	 0.004615 	 1195.773496 
10  	 4 	 21 	 6.969697 	 0.003768 	 976.759083 
11  	 4 	 22 	 4.089342 	 0.035514 	 9062.484888 
11  	 4 	 12 	 4.544807 	 0.023331 	 5989.198987 
11  	 4 	 16 	 3.026827 	 0.117018 	 28737.385730 
11  	 4 	 4 	 5.941302 	 0.007918 	 2048.194418 
11  	 4 	 6 	 4.206947 	 0.031529 	 8061.175427 
11  	 4 	 19 	 6.818022 	 0.004615 	 1195.773496 
11  	 4 	 21 	 6.969697 	 0.003768 	 976.759083 
12  	 4 	 22 	 4.089342 	 0.035514 	 9062.484888 
12  	 4 	 12 	 4.544807 	 0.023331 	 5989.198987 
12  	 4 	 16 	 3.026827 	 0.117018 	 28737.385730 
12  	 4 	 4 	 5.941302 	 0.007918 	 2048.194418 
12  	 4 	 6 	 4.206947 	 0.031529 	 8061.175427 
12  	 4 	 19 	 6.818022 	 0.004615 	 1195.773496 
12  	 4 	 21 	 6.969697 	 0.003768 	 976.759083 
13  	 4 	 22 	 4.089342 	 0.035514 	 9062.484888 
13  	 4 	 12 	 4.544807 	 0.023331 	 5989.198987 
13  	 4 	 16 	 3.026827 	 0.117018 	 28737.385730 
13  	 4 	 4 	 5.941302 	 0.007918 	 2048.194418 
13  	 4 	 6 	 4.206947 	 0.031529 	 8061.175427 
13  	 4 	 19 	 6.818022 	 0.004615 	 1195.773496 
13  	 4 	 21 	 6.969697 	 0.003768 	 976.759083 
14  	 4 	 22 	 4.089342 	 0.035514 	 9062.484888 
14  	 4 	 12 	 4.544807 	 0.023331 	 5989.198987 
14  	 4 	 16 	 3.026827 	 0.117018 	 28737.385730 
14  	 4 	 4 	 5.941302 	 0.007918 	 2048.194418 
14  	 4 	 6 	 4.206947 	 0.031529 	 8061.175427 
14  	 4 	 19 	 6.818022 	 0.004615 	 1195.773496 
14  	 4 	 21 	 6.969697 	 0.003768 	 976.759083 
15  	 4 	 22 	 4.089342 	 0.035514 	 9062.484888 
15  	 4 	 12 	 4.544807 	 0.023331 	 5989.198987 
15  	 4 	 16 	 3.026827 	 0.117018 	 28737.385730 
15  	 4 	 4 	 5.941302 	 0.007918 	 2048.194418 
15  	 4 	 6 	 4.206947 	 0.031529 	 8061.175427 
15  	 4 	 19 	 6.818022 	 0.004615 	 1195.773496 
15  	 4 	 21 	 6.969697 	 0.003768 	 976.759083 
16  	 4 	 22 	 4.089342 	 0.035514 	 9062.484888 
16  	 4 	 12 	 4.544807 	 0.023331 	 5989.198987 
16  	 4 	 16 	 3.026827 	 0.117018 	 28737.385730 
16  	 4 	 4 	 5.941302 	 0.007918 	 2048.194418 
16  	 4 	 6 	 4.206947 	 0.031529 	 8061.175427 
16  	 4 	 19 	 6.818022 	 0.004615 	 1195.773496 
16  	 4 	 21 	 6.969697 	 0.003768 	 976.759083 
17  	 4 	 22 	 4.089342 	 0.035514 	 9062.484888 
17  	 4 	 12 	 4.544807 	 0.023331 	 5989.198987 
17  	 4 	 16 	 3.026827 	 0.117018 	 28737.385730 
17  	 4 	 4 	 5.941302 	 0.007918 	 2048.194418 
17  	 4 	 6 	 4.206947 	 0.031529 	 8061.175427 
17  	 4 	 19 	 6.818022 	 0.004615 	 1195.773496 
17  	 4 	 21 	 6.969697 	 0.003768 	 976.759083 
18  	 4 	 22 	 4.089342 	 0.035514 	 9062.484888 
18  	 4 	 12 	 4.544807 	 0.023331 	 5989.198987 
18  	 4 	 16 	 3.026827 	 0.117018 	 28737.385730 
18  	 4 	 4 	 5.941302 	 0.007918 	 2048.194418 
18  	 4 	 6 	 4.206947 	 0.031529 	 8061.175427 
18  	 4 	 19 	 6.818022 	 0.004615 	 1195.773496 
18  	 4 	 21 	 6.969697 	 0.003768 	 976.759083 
19  	 4 	 22 	 4.089342 	 0.035514 	 9062.484888 
19  	 4 	 12 	 4.544807 	 0.023331 	 5989.198987 
19  	 4 	 16 	 3.026827 	 0.117018 	 28737.385730 
19  	 4 	 4 	 5.941302 	 0.007918 	 2048.194418 
19  	 4 	 6 	 4.206947 	 0.031529 	 8061.175427 
19  	 4 	 19 	 6.818022 	 0.004615 	 1195.773496 
19  	 4 	 21 	 6.969697 	 0.003768 	 976.759083 
20  	 4 	 22 	 4.089342 	 0.035514 	 9062.484888 
20  	 4 	 12 	 4.544807 	 0.023331 	 5989.198987 
20  	 4 	 16 	 3.026827 	 0.117018 	 28737.385730 
20  	 4 	 4 	 5.941302 	 0.007918 	 2048.194418 
20  	 4 	 6 	 4.206947 	 0.031529 	 8061.175427 
20  	 4 	 19 	 6.818022 	 0.004615 	 1195.773496 
20  	 4 	 21 	 6.969697 	 0.003768 	 976.759083 
21  	 4 	 22 	 4.089342 	 0.035514 	 9062.484888 
21  	 4 	 12 	 4.544807 	 0.023331 	 5989.198987 
21  	 4 	 16 	 3.026827 	 0.117018 	 28737.385730 
21  	 4 	 4 	 5.941302 	 0.007918 	 2048.194418 
21  	 4 	 6 	 4.206947 	 0.031529 	 8061.175427 
21  	 4 	 19 	 6.818022 	 0.004615 	 1195.773496 
21  	 4 	 21 	 6.969697 	 0.003768 	 976.759083 
22  	 4 	 22 	 4.089342 	 0.035514 	 9062.484888 
22  	 4 	 12 	 4.544807 	 0.023331 	 5989.198987 
22  	 4 	 16 	 3.026827 	 0.117018 	 28737.385730 
22  	 4 	 4 	 5.941302 	 0.007918 	 2048.194418 
22  	 4 	 6 	 4.206947 	 0.031529 	 8061.175427 
22  	 4 	 19 	 6.818022 	 0.004615 	 1195.773496 
22  	 4 	 21 	 6.969697 	 0.003768 	 976.759083 
23  	 4 	 22 	 4.089342 	 0.035514 	 9062.484888 
23  	 4 	 12 	 4.544807 	 0.023331 	 5989.198987 
23  	 4 	 16 	 3.026827 	 0.117018 	 28737.385730 
23  	 4 	 4 	 5.941302 	 0.007918 	 2048.194418 
23  	 4 	 6 	 4.206947 	 0.031529 	 8061.175427 
23  	 4 	 19 	 6.818022 	 0.004615 	 1195.773496 
23  	 4 	 21 	 6.969697 	 0.003768 	 976.759083 
24  	 4 	 22 	 4.089342 	 0.035514 	 9062.484888 
24  	 4 	 12 	 4.544807 	 0.023331 	 5989.198987 
24  	 4 	 16 	 3.026827 	 0.117018 	 28737.385730 
24  	 4 	 4 	 5.941302 	 0.007918 	 2048.194418 
24  	 4 	 6 	 4.206947 	 0.031529 	 8061.175427 
24  	 4 	 19 	 6.818022 	 0.004615 	 1195.773496 
24  	 4 	 21 	 6.969697 	 0.003768 	 976.759083 
25  	 4 	 22 	 4.089342 	 0.035514 	 9062.484888 
25  	 4 	 12 	 4.544807 	 0.023331 	 5989.198987 
25  	 4 	 16 	 3.026827 	 0.117018 	 28737.385730 
25  	 4 	 4 	 5.941302 	 0.007918 	 2048.194418 
25  	 4 	 6 	 4.206947 	 0.031529 	 8061.175427 
25  	 4 	 19 	 6.818022 	 0.004615 	 1195.773496 
25  	 4 	 21 	 6.969697 	 0.003768 	 976.759083 
26  	 4 	 22 	 4.089342 	 0.035514 	 9062.484888 
26  	 4 	 12 	 4.544807 	 0.023331 	 5989.198987 
26  	 4 	 16 	 3.026827 	 0.117018 	 28737.385730 
26  	 4 	 4 	 5.941302 	 0.007918 	 2048.194418 
26  	 4 	 6 	 4.206947 	 0.031529 	 8061.175427 
26  	 4 	 19 	 6.818022 	 0.004615 	 1195.773496 
26  	 4 	 21 	 6.969697 	 0.003768 	 976.759083 
27  	 4 	 22 	 4.089342 	 0.035514 	 9062.484888 
27  	 4 	 12 	 4.544807 	 0.023331 	 5989.198987 
27  	 4 	 16 	 3.026827 	 0.117018 	 28737.385730 
27  	 4 	 4 	 5.941302 	 0.007918 	 2048.194418 
27  	 4 	 6 	 4.206947 	 0.031529 	 8061.175427 
27  	 4 	 19 	 6.818022 	 0.004615 	 1195.773496 
27  	 4 	 21 	 6.969697 	 0.003768 	 976.759083 
28  	 4 	 22 	 4.089342 	 0.035514 	 9062.484888 
28  	 4 	 12 	 4.544807 	 0.023331 	 5989.198987 
28  	 4 	 16 	 3.026827 	 0.117018 	 28737.385730 
28  	 4 	 4 	 5.941302 	 0.007918 	 2048.194418 
28  	 4 	 6 	 4.206947 	 0.031529 	 8061.175427 
28  	 4 	 19 	 6.818022 	 0.004615 	 1195.773496 
28  	 4 	 21 	 6.969697 	 0.003768 	 976.759083 
29  	 4 	 22 	 4.089342 	 0.035514 	 9062.484888 
29  	 4 	 12 	 4.544807 	 0.023331 	 5989.198987 
29  	 4 	 16 	 3.026827 	 0.117018 	 28737.385730 
29  	 4 	 4 	 5.941302 	 0.007918 	 2048.194418 
29  	 4 	 6 	 4.206947 	 0.031529 	 8061.175427 
29  	 4 	 19 	 6.818022 	 0.004615 	 1195.773496 
29  	 4 	 21 	 6.969697 	 0.003768 	 976.759083 
30  	 4 	 22 	 4.089342 	 0.035514 	 9062.484888 
30  	 4 	 12 	 4.544807 	 0.023331 	 5989.198987 
30  	 4 	 16 	 3.026827 	 0.117018 	 28737.385730 
30  	 4 	 4 	 5.941302 	 0.007918 	 2048.194418 
30  	 4 	 6 	 4.206947 	 0.031529 	 8061.175427 
30  	 4 	 19 	 6.818022 	 0.004615 	 1195.773496 
30  	 4 	 21 	 6.969697 	 0.003768 	 976.759083 
31  	 4 	 22 	 4.089342 	 0.035514 	 9062.484888 
31  	 4 	 12 	 4.544807 	 0.023331 	 5989.198987 
31  	 4 	 16 	 3.026827 	 0.117018 	 28737.385730 
31  	 4 	 4 	 5.941302 	 0.007918 	 2048.194418 
31  	 4 	 6 	 4.206947 	 0.031529 	 8061.175427 
31  	 4 	 19 	 6.818022 	 0.004615 	 1195.773496 
31  	 4 	 21 	 6.969697 	 0.003768 	 976.759083 
32  	 4 	 22 	 4.089342 	 0.035514 	 9062.484888 
32  	 4 	 12 	 4.544807 	 0.023331 	 5989.198987 
32  	 4 	 16 	 3.026827 	 0.117018 	 28737.385730 
32  	 4 	 4 	 5.941302 	 0.007918 	 2048.194418 
32  	 4 	 6 	 4.206947 	 0.031529 	 8061.175427 
32  	 4 	 19 	 6.818022 	 0.004615 	 1195.773496 
32  	 4 	 21 	 6.969697 	 0.003768 	 976.759083 
33  	 4 	 22 	 4.089342 	 0.035514 	 9062.484888 
33  	 4 	 12 	 4.544807 	 0.023331 	 5989.198987 
33  	 4 	 16 	 3.026827 	 0.117018 	 28737.385730 
33  	 4 	 4 	 5.941302 	 0.007918 	 2048.194418 
33  	 4 	 6 	 4.206947 	 0.031529 	 8061.175427 
33  	 4 	 19 	 6.818022 	 0.004615 	 1195.773496 
33  	 4 	 21 	 6.969697 	 0.003768 	 976.759083 
34  	 4 	 22 	 4.089342 	 0.035514 	 9062.484888 
34  	 4 	 12 	 4.544807 	 0.023331 	 5989.198987 
34  	 4 	 16 	 3.026827 	 0.117018 	 28737.385730 
34  	 4 	 4 	 5.941302 	 0.007918 	 2048.194418 
34  	 4 	 6 	 4.206947 	 0.031529 	 8061.175427 
34  	 4 	 19 	 6.818022 	 0.004615 	 1195.773496 
34  	 4 	 21 	 6.969697 	 0.003768 	 976.759083 
35  	 4 	 22 	 4.089342 	 0.035514 	 9062.484888 
35  	 4 	 12 	 4.544807 	 0.023331 	 5989.198987 
35  	 4 	 16 	 3.026827 	 0.117018 	 28737.385730 
35  	 4 	 4 	 5.941302 	 0.007918 	 2048.194418 
35  	 4 	 6 	 4.206947 	 0.031529 	 8061.175427 
35  	 4 	 19 	 6.818022 	 0.004615 	 1195.773496 
35  	 4 	 21 	 6.969697 	 0.003768 	 976.759083 
36  	 4 	 22 	 4.089342 	 0.035514 	 9062.484888 
36  	 4 	 12 	 4.544807 	 0.023331 	 5989.198987 
36  	 4 	 16 	 3.026827 	 0.117018 	 28737.385730 
36  	 4 	 4 	 5.941302 	 0.007918 	 2048.194418 
36  	 4 	 6 	 4.206947 	 0.031529 	 8061.175427 
36  	 4 	 19 	 6.818022 	 0.004615 	 1195.773496 
36  	 4 	 21 	 6.969697 	 0.003768 	 976.759083 
37  	 4 	 22 	 4.089342 	 0.035514 	 9062.484888 
37  	 4 	 12 	 4.544807 	 0.023331 	 5989.198987 
37  	 4 	 16 	 3.026827 	 0.117018 	 28737.385730 
37  	 4 	 4 	 5.941302 	 0.007918 	 2048.194418 
37  	 4 	 6 	 4.206947 	 0.031529 	 8061.175427 
37  	 4 	 19 	 6.818022 	 0.004615 	 1195.773496 
37  	 4 	 21 	 6.969697 	 0.003768 	 976.759083 
38  	 4 	 22 	 4.089342 	 0.035514 	 9062.484888 
38  	 4 	 12 	 4.544807 	 0.023331 	 5989.198987 
38  	 4 	 16 	 3.026827 	 0.117018 	 28737.385730 
38  	 4 	 4 	 5.941302 	 0.007918 	 2048.194418 
38  	 4 	 6 	 4.206947 	 0.031529 	 8061.175427 
38  	 4 	 19 	 6.818022 	 0.004615 	 1195.773496 
38  	 4 	 21 	 6.969697 	 0.003768 	 976.759083 
39  	 4 	 22 	 4.089342 	 0.035514 	 9062.484888 
39  	 4 	 12 	 4.544807 	 0.023331 	 5989.198987 
39  	 4 	 16 	 3.026827 	 0.117018 	 28737.385730 
39  	 4 	 4 	 5.941302 	 0.007918 	 2048.194418 
39  	 4 	 6 	 4.206947 	 0.031529 	 8061.175427 
39  	 4 	 19 	 6.818022 	 0.004615 	 1195.773496 
39  	 4 	 21 	 6.969697 	 0.003768 	 976.759083 
40  	 4 	 22 	 4.089342 	 0.035514 	 9062.484888 
40  	 4 	 12 	 4.544807 	 0.023331 	 5989.198987 
40  	 4 	 16 	 3.026827 	 0.117018 	 28737.385730 
40  	 4 	 4 	 5.941302 	 0.007918 	 2048.194418 
40  	 4 	 6 	 4.206947 	 0.031529 	 8061.175427 
40  	 4 	 19 	 6.818022 	 0.004615 	 1195.773496 
40  	 4 	 21 	 6.969697 	 0.003768 	 976.759083 
41  	 4 	 22 	 4.089342 	 0.035514 	 9062.484888 
41  	 4 	 12 	 4.544807 	 0.023331 	 5989.198987 
41  	 4 	 16 	 3.026827 	 0.117018 	 28737.385730 
41  	 4 	 4 	 5.941302 	 0.007918 	 2048.194418 
41  	 4 	 6 	 4.206947 	 0.031529 	 8061.175427 
41  	 4 	 19 	 6.818022 	 0.004615 	 1195.773496 
41  	 4 	 21 	 6.969697 	 0.003768 	 976.759083 
42  	 4 	 22 	 4.089342 	 0.035514 	 9062.484888 
42  	 4 	 12 	 4.544807 	 0.023331 	 5989.198987 
42  	 4 	 16 	 3.026827 	 0.117018 	 28737.385730 
42  	 4 	 4 	 5.941302 	 0.007918 	 2048.194418 
42  	 4 	 6 	 4.206947 	 0.031529 	 8061.175427 
42  	 4 	 19 	 6.818022 	 0.004615 	 1195.773496 
42  	 4 	 21 	 6.969697 	 0.003768 	 976.759083 
43  	 4 	 22 	 4.089342 	 0.035514 	 9062.484888 
43  	 4 	 12 	 4.544807 	 0.023331 	 5989.198987 
43  	 4 	 16 	 3.026827 	 0.117018 	 28737.385730 
43  	 4 	 4 	 5.941302 	 0.007918 	 2048.194418 
43  	 4 	 6 	 4.206947 	 0.031529 	 8061.175427 
43  	 4 	 19 	 6.818022 	 0.004615 	 1195.773496 
43  	 4 	 21 	 6.969697 	 0.003768 	 976.759083 
44  	 4 	 22 	 4.089342 	 0.035514 	 9062.484888 
44  	 4 	 12 	 4.544807 	 0.023331 	 5989.198987 
44  	 4 	 16 	 3.026827 	 0.117018 	 28737.385730 
44  	 4 	 4 	 5.941302 	 0.007918 	 2048.194418 
44  	 4 	 6 	 4.206947 	 0.031529 	 8061.175427 
44  	 4 	 19 	 6.818022 	 0.004615 	 1195.773496 
44  	 4 	 21 	 6.969697 	 0.003768 	 976.759083 
45  	 4 	 22 	 4.089342 	 0.035514 	 9062.484888 
45  	 4 	 12 	 4.544807 	 0.023331 	 5989.198987 
45  	 4 	 16 	 3.026827 	 0.117018 	 28737.385730 
45  	 4 	 4 	 5.941302 	 0.007918 	 2048.194418 
45  	 4 	 6 	 4.206947 	 0.031529 	 8061.175427 
45  	 4 	 19 	 6.818022 	 0.004615 	 1195.773496 
45  	 4 	 21 	 6.969697 	 0.003768 	 976.759083 
46  	 4 	 22 	 4.089342 	 0.035514 	 9062.484888 
46  	 4 	 12 	 4.544807 	 0.023331 	 5989.198987 
46  	 4 	 16 	 3.026827 	 0.117018 	 28737.385730 
46  	 4 	 4 	 5.941302 	 0.007918 	 2048.194418 
46  	 4 	 6 	 4.206947 	 0.031529 	 8061.175427 
46  	 4 	 19 	 6.818022 	 0.004615 	 1195.773496 
46  	 4 	 21 	 6.969697 	 0.003768 	 976.759083 
47  	 4 	 22 	 4.089342 	 0.035514 	 9062.484888 
47  	 4 	 12 	 4.544807 	 0.023331 	 5989.198987 
47  	 4 	 16 	 3.026827 	 0.117018 	 28737.385730 
47  	 4 	 4 	 5.941302 	 0.007918 	 2048.194418 
47  	 4 	 6 	 4.206947 	 0.031529 	 8061.175427 
47  	 4 	 19 	 6.818022 	 0.004615 	 1195.773496 
47  	 4 	 21 	 6.969697 	 0.003768 	 976.759083 
48  	 4 	 22 	 4.089342 	 0.035514 	 9062.484888 
48  	 4 	 12 	 4.544807 	 0.023331 	 5989.198987 
48  	 4 	 16 	 3.026827 	 0.117018 	 28737.385730 
48  	 4 	 4 	 5.941302 	 0.007918 	 2048.194418 
48  	 4 	 6 	 4.206947 	 0.031529 	 8061.175427 
48  	 4 	 19 	 6.818022 	 0.004615 	 1195.773496 
48  	 4 	 21 	 6.969697 	 0.003768 	 976.759083 
49  	 4 	 22 	 4.089342 	 0.035514 	 9062.484888 
49  	 4 	 12 	 4.544807 	 0.023331 	 5989.198987 
49  	 4 	 16 	 3.026827 	 0.117018 	 28737.385730 
49  	 4 	 4 	 5.941302 	 0.007918 	 2048.194418 
49  	 4 	 6 	 4.206947 	 0.031529 	 8061.175427 
49  	 4 	 19 	 6.818022 	 0.004615 	 1195.773496 
49  	 4 	 21 	 6.969697 	 0.003768 	 976.759083 
50  	 4 	 22 	 4.089342 	 0.035514 	 9062.484888 
50  	 4 	 12 	 4.544807 	 0.023331 	 5989.198987 
50  	 4 	 16 	 3.026827 	 0.117018 	 28737.385730 
50  	 4 	 4 	 5.941302 	 0.007918 	 2048.194418 
50  	 4 	 6 	 4.206947 	 0.031529 	 8061.175427 
50  	 4 	 19 	 6.818022 	 0.004615 	 1195.773496 
50  	 4 	 21 	 6.969697 	 0.003768 	 976.759083 
51  	 4 	 22 	 4.089342 	 0.035514 	 9062.484888 
51  	 4 	 12 	 4.544807 	 0.023331 	 5989.198987 
51  	 4 	 16 	 3.026827 	 0.117018 	 28737.385730 
51  	 4 	 4 	 5.941302 	 0.007918 	 2048.194418 
51  	 4 	 6 	 4.206947 	 0.031529 	 8061.175427 
51  	 4 	 19 	 6.818022 	 0.004615 	 1195.773496 
51  	 4 	 21 	 6.969697 	 0.003768 	 976.759083 
52  	 4 	 22 	 4.089342 	 0.035514 	 9062.484888 
52  	 4 	 12 	 4.544807 	 0.023331 	 5989.198987 
52  	 4 	 16 	 3.026827 	 0.117018 	 28737.385730 
52  	 4 	 4 	 5.941302 	 0.007918 	 2048.194418 
52  	 4 	 6 	 4.206947 	 0.031529 	 8061.175427 
52  	 4 	 19 	 6.818022 	 0.004615 	 1195.773496 
52  	 4 	 21 	 6.969697 	 0.003768 	 976.759083 
53  	 4 	 22 	 4.089342 	 0.035514 	 9062.484888 
53  	 4 	 12 	 4.544807 	 0.023331 	 5989.198987 
53  	 4 	 16 	 3.026827 	 0.117018 	 28737.385730 
53  	 4 	 4 	 5.941302 	 0.007918 	 2048.194418 
53  	 4 	 6 	 4.206947 	 0.031529 	 8061.175427 
53  	 4 	 19 	 6.818022 	 0.004615 	 1195.773496 
53  	 4 	 21 	 6.969697 	 0.003768 	 976.759083 
54  	 4 	 22 	 4.089342 	 0.035514 	 9062.484888 
54  	 4 	 12 	 4.544807 	 0.023331 	 5989.198987 
54  	 4 	 16 	 3.026827 	 0.117018 	 28737.385730 
54  	 4 	 4 	 5.941302 	 0.007918 	 2048.194418 
54  	 4 	 6 	 4.206947 	 0.031529 	 8061.175427 
54  	 4 	 19 	 6.818022 	 0.004615 	 1195.773496 
54  	 4 	 21 	 6.969697 	 0.003768 	 976.759083 
55  	 4 	 22 	 4.089342 	 0.035514 	 9062.484888 
55  	 4 	 12 	 4.544807 	 0.023331 	 5989.198987 
55  	 4 	 16 	 3.026827 	 0.117018 	 28737.385730 
55  	 4 	 4 	 5.941302 	 0.007918 	 2048.194418 
55  	 4 	 6 	 4.206947 	 0.031529 	 8061.175427 
55  	 4 	 19 	 6.818022 	 0.004615 	 1195.773496 
55  	 4 	 21 	 6.969697 	 0.003768 	 976.759083 
56  	 4 	 22 	 4.089342 	 0.035514 	 9062.484888 
56  	 4 	 12 	 4.544807 	 0.023331 	 5989.198987 
56  	 4 	 16 	 3.026827 	 0.117018 	 28737.385730 
56  	 4 	 4 	 5.941302 	 0.007918 	 2048.194418 
56  	 4 	 6 	 4.206947 	 0.031529 	 8061.175427 
56  	 4 	 19 	 6.818022 	 0.004615 	 1195.773496 
56  	 4 	 21 	 6.969697 	 0.003768 	 976.759083 
57  	 4 	 22 	 4.089342 	 0.035514 	 9062.484888 
57  	 4 	 12 	 4.544807 	 0.023331 	 5989.198987 
57  	 4 	 16 	 3.026827 	 0.117018 	 28737.385730 
57  	 4 	 4 	 5.941302 	 0.007918 	 2048.194418 
57  	 4 	 6 	 4.206947 	 0.031529 	 8061.175427 
57  	 4 	 19 	 6.818022 	 0.004615 	 1195.773496 
57  	 4 	 21 	 6.969697 	 0.003768 	 976.759083 
58  	 4 	 22 	 4.089342 	 0.035514 	 9062.484888 
58  	 4 	 12 	 4.544807 	 0.023331 	 5989.198987 
58  	 4 	 16 	 3.026827 	 0.117018 	 28737.385730 
58  	 4 	 4 	 5.941302 	 0.007918 	 2048.194418 
58  	 4 	 6 	 4.206947 	 0.031529 	 8061.175427 
58  	 4 	 19 	 6.818022 	 0.004615 	 1195.773496 
58  	 4 	 21 	 6.969697 	 0.003768 	 976.759083 
59  	 4 	 22 	 4.089342 	 0.035514 	 9062.484888 
59  	 4 	 12 	 4.544807 	 0.023331 	 5989.198987 
59  	 4 	 16 	 3.026827 	 0.117018 	 28737.385730 
59  	 4 	 4 	 5.941302 	 0.007918 	 2048.194418 
59  	 4 	 6 	 4.206947 	 0.031529 	 8061.175427 
59  	 4 	 19 	 6.818022 	 0.004615 	 1195.773496 
59  	 4 	 21 	 6.969697 	 0.003768 	 976.759083 
60  	 4 	 22 	 4.089342 	 0.035514 	 9062.484888 
60  	 4 	 12 	 4.544807 	 0.023331 	 5989.198987 
60  	 4 	 16 	 3.026827 	 0.117018 	 28737.385730 
60  	 4 	 4 	 5.941302 	 0.007918 	 2048.194418 
60  	 4 	 6 	 4.206947 	 0.031529 	 8061.175427 
60  	 4 	 19 	 6.818022 	 0.004615 	 1195.773496 
60  	 4 	 21 	 6.969697 	 0.003768 	 976.759083 
61  	 4 	 22 	 4.089342 	 0.035514 	 9062.484888 
61  	 4 	 12 	 4.544807 	 0.023331 	 5989.198987 
61  	 4 	 16 	 3.026827 	 0.117018 	 28737.385730 
61  	 4 	 4 	 5.941302 	 0.007918 	 2048.194418 
61  	 4 	 6 	 4.206947 	 0.031529 	 8061.175427 
61  	 4 	 19 	 6.818022 	 0.004615 	 1195.773496 
61  	 4 	 21 	 6.969697 	 0.003768 	 976.759083 
62  	 4 	 22 	 4.089342 	 0.035514 	 9062.484888 
62  	 4 	 12 	 4.544807 	 0.023331 	 5989.198987 
62  	 4 	 16 	 3.026827 	 0.117018 	 28737.385730 
62  	 4 	 4 	 5.941302 	 0.007918 	 2048.194418 
62  	 4 	 6 	 4.206947 	 0.031529 	 8061.175427 
62  	 4 	 19 	 6.818022 	 0.004615 	 1195.773496 
62  	 4 	 21 	 6.969697 	 0.003768 	 976.759083 
63  	 4 	 22 	 4.089342 	 0.035514 	 9062.484888 
63  	 4 	 12 	 4.544807 	 0.023331 	 5989.198987 
63  	 4 	 16 	 3.026827 	 0.117018 	 28737.385730 
63  	 4 	 4 	 5.941302 	 0.007918 	 2048.194418 
63  	 4 	 6 	 4.206947 	 0.031529 	 8061.175427 
63  	 4 	 19 	 6.818022 	 0.004615 	 1195.773496 
63  	 4 	 21 	 6.969697 	 0.003768 	 976.759083 
64  	 4 	 22 	 4.089342 	 0.035514 	 9062.484888 
64  	 4 	 12 	 4.544807 	 0.023331 	 5989.198987 
64  	 4 	 16 	 3.026827 	 0.117018 	 28737.385730 
64  	 4 	 4 	 5.941302 	 0.007918 	 2048.194418 
64  	 4 	 6 	 4.206947 	 0.031529 	 8061.175427 
64  	 4 	 19 	 6.818022 	 0.004615 	 1195.773496 
64  	 4 	 21 	 6.969697 	 0.003768 	 976.759083 
65  	 4 	 22 	 4.089342 	 0.035514 	 9062.484888 
65  	 4 	 12 	 4.544807 	 0.023331 	 5989.198987 
65  	 4 	 16 	 3.026827 	 0.117018 	 28737.385730 
65  	 4 	 4 	 5.941302 	 0.007918 	 2048.194418 
65  	 4 	 6 	 4.206947 	 0.031529 	 8061.175427 
65  	 4 	 19 	 6.818022 	 0.004615 	 1195.773496 
65  	 4 	 21 	 6.969697 	 0.003768 	 976.759083 
66  	 4 	 22 	 4.089342 	 0.035514 	 9062.484888 
66  	 4 	 12 	 4.544807 	 0.023331 	 5989.198987 
66  	 4 	 16 	 3.026827 	 0.117018 	 28737.385730 
66  	 4 	 4 	 5.941302 	 0.007918 	 2048.194418 
66  	 4 	 6 	 4.206947 	 0.031529 	 8061.175427 
66  	 4 	 19 	 6.818022 	 0.004615 	 1195.773496 
66  	 4 	 21 	 6.969697 	 0.003768 	 976.759083 
67  	 4 	 22 	 4.089342 	 0.035514 	 9062.484888 
67  	 4 	 12 	 4.544807 	 0.023331 	 5989.198987 
67  	 4 	 16 	 3.026827 	 0.117018 	 28737.385730 
67  	 4 	 4 	 5.941302 	 0.007918 	 2048.194418 
67  	 4 	 6 	 4.206947 	 0.031529 	 8061.175427 
67  	 4 	 19 	 6.818022 	 0.004615 	 1195.773496 
67  	 4 	 21 	 6.969697 	 0.003768 	 976.759083 
68  	 4 	 22 	 4.089342 	 0.035514 	 9062.484888 
68  	 4 	 12 	 4.544807 	 0.023331 	 5989.198987 
68  	 4 	 16 	 3.026827 	 0.117018 	 28737.385730 
68  	 4 	 4 	 5.941302 	 0.007918 	 2048.194418 
68  	 4 	 6 	 4.206947 	 0.031529 	 8061.175427 
68  	 4 	 19 	 6.818022 	 0.004615 	 1195.773496 
68  	 4 	 21 	 6.969697 	 0.003768 	 976.759083 
69  	 4 	 22 	 4.089342 	 0.035514 	 9062.484888 
69  	 4 	 12 	 4.544807 	 0.023331 	 5989.198987 
69  	 4 	 16 	 3.026827 	 0.117018 	 28737.385730 
69  	 4 	 4 	 5.941302 	 0.007918 	 2048.194418 
69  	 4 	 6 	 4.206947 	 0.031529 	 8061.175427 
69  	 4 	 19 	 6.818022 	 0.004615 	 1195.773496 
69  	 4 	 21 	 6.969697 	 0.003768 	 976.759083 
70  	 4 	 22 	 4.089342 	 0.035514 	 9062.484888 
70  	 4 	 12 	 4.544807 	 0.023331 	 5989.198987 
70  	 4 	 16 	 3.026827 	 0.117018 	 28737.385730 
70  	 4 	 4 	 5.941302 	 0.007918 	 2048.194418 
70  	 4 	 6 	 4.206947 	 0.031529 	 8061.175427 
70  	 4 	 19 	 6.818022 	 0.004615 	 1195.773496 
70  	 4 	 21 	 6.969697 	 0.003768 	 976.759083 
71  	 4 	 22 	 4.089342 	 0.035514 	 9062.484888 
71  	 4 	 12 	 4.544807 	 0.023331 	 5989.198987 
71  	 4 	 16 	 3.026827 	 0.117018 	 28737.385730 
71  	 4 	 4 	 5.941302 	 0.007918 	 2048.194418 
71  	 4 	 6 	 4.206947 	 0.031529 	 8061.175427 
71  	 4 	 19 	 6.818022 	 0.004615 	 1195.773496 
71  	 4 	 21 	 6.969697 	 0.003768 	 976.759083 
72  	 4 	 22 	 4.089342 	 0.035514 	 9062.484888 
72  	 4 	 12 	 4.544807 	 0.023331 	 5989.198987 
72  	 4 	 16 	 3.026827 	 0.117018 	 28737.385730 
72  	 4 	 4 	 5.941302 	 0.007918 	 2048.194418 
72  	 4 	 6 	 4.206947 	 0.031529 	 8061.175427 
72  	 4 	 19 	 6.818022 	 0.004615 	 1195.773496 
72  	 4 	 21 	 6.969697 	 0.003768 	 976.759083 
73  	 4 	 22 	 4.089342 	 0.035514 	 9062.484888 
73  	 4 	 12 	 4.544807 	 0.023331 	 5989.198987 
73  	 4 	 16 	 3.026827 	 0.117018 	 28737.385730 
73  	 4 	 4 	 5.941302 	 0.007918 	 2048.194418 
73  	 4 	 6 	 4.206947 	 0.031529 	 8061.175427 
73  	 4 	 19 	 6.818022 	 0.004615 	 1195.773496 
73  	 4 	 21 	 6.969697 	 0.003768 	 976.759083 
74  	 4 	 22 	 4.089342 	 0.035514 	 9062.484888 
74  	 4 	 12 	 4.544807 	 0.023331 	 5989.198987 
74  	 4 	 16 	 3.026827 	 0.117018 	 28737.385730 
74  	 4 	 4 	 5.941302 	 0.007918 	 2048.194418 
74  	 4 	 6 	 4.206947 	 0.031529 	 8061.175427 
74  	 4 	 19 	 6.818022 	 0.004615 	 1195.773496 
74  	 4 	 21 	 6.969697 	 0.003768 	 976.759083 
75  	 4 	 22 	 4.089342 	 0.035514 	 9062.484888 
75  	 4 	 12 	 4.544807 	 0.023331 	 5989.198987 
75  	 4 	 16 	 3.026827 	 0.117018 	 28737.385730 
75  	 4 	 4 	 5.941302 	 0.007918 	 2048.194418 
75  	 4 	 6 	 4.206947 	 0.031529 	 8061.175427 
75  	 4 	 19 	 6.818022 	 0.004615 	 1195.773496 
75  	 4 	 21 	 6.969697 	 0.003768 	 976.759083 
76  	 4 	 22 	 4.089342 	 0.035514 	 9062.484888 
76  	 4 	 12 	 4.544807 	 0.023331 	 5989.198987 
76  	 4 	 16 	 3.026827 	 0.117018 	 28737.385730 
76  	 4 	 4 	 5.941302 	 0.007918 	 2048.194418 
76  	 4 	 6 	 4.206947 	 0.031529 	 8061.175427 
76  	 4 	 19 	 6.818022 	 0.004615 	 1195.773496 
76  	 4 	 21 	 6.969697 	 0.003768 	 976.759083 
77  	 4 	 22 	 4.089342 	 0.035514 	 9062.484888 
77  	 4 	 12 	 4.544807 	 0.023331 	 5989.198987 
77  	 4 	 16 	 3.026827 	 0.117018 	 28737.385730 
77  	 4 	 4 	 5.941302 	 0.007918 	 2048.194418 
77  	 4 	 6 	 4.206947 	 0.031529 	 8061.175427 
77  	 4 	 19 	 6.818022 	 0.004615 	 1195.773496 
77  	 4 	 21 	 6.969697 	 0.003768 	 976.759083 
78  	 4 	 22 	 4.089342 	 0.035514 	 9062.484888 
78  	 4 	 12 	 4.544807 	 0.023331 	 5989.198987 
78  	 4 	 16 	 3.026827 	 0.117018 	 28737.385730 
78  	 4 	 4 	 5.941302 	 0.007918 	 2048.194418 
78  	 4 	 6 	 4.206947 	 0.031529 	 8061.175427 
78  	 4 	 19 	 6.818022 	 0.004615 	 1195.773496 
78  	 4 	 21 	 6.969697 	 0.003768 	 976.759083 
79  	 4 	 22 	 4.089342 	 0.035514 	 9062.484888 
79  	 4 	 12 	 4.544807 	 0.023331 	 5989.198987 
79  	 4 	 16 	 3.026827 	 0.117018 	 28737.385730 
79  	 4 	 4 	 5.941302 	 0.007918 	 2048.194418 
79  	 4 	 6 	 4.206947 	 0.031529 	 8061.175427 
79  	 4 	 19 	 6.818022 	 0.004615 	 1195.773496 
79  	 4 	 21 	 6.969697 	 0.003768 	 976.759083 
80  	 4 	 22 	 4.089342 	 0.035514 	 9062.484888 
80  	 4 	 12 	 4.544807 	 0.023331 	 5989.198987 
80  	 4 	 16 	 3.026827 	 0.117018 	 28737.385730 
80  	 4 	 4 	 5.941302 	 0.007918 	 2048.194418 
80  	 4 	 6 	 4.206947 	 0.031529 	 8061.175427 
80  	 4 	 19 	 6.818022 	 0.004615 	 1195.773496 
80  	 4 	 21 	 6.969697 	 0.003768 	 976.759083 
81  	 4 	 22 	 4.089342 	 0.035514 	 9062.484888 
81  	 4 	 12 	 4.544807 	 0.023331 	 5989.198987 
81  	 4 	 16 	 3.026827 	 0.117018 	 28737.385730 
81  	 4 	 4 	 5.941302 	 0.007918 	 2048.194418 
81  	 4 	 6 	 4.206947 	 0.031529 	 8061.175427 
81  	 4 	 19 	 6.818022 	 0.004615 	 1195.773496 
81  	 4 	 21 	 6.969697 	 0.003768 	 976.759083 
82  	 4 	 22 	 4.089342 	 0.035514 	 9062.484888 
82  	 4 	 12 	 4.544807 	 0.023331 	 5989.198987 
82  	 4 	 16 	 3.026827 	 0.117018 	 28737.385730 
82  	 4 	 4 	 5.941302 	 0.007918 	 2048.194418 
82  	 4 	 6 	 4.206947 	 0.031529 	 8061.175427 
82  	 4 	 19 	 6.818022 	 0.004615 	 1195.773496 
82  	 4 	 21 	 6.969697 	 0.003768 	 976.759083 
83  	 4 	 22 	 4.089342 	 0.035514 	 9062.484888 
83  	 4 	 12 	 4.544807 	 0.023331 	 5989.198987 
83  	 4 	 16 	 3.026827 	 0.117018 	 28737.385730 
83  	 4 	 4 	 5.941302 	 0.007918 	 2048.194418 
83  	 4 	 6 	 4.206947 	 0.031529 	 8061.175427 
83  	 4 	 19 	 6.818022 	 0.004615 	 1195.773496 
83  	 4 	 21 	 6.969697 	 0.003768 	 976.759083 
84  	 4 	 22 	 4.089342 	 0.035514 	 9062.484888 
84  	 4 	 12 	 4.544807 	 0.023331 	 5989.198987 
84  	 4 	 16 	 3.026827 	 0.117018 	 28737.385730 
84  	 4 	 4 	 5.941302 	 0.007918 	 2048.194418 
84  	 4 	 6 	 4.206947 	 0.031529 	 8061.175427 
84  	 4 	 19 	 6.818022 	 0.004615 	 1195.773496 
84  	 4 	 21 	 6.969697 	 0.003768 	 976.759083 
85  	 4 	 22 	 4.089342 	 0.035514 	 9062.484888 
85  	 4 	 12 	 4.544807 	 0.023331 	 5989.198987 
85  	 4 	 16 	 3.026827 	 0.117018 	 28737.385730 
85  	 4 	 4 	 5.941302 	 0.007918 	 2048.194418 
85  	 4 	 6 	 4.206947 	 0.031529 	 8061.175427 
85  	 4 	 19 	 6.818022 	 0.004615 	 1195.773496 
85  	 4 	 21 	 6.969697 	 0.003768 	 976.759083 
86  	 4 	 22 	 4.089342 	 0.035514 	 9062.484888 
86  	 4 	 12 	 4.544807 	 0.023331 	 5989.198987 
86  	 4 	 16 	 3.026827 	 0.117018 	 28737.385730 
86  	 4 	 4 	 5.941302 	 0.007918 	 2048.194418 
86  	 4 	 6 	 4.206947 	 0.031529 	 8061.175427 
86  	 4 	 19 	 6.818022 	 0.004615 	 1195.773496 
86  	 4 	 21 	 6.969697 	 0.003768 	 976.759083 
87  	 4 	 22 	 4.089342 	 0.035514 	 9062.484888 
87  	 4 	 12 	 4.544807 	 0.023331 	 5989.198987 
87  	 4 	 16 	 3.026827 	 0.117018 	 28737.385730 
87  	 4 	 4 	 5.941302 	 0.007918 	 2048.194418 
87  	 4 	 6 	 4.206947 	 0.031529 	 8061.175427 
87  	 4 	 19 	 6.818022 	 0.004615 	 1195.773496 
87  	 4 	 21 	 6.969697 	 0.003768 	 976.759083 
88  	 4 	 22 	 4.089342 	 0.035514 	 9062.484888 
88  	 4 	 12 	 4.544807 	 0.023331 	 5989.198987 
88  	 4 	 16 	 3.026827 	 0.117018 	 28737.385730 
88  	 4 	 4 	 5.941302 	 0.007918 	 2048.194418 
88  	 4 	 6 	 4.206947 	 0.031529 	 8061.175427 
88  	 4 	 19 	 6.818022 	 0.004615 	 1195.773496 
88  	 4 	 21 	 6.969697 	 0.003768 	 976.759083 
89  	 4 	 22 	 4.089342 	 0.035514 	 9062.484888 
89  	 4 	 12 	 4.544807 	 0.023331 	 5989.198987 
89  	 4 	 16 	 3.026827 	 0.117018 	 28737.385730 
89  	 4 	 4 	 5.941302 	 0.007918 	 2048.194418 
89  	 4 	 6 	 4.206947 	 0.031529 	 8061.175427 
89  	 4 	 19 	 6.818022 	 0.004615 	 1195.773496 
89  	 4 	 21 	 6.969697 	 0.003768 	 976.759083 
90  	 4 	 22 	 4.089342 	 0.035514 	 9062.484888 
90  	 4 	 12 	 4.544807 	 0.023331 	 5989.198987 
90  	 4 	 16 	 3.026827 	 0.117018 	 28737.385730 
90  	 4 	 4 	 5.941302 	 0.007918 	 2048.194418 
90  	 4 	 6 	 4.206947 	 0.031529 	 8061.175427 
90  	 4 	 19 	 6.818022 	 0.004615 	 1195.773496 
90  	 4 	 21 	 6.969697 	 0.003768 	 976.759083 
91  	 4 	 22 	 4.089342 	 0.035514 	 9062.484888 
91  	 4 	 12 	 4.544807 	 0.023331 	 5989.198987 
91  	 4 	 16 	 3.026827 	 0.117018 	 28737.385730 
91  	 4 	 4 	 5.941302 	 0.007918 	 2048.194418 
91  	 4 	 6 	 4.206947 	 0.031529 	 8061.175427 
91  	 4 	 19 	 6.818022 	 0.004615 	 1195.773496 
91  	 4 	 21 	 6.969697 	 0.003768 	 976.759083 
92  	 4 	 22 	 4.089342 	 0.035514 	 9062.484888 
92  	 4 	 12 	 4.544807 	 0.023331 	 5989.198987 
92  	 4 	 16 	 3.026827 	 0.117018 	 28737.385730 
92  	 4 	 4 	 5.941302 	 0.007918 	 2048.194418 
92  	 4 	 6 	 4.206947 	 0.031529 	 8061.175427 
92  	 4 	 19 	 6.818022 	 0.004615 	 1195.773496 
92  	 4 	 21 	 6.969697 	 0.003768 	 976.759083 
93  	 4 	 22 	 4.089342 	 0.035514 	 9062.484888 
93  	 4 	 12 	 4.544807 	 0.023331 	 5989.198987 
93  	 4 	 16 	 3.026827 	 0.117018 	 28737.385730 
93  	 4 	 4 	 5.941302 	 0.007918 	 2048.194418 
93  	 4 	 6 	 4.206947 	 0.031529 	 8061.175427 
93  	 4 	 19 	 6.818022 	 0.004615 	 1195.773496 
93  	 4 	 21 	 6.969697 	 0.003768 	 976.759083 
94  	 4 	 22 	 4.089342 	 0.035514 	 9062.484888 
94  	 4 	 12 	 4.544807 	 0.023331 	 5989.198987 
94  	 4 	 16 	 3.026827 	 0.117018 	 28737.385730 
94  	 4 	 4 	 5.941302 	 0.007918 	 2048.194418 
94  	 4 	 6 	 4.206947 	 0.031529 	 8061.175427 
94  	 4 	 19 	 6.818022 	 0.004615 	 1195.773496 
94  	 4 	 21 	 6.969697 	 0.003768 	 976.759083 
95  	 4 	 22 	 4.089342 	 0.035514 	 9062.484888 
95  	 4 	 12 	 4.544807 	 0.023331 	 5989.198987 
95  	 4 	 16 	 3.026827 	 0.117018 	 28737.385730 
95  	 4 	 4 	 5.941302 	 0.007918 	 2048.194418 
95  	 4 	 6 	 4.206947 	 0.031529 	 8061.175427 
95  	 4 	 19 	 6.818022 	 0.004615 	 1195.773496 
95  	 4 	 21 	 6.969697 	 0.003768 	 976.759083 
96  	 4 	 22 	 4.089342 	 0.035514 	 9062.484888 
96  	 4 	 12 	 4.544807 	 0.023331 	 5989.198987 
96  	 4 	 16 	 3.026827 	 0.117018 	 28737.385730 
96  	 4 	 4 	 5.941302 	 0.007918 	 2048.194418 
96  	 4 	 6 	 4.206947 	 0.031529 	 8061.175427 
96  	 4 	 19 	 6.818022 	 0.004615 	 1195.773496 
96  	 4 	 21 	 6.969697 	 0.003768 	 976.759083 
97  	 4 	 22 	 4.089342 	 0.035514 	 9062.484888 
97  	 4 	 12 	 4.544807 	 0.023331 	 5989.198987 
97  	 4 	 16 	 3.026827 	 0.117018 	 28737.385730 
97  	 4 	 4 	 5.941302 	 0.007918 	 2048.194418 
97  	 4 	 6 	 4.206947 	 0.031529 	 8061.175427 
97  	 4 	 19 	 6.818022 	 0.004615 	 1195.773496 
97  	 4 	 21 	 6.969697 	 0.003768 	 976.759083 
98  	 4 	 22 	 4.089342 	 0.035514 	 9062.484888 
98  	 4 	 12 	 4.544807 	 0.023331 	 5989.198987 
98  	 4 	 16 	 3.026827 	 0.117018 	 28737.385730 
98  	 4 	 4 	 5.941302 	 0.007918 	 2048.194418 
98  	 4 	 6 	 4.206947 	 0.031529 	 8061.175427 
98  	 4 	 19 	 6.818022 	 0.004615 	 1195.773496 
98  	 4 	 21 	 6.969697 	 0.003768 	 976.759083 
99  	 4 	 22 	 4.089342 	 0.035514 	 9062.484888 
99  	 4 	 12 	 4.544807 	 0.023331 	 5989.198987 
99  	 4 	 16 	 3.026827 	 0.117018 	 28737.385730 
99  	 4 	 4 	 5.941302 	 0.007918 	 2048.194418 
99  	 4 	 6 	 4.206947 	 0.031529 	 8061.175427 
99  	 4 	 19 	 6.818022 	 0.004615 	 1195.773496 
99  	 4 	 21 	 6.969697 	 0.003768 	 976.759083 
100  	 4 	 22 	 4.089342 	 0.035514 	 9062.484888 
100  	 4 	 12 	 4.544807 	 0.023331 	 5989.198987 
100  	 4 	 16 	 3.026827 	 0.117018 	 28737.385730 
100  	 4 	 4 	 5.941302 	 0.007918 	 2048.194418 
100  	 4 	 6 	 4.206947 	 0.031529 	 8061.175427 
100  	 4 	 19 	 6.818022 	 0.004615 	 1195.773496 
100  	 4 	 21 	 6.969697 	 0.003768 	 976.759083 
101  	 4 	 22 	 4.089342 	 0.035514 	 9062.484888 
101  	 4 	 12 	 4.544807 	 0.023331 	 5989.198987 
101  	 4 	 16 	 3.026827 	 0.117018 	 28737.385730 
101  	 4 	 4 	 5.941302 	 0.007918 	 2048.194418 
101  	 4 	 6 	 4.206947 	 0.031529 	 8061.175427 
101  	 4 	 19 	 6.818022 	 0.004615 	 1195.773496 
101  	 4 	 21 	 6.969697 	 0.003768 	 976.759083 
102  	 4 	 22 	 4.089342 	 0.035514 	 9062.484888 
102  	 4 	 12 	 4.544807 	 0.023331 	 5989.198987 
102  	 4 	 16 	 3.026827 	 0.117018 	 28737.385730 
102  	 4 	 4 	 5.941302 	 0.007918 	 2048.194418 
102  	 4 	 6 	 4.206947 	 0.031529 	 8061.175427 
102  	 4 	 19 	 6.818022 	 0.004615 	 1195.773496 
102  	 4 	 21 	 6.969697 	 0.003768 	 976.759083 
103  	 4 	 22 	 4.089342 	 0.035514 	 9062.484888 
103  	 4 	 12 	 4.544807 	 0.023331 	 5989.198987 
103  	 4 	 16 	 3.026827 	 0.117018 	 28737.385730 
103  	 4 	 4 	 5.941302 	 0.007918 	 2048.194418 
103  	 4 	 6 	 4.206947 	 0.031529 	 8061.175427 
103  	 4 	 19 	 6.818022 	 0.004615 	 1195.773496 
103  	 4 	 21 	 6.969697 	 0.003768 	 976.759083 
104  	 4 	 22 	 4.089342 	 0.035514 	 9062.484888 
104  	 4 	 12 	 4.544807 	 0.023331 	 5989.198987 
104  	 4 	 16 	 3.026827 	 0.117018 	 28737.385730 
104  	 4 	 4 	 5.941302 	 0.007918 	 2048.194418 
104  	 4 	 6 	 4.206947 	 0.031529 	 8061.175427 
104  	 4 	 19 	 6.818022 	 0.004615 	 1195.773496 
104  	 4 	 21 	 6.969697 	 0.003768 	 976.759083 
