1  	 2 	 14 	 9.509122 	 0.001222 	 317.238075 
1  	 2 	 7 	 9.785980 	 0.001089 	 282.647659 
1  	 2 	 3 	 7.548241 	 0.002990 	 775.401908 
1  	 2 	 16 	 8.360386 	 0.002037 	 528.389508 
1  	 2 	 5 	 7.757078 	 0.002761 	 715.995102 
1  	 2 	 25 	 5.663200 	 0.008494 	 2196.409818 
1  	 2 	 11 	 7.456614 	 0.003102 	 804.415141 
1  	 2 	 2 	 7.395177 	 0.003342 	 866.397220 
1  	 2 	 12 	 11.239311 	 0.000627 	 162.686784 
1  	 2 	 21 	 8.735381 	 0.001571 	 407.606717 
1  	 2 	 4 	 1.986272 	 0.642459 	 128854.283299 
1  	 2 	 17 	 9.903978 	 0.001024 	 265.823029 
1  	 2 	 13 	 1.938513 	 0.708150 	 139038.288982 
1  	 2 	 24 	 6.369394 	 0.006062 	 1569.363769 
1  	 2 	 23 	 10.437324 	 0.000834 	 216.525653 
1  	 2 	 1 	 1.568158 	 1.653117 	 253383.907177 
2  	 2 	 14 	 9.509122 	 0.001223 	 317.409492 
2  	 2 	 7 	 9.785980 	 0.001089 	 282.647659 
2  	 2 	 3 	 7.548241 	 0.002990 	 775.401908 
2  	 2 	 16 	 8.360386 	 0.002040 	 529.125037 
2  	 2 	 5 	 7.757078 	 0.002762 	 716.234694 
2  	 2 	 25 	 5.663200 	 0.007998 	 2068.597049 
2  	 2 	 11 	 7.456614 	 0.003100 	 803.667586 
2  	 2 	 2 	 7.395177 	 0.003340 	 865.894425 
2  	 2 	 8 	 10.732458 	 0.000753 	 195.440688 
2  	 2 	 21 	 8.735381 	 0.001572 	 407.784360 
2  	 2 	 4 	 1.986272 	 0.603005 	 122540.228563 
2  	 2 	 17 	 9.903978 	 0.001024 	 265.910475 
2  	 2 	 13 	 1.938513 	 0.707436 	 138929.718639 
2  	 2 	 24 	 6.369394 	 0.006062 	 1569.363769 
2  	 2 	 23 	 10.437324 	 0.000834 	 216.612633 
2  	 2 	 1 	 1.568158 	 0.714247 	 139963.553782 
3  	 2 	 14 	 9.509122 	 0.001223 	 317.409492 
3  	 2 	 7 	 9.785980 	 0.001089 	 282.647659 
3  	 2 	 3 	 7.548241 	 0.002990 	 775.401908 
3  	 2 	 16 	 8.360386 	 0.002040 	 529.125037 
3  	 2 	 5 	 7.757078 	 0.002762 	 716.234694 
3  	 2 	 25 	 5.663200 	 0.007998 	 2068.597049 
3  	 2 	 11 	 7.456614 	 0.003100 	 803.667586 
3  	 2 	 2 	 7.395177 	 0.003340 	 865.894425 
3  	 2 	 8 	 10.732458 	 0.000753 	 195.440688 
3  	 2 	 21 	 8.735381 	 0.001572 	 407.784360 
3  	 2 	 4 	 1.986272 	 0.603005 	 122540.228563 
3  	 2 	 17 	 9.903978 	 0.001024 	 265.910475 
3  	 2 	 13 	 1.938513 	 0.707436 	 138929.718639 
3  	 2 	 24 	 6.369394 	 0.006062 	 1569.363769 
3  	 2 	 23 	 10.437324 	 0.000834 	 216.612633 
3  	 2 	 1 	 1.568158 	 0.714247 	 139963.553782 
4  	 2 	 14 	 9.509122 	 0.001223 	 317.409492 
4  	 2 	 7 	 9.785980 	 0.001089 	 282.647659 
4  	 2 	 3 	 7.548241 	 0.002990 	 775.401908 
4  	 2 	 16 	 8.360386 	 0.002040 	 529.125037 
4  	 2 	 5 	 7.757078 	 0.002762 	 716.234694 
4  	 2 	 25 	 5.663200 	 0.007998 	 2068.597049 
4  	 2 	 11 	 7.456614 	 0.003100 	 803.667586 
4  	 2 	 2 	 7.395177 	 0.003340 	 865.894425 
4  	 2 	 8 	 10.732458 	 0.000753 	 195.440688 
4  	 2 	 21 	 8.735381 	 0.001572 	 407.784360 
4  	 2 	 4 	 1.986272 	 0.603005 	 122540.228563 
4  	 2 	 17 	 9.903978 	 0.001024 	 265.910475 
4  	 2 	 13 	 1.938513 	 0.707436 	 138929.718639 
4  	 2 	 24 	 6.369394 	 0.006062 	 1569.363769 
4  	 2 	 23 	 10.437324 	 0.000834 	 216.612633 
4  	 2 	 1 	 1.568158 	 0.714247 	 139963.553782 
5  	 2 	 14 	 9.509122 	 0.001223 	 317.409492 
5  	 2 	 7 	 9.785980 	 0.001089 	 282.647659 
5  	 2 	 3 	 7.548241 	 0.002990 	 775.401908 
5  	 2 	 16 	 8.360386 	 0.002040 	 529.125037 
5  	 2 	 5 	 7.757078 	 0.002762 	 716.234694 
5  	 2 	 25 	 5.663200 	 0.007998 	 2068.597049 
5  	 2 	 11 	 7.456614 	 0.003100 	 803.667586 
5  	 2 	 2 	 7.395177 	 0.003340 	 865.894425 
5  	 2 	 8 	 10.732458 	 0.000753 	 195.440688 
5  	 2 	 21 	 8.735381 	 0.001572 	 407.784360 
5  	 2 	 4 	 1.986272 	 0.603005 	 122540.228563 
5  	 2 	 17 	 9.903978 	 0.001024 	 265.910475 
5  	 2 	 13 	 1.938513 	 0.707436 	 138929.718639 
5  	 2 	 24 	 6.369394 	 0.006062 	 1569.363769 
5  	 2 	 23 	 10.437324 	 0.000834 	 216.612633 
5  	 2 	 1 	 1.568158 	 0.714247 	 139963.553782 
6  	 2 	 14 	 9.509122 	 0.001223 	 317.409492 
6  	 2 	 7 	 9.785980 	 0.001089 	 282.647659 
6  	 2 	 3 	 7.548241 	 0.002990 	 775.401908 
6  	 2 	 16 	 8.360386 	 0.002040 	 529.125037 
6  	 2 	 5 	 7.757078 	 0.002762 	 716.234694 
6  	 2 	 25 	 5.663200 	 0.007998 	 2068.597049 
6  	 2 	 11 	 7.456614 	 0.003100 	 803.667586 
6  	 2 	 2 	 7.395177 	 0.003340 	 865.894425 
6  	 2 	 8 	 10.732458 	 0.000753 	 195.440688 
6  	 2 	 21 	 8.735381 	 0.001572 	 407.784360 
6  	 2 	 4 	 1.986272 	 0.603005 	 122540.228563 
6  	 2 	 17 	 9.903978 	 0.001024 	 265.910475 
6  	 2 	 13 	 1.938513 	 0.707436 	 138929.718639 
6  	 2 	 24 	 6.369394 	 0.006062 	 1569.363769 
6  	 2 	 23 	 10.437324 	 0.000834 	 216.612633 
6  	 2 	 1 	 1.568158 	 0.714247 	 139963.553782 
7  	 2 	 14 	 9.509122 	 0.001223 	 317.409492 
7  	 2 	 7 	 9.785980 	 0.001089 	 282.647659 
7  	 2 	 3 	 7.548241 	 0.002990 	 775.401908 
7  	 2 	 16 	 8.360386 	 0.002040 	 529.125037 
7  	 2 	 5 	 7.757078 	 0.002762 	 716.234694 
7  	 2 	 25 	 5.663200 	 0.007998 	 2068.597049 
7  	 2 	 11 	 7.456614 	 0.003100 	 803.667586 
7  	 2 	 2 	 7.395177 	 0.003340 	 865.894425 
7  	 2 	 8 	 10.732458 	 0.000753 	 195.440688 
7  	 2 	 21 	 8.735381 	 0.001572 	 407.784360 
7  	 2 	 4 	 1.986272 	 0.603005 	 122540.228563 
7  	 2 	 17 	 9.903978 	 0.001024 	 265.910475 
7  	 2 	 13 	 1.938513 	 0.707436 	 138929.718639 
7  	 2 	 24 	 6.369394 	 0.006062 	 1569.363769 
7  	 2 	 23 	 10.437324 	 0.000834 	 216.612633 
7  	 2 	 1 	 1.568158 	 0.714247 	 139963.553782 
8  	 2 	 14 	 9.509122 	 0.001223 	 317.409492 
8  	 2 	 7 	 9.785980 	 0.001089 	 282.647659 
8  	 2 	 3 	 7.548241 	 0.002990 	 775.401908 
8  	 2 	 16 	 8.360386 	 0.002040 	 529.125037 
8  	 2 	 5 	 7.757078 	 0.002762 	 716.234694 
8  	 2 	 25 	 5.663200 	 0.007998 	 2068.597049 
8  	 2 	 11 	 7.456614 	 0.003100 	 803.667586 
8  	 2 	 2 	 7.395177 	 0.003340 	 865.894425 
8  	 2 	 8 	 10.732458 	 0.000753 	 195.440688 
8  	 2 	 21 	 8.735381 	 0.001572 	 407.784360 
8  	 2 	 4 	 1.986272 	 0.603005 	 122540.228563 
8  	 2 	 17 	 9.903978 	 0.001024 	 265.910475 
8  	 2 	 13 	 1.938513 	 0.707436 	 138929.718639 
8  	 2 	 24 	 6.369394 	 0.006062 	 1569.363769 
8  	 2 	 23 	 10.437324 	 0.000834 	 216.612633 
8  	 2 	 1 	 1.568158 	 0.714247 	 139963.553782 
9  	 2 	 14 	 9.509122 	 0.001223 	 317.409492 
9  	 2 	 7 	 9.785980 	 0.001089 	 282.647659 
9  	 2 	 3 	 7.548241 	 0.002990 	 775.401908 
9  	 2 	 16 	 8.360386 	 0.002040 	 529.125037 
9  	 2 	 5 	 7.757078 	 0.002762 	 716.234694 
9  	 2 	 25 	 5.663200 	 0.007998 	 2068.597049 
9  	 2 	 11 	 7.456614 	 0.003100 	 803.667586 
9  	 2 	 2 	 7.395177 	 0.003340 	 865.894425 
9  	 2 	 8 	 10.732458 	 0.000753 	 195.440688 
9  	 2 	 21 	 8.735381 	 0.001572 	 407.784360 
9  	 2 	 4 	 1.986272 	 0.603005 	 122540.228563 
9  	 2 	 17 	 9.903978 	 0.001024 	 265.910475 
9  	 2 	 13 	 1.938513 	 0.707436 	 138929.718639 
9  	 2 	 24 	 6.369394 	 0.006062 	 1569.363769 
9  	 2 	 23 	 10.437324 	 0.000834 	 216.612633 
9  	 2 	 1 	 1.568158 	 0.714247 	 139963.553782 
10  	 2 	 14 	 9.509122 	 0.001223 	 317.409492 
10  	 2 	 7 	 9.785980 	 0.001089 	 282.647659 
10  	 2 	 3 	 7.548241 	 0.002990 	 775.401908 
10  	 2 	 16 	 8.360386 	 0.002040 	 529.125037 
10  	 2 	 5 	 7.757078 	 0.002762 	 716.234694 
10  	 2 	 25 	 5.663200 	 0.007998 	 2068.597049 
10  	 2 	 11 	 7.456614 	 0.003100 	 803.667586 
10  	 2 	 2 	 7.395177 	 0.003340 	 865.894425 
10  	 2 	 8 	 10.732458 	 0.000753 	 195.440688 
10  	 2 	 21 	 8.735381 	 0.001572 	 407.784360 
10  	 2 	 4 	 1.986272 	 0.603005 	 122540.228563 
10  	 2 	 17 	 9.903978 	 0.001024 	 265.910475 
10  	 2 	 13 	 1.938513 	 0.707436 	 138929.718639 
10  	 2 	 24 	 6.369394 	 0.006062 	 1569.363769 
10  	 2 	 23 	 10.437324 	 0.000834 	 216.612633 
10  	 2 	 1 	 1.568158 	 0.714247 	 139963.553782 
11  	 2 	 14 	 9.509122 	 0.001223 	 317.409492 
11  	 2 	 7 	 9.785980 	 0.001089 	 282.647659 
11  	 2 	 3 	 7.548241 	 0.002990 	 775.401908 
11  	 2 	 16 	 8.360386 	 0.002040 	 529.125037 
11  	 2 	 5 	 7.757078 	 0.002762 	 716.234694 
11  	 2 	 25 	 5.663200 	 0.007998 	 2068.597049 
11  	 2 	 11 	 7.456614 	 0.003100 	 803.667586 
11  	 2 	 2 	 7.395177 	 0.003340 	 865.894425 
11  	 2 	 8 	 10.732458 	 0.000753 	 195.440688 
11  	 2 	 21 	 8.735381 	 0.001572 	 407.784360 
11  	 2 	 4 	 1.986272 	 0.603005 	 122540.228563 
11  	 2 	 17 	 9.903978 	 0.001024 	 265.910475 
11  	 2 	 13 	 1.938513 	 0.707436 	 138929.718639 
11  	 2 	 24 	 6.369394 	 0.006062 	 1569.363769 
11  	 2 	 23 	 10.437324 	 0.000834 	 216.612633 
11  	 2 	 1 	 1.568158 	 0.714247 	 139963.553782 
12  	 2 	 14 	 9.509122 	 0.001223 	 317.409492 
12  	 2 	 7 	 9.785980 	 0.001089 	 282.647659 
12  	 2 	 3 	 7.548241 	 0.002990 	 775.401908 
12  	 2 	 16 	 8.360386 	 0.002040 	 529.125037 
12  	 2 	 5 	 7.757078 	 0.002762 	 716.234694 
12  	 2 	 25 	 5.663200 	 0.007998 	 2068.597049 
12  	 2 	 11 	 7.456614 	 0.003100 	 803.667586 
12  	 2 	 2 	 7.395177 	 0.003340 	 865.894425 
12  	 2 	 8 	 10.732458 	 0.000753 	 195.440688 
12  	 2 	 21 	 8.735381 	 0.001572 	 407.784360 
12  	 2 	 4 	 1.986272 	 0.603005 	 122540.228563 
12  	 2 	 17 	 9.903978 	 0.001024 	 265.910475 
12  	 2 	 13 	 1.938513 	 0.707436 	 138929.718639 
12  	 2 	 24 	 6.369394 	 0.006062 	 1569.363769 
12  	 2 	 23 	 10.437324 	 0.000834 	 216.612633 
12  	 2 	 1 	 1.568158 	 0.714247 	 139963.553782 
13  	 2 	 14 	 9.509122 	 0.001223 	 317.409492 
13  	 2 	 7 	 9.785980 	 0.001089 	 282.647659 
13  	 2 	 3 	 7.548241 	 0.002990 	 775.401908 
13  	 2 	 16 	 8.360386 	 0.002040 	 529.125037 
13  	 2 	 5 	 7.757078 	 0.002762 	 716.234694 
13  	 2 	 25 	 5.663200 	 0.007998 	 2068.597049 
13  	 2 	 11 	 7.456614 	 0.003100 	 803.667586 
13  	 2 	 2 	 7.395177 	 0.003340 	 865.894425 
13  	 2 	 8 	 10.732458 	 0.000753 	 195.440688 
13  	 2 	 21 	 8.735381 	 0.001572 	 407.784360 
13  	 2 	 4 	 1.986272 	 0.603005 	 122540.228563 
13  	 2 	 17 	 9.903978 	 0.001024 	 265.910475 
13  	 2 	 13 	 1.938513 	 0.707436 	 138929.718639 
13  	 2 	 24 	 6.369394 	 0.006062 	 1569.363769 
13  	 2 	 23 	 10.437324 	 0.000834 	 216.612633 
13  	 2 	 1 	 1.568158 	 0.714247 	 139963.553782 
14  	 2 	 14 	 9.509122 	 0.001223 	 317.409492 
14  	 2 	 7 	 9.785980 	 0.001089 	 282.647659 
14  	 2 	 3 	 7.548241 	 0.002990 	 775.401908 
14  	 2 	 16 	 8.360386 	 0.002040 	 529.125037 
14  	 2 	 5 	 7.757078 	 0.002762 	 716.234694 
14  	 2 	 25 	 5.663200 	 0.007998 	 2068.597049 
14  	 2 	 11 	 7.456614 	 0.003100 	 803.667586 
14  	 2 	 2 	 7.395177 	 0.003340 	 865.894425 
14  	 2 	 8 	 10.732458 	 0.000753 	 195.440688 
14  	 2 	 21 	 8.735381 	 0.001572 	 407.784360 
14  	 2 	 4 	 1.986272 	 0.603005 	 122540.228563 
14  	 2 	 17 	 9.903978 	 0.001024 	 265.910475 
14  	 2 	 13 	 1.938513 	 0.707436 	 138929.718639 
14  	 2 	 24 	 6.369394 	 0.006062 	 1569.363769 
14  	 2 	 23 	 10.437324 	 0.000834 	 216.612633 
14  	 2 	 1 	 1.568158 	 0.714247 	 139963.553782 
15  	 2 	 14 	 9.509122 	 0.001223 	 317.409492 
15  	 2 	 7 	 9.785980 	 0.001089 	 282.647659 
15  	 2 	 3 	 7.548241 	 0.002990 	 775.401908 
15  	 2 	 16 	 8.360386 	 0.002040 	 529.125037 
15  	 2 	 5 	 7.757078 	 0.002762 	 716.234694 
15  	 2 	 25 	 5.663200 	 0.007998 	 2068.597049 
15  	 2 	 11 	 7.456614 	 0.003100 	 803.667586 
15  	 2 	 2 	 7.395177 	 0.003340 	 865.894425 
15  	 2 	 8 	 10.732458 	 0.000753 	 195.440688 
15  	 2 	 21 	 8.735381 	 0.001572 	 407.784360 
15  	 2 	 4 	 1.986272 	 0.603005 	 122540.228563 
15  	 2 	 17 	 9.903978 	 0.001024 	 265.910475 
15  	 2 	 13 	 1.938513 	 0.707436 	 138929.718639 
15  	 2 	 24 	 6.369394 	 0.006062 	 1569.363769 
15  	 2 	 23 	 10.437324 	 0.000834 	 216.612633 
15  	 2 	 1 	 1.568158 	 0.714247 	 139963.553782 
16  	 2 	 14 	 9.509122 	 0.001223 	 317.409492 
16  	 2 	 7 	 9.785980 	 0.001089 	 282.647659 
16  	 2 	 3 	 7.548241 	 0.002990 	 775.401908 
16  	 2 	 16 	 8.360386 	 0.002040 	 529.125037 
16  	 2 	 5 	 7.757078 	 0.002762 	 716.234694 
16  	 2 	 25 	 5.663200 	 0.007998 	 2068.597049 
16  	 2 	 11 	 7.456614 	 0.003100 	 803.667586 
16  	 2 	 2 	 7.395177 	 0.003340 	 865.894425 
16  	 2 	 8 	 10.732458 	 0.000753 	 195.440688 
16  	 2 	 21 	 8.735381 	 0.001572 	 407.784360 
16  	 2 	 4 	 1.986272 	 0.603005 	 122540.228563 
16  	 2 	 17 	 9.903978 	 0.001024 	 265.910475 
16  	 2 	 13 	 1.938513 	 0.707436 	 138929.718639 
16  	 2 	 24 	 6.369394 	 0.006062 	 1569.363769 
16  	 2 	 23 	 10.437324 	 0.000834 	 216.612633 
16  	 2 	 1 	 1.568158 	 0.714247 	 139963.553782 
17  	 2 	 14 	 9.509122 	 0.001223 	 317.409492 
17  	 2 	 7 	 9.785980 	 0.001089 	 282.647659 
17  	 2 	 3 	 7.548241 	 0.002990 	 775.401908 
17  	 2 	 16 	 8.360386 	 0.002040 	 529.125037 
17  	 2 	 5 	 7.757078 	 0.002762 	 716.234694 
17  	 2 	 25 	 5.663200 	 0.007998 	 2068.597049 
17  	 2 	 11 	 7.456614 	 0.003100 	 803.667586 
17  	 2 	 2 	 7.395177 	 0.003340 	 865.894425 
17  	 2 	 8 	 10.732458 	 0.000753 	 195.440688 
17  	 2 	 21 	 8.735381 	 0.001572 	 407.784360 
17  	 2 	 4 	 1.986272 	 0.603005 	 122540.228563 
17  	 2 	 17 	 9.903978 	 0.001024 	 265.910475 
17  	 2 	 13 	 1.938513 	 0.707436 	 138929.718639 
17  	 2 	 24 	 6.369394 	 0.006062 	 1569.363769 
17  	 2 	 23 	 10.437324 	 0.000834 	 216.612633 
17  	 2 	 1 	 1.568158 	 0.714247 	 139963.553782 
18  	 2 	 14 	 9.509122 	 0.001223 	 317.409492 
18  	 2 	 7 	 9.785980 	 0.001089 	 282.647659 
18  	 2 	 3 	 7.548241 	 0.002990 	 775.401908 
18  	 2 	 16 	 8.360386 	 0.002040 	 529.125037 
18  	 2 	 5 	 7.757078 	 0.002762 	 716.234694 
18  	 2 	 25 	 5.663200 	 0.007998 	 2068.597049 
18  	 2 	 11 	 7.456614 	 0.003100 	 803.667586 
18  	 2 	 2 	 7.395177 	 0.003340 	 865.894425 
18  	 2 	 8 	 10.732458 	 0.000753 	 195.440688 
18  	 2 	 21 	 8.735381 	 0.001572 	 407.784360 
18  	 2 	 4 	 1.986272 	 0.603005 	 122540.228563 
18  	 2 	 17 	 9.903978 	 0.001024 	 265.910475 
18  	 2 	 13 	 1.938513 	 0.707436 	 138929.718639 
18  	 2 	 24 	 6.369394 	 0.006062 	 1569.363769 
18  	 2 	 23 	 10.437324 	 0.000834 	 216.612633 
18  	 2 	 1 	 1.568158 	 0.714247 	 139963.553782 
19  	 2 	 14 	 9.509122 	 0.001223 	 317.409492 
19  	 2 	 7 	 9.785980 	 0.001089 	 282.647659 
19  	 2 	 3 	 7.548241 	 0.002990 	 775.401908 
19  	 2 	 16 	 8.360386 	 0.002040 	 529.125037 
19  	 2 	 5 	 7.757078 	 0.002762 	 716.234694 
19  	 2 	 25 	 5.663200 	 0.007998 	 2068.597049 
19  	 2 	 11 	 7.456614 	 0.003100 	 803.667586 
19  	 2 	 2 	 7.395177 	 0.003340 	 865.894425 
19  	 2 	 8 	 10.732458 	 0.000753 	 195.440688 
19  	 2 	 21 	 8.735381 	 0.001572 	 407.784360 
19  	 2 	 4 	 1.986272 	 0.603005 	 122540.228563 
19  	 2 	 17 	 9.903978 	 0.001024 	 265.910475 
19  	 2 	 13 	 1.938513 	 0.707436 	 138929.718639 
19  	 2 	 24 	 6.369394 	 0.006062 	 1569.363769 
19  	 2 	 23 	 10.437324 	 0.000834 	 216.612633 
19  	 2 	 1 	 1.568158 	 0.714247 	 139963.553782 
20  	 2 	 14 	 9.509122 	 0.001223 	 317.409492 
20  	 2 	 7 	 9.785980 	 0.001089 	 282.647659 
20  	 2 	 3 	 7.548241 	 0.002990 	 775.401908 
20  	 2 	 16 	 8.360386 	 0.002040 	 529.125037 
20  	 2 	 5 	 7.757078 	 0.002762 	 716.234694 
20  	 2 	 25 	 5.663200 	 0.007998 	 2068.597049 
20  	 2 	 11 	 7.456614 	 0.003100 	 803.667586 
20  	 2 	 2 	 7.395177 	 0.003340 	 865.894425 
20  	 2 	 8 	 10.732458 	 0.000753 	 195.440688 
20  	 2 	 21 	 8.735381 	 0.001572 	 407.784360 
20  	 2 	 4 	 1.986272 	 0.603005 	 122540.228563 
20  	 2 	 17 	 9.903978 	 0.001024 	 265.910475 
20  	 2 	 13 	 1.938513 	 0.707436 	 138929.718639 
20  	 2 	 24 	 6.369394 	 0.006062 	 1569.363769 
20  	 2 	 23 	 10.437324 	 0.000834 	 216.612633 
20  	 2 	 1 	 1.568158 	 0.714247 	 139963.553782 
21  	 2 	 14 	 9.509122 	 0.001223 	 317.409492 
21  	 2 	 7 	 9.785980 	 0.001089 	 282.647659 
21  	 2 	 3 	 7.548241 	 0.002990 	 775.401908 
21  	 2 	 16 	 8.360386 	 0.002040 	 529.125037 
21  	 2 	 5 	 7.757078 	 0.002762 	 716.234694 
21  	 2 	 25 	 5.663200 	 0.007998 	 2068.597049 
21  	 2 	 11 	 7.456614 	 0.003100 	 803.667586 
21  	 2 	 2 	 7.395177 	 0.003340 	 865.894425 
21  	 2 	 8 	 10.732458 	 0.000753 	 195.440688 
21  	 2 	 21 	 8.735381 	 0.001572 	 407.784360 
21  	 2 	 4 	 1.986272 	 0.603005 	 122540.228563 
21  	 2 	 17 	 9.903978 	 0.001024 	 265.910475 
21  	 2 	 13 	 1.938513 	 0.707436 	 138929.718639 
21  	 2 	 24 	 6.369394 	 0.006062 	 1569.363769 
21  	 2 	 23 	 10.437324 	 0.000834 	 216.612633 
21  	 2 	 1 	 1.568158 	 0.714247 	 139963.553782 
22  	 2 	 14 	 9.509122 	 0.001223 	 317.409492 
22  	 2 	 7 	 9.785980 	 0.001089 	 282.647659 
22  	 2 	 3 	 7.548241 	 0.002990 	 775.401908 
22  	 2 	 16 	 8.360386 	 0.002040 	 529.125037 
22  	 2 	 5 	 7.757078 	 0.002762 	 716.234694 
22  	 2 	 25 	 5.663200 	 0.007998 	 2068.597049 
22  	 2 	 11 	 7.456614 	 0.003100 	 803.667586 
22  	 2 	 2 	 7.395177 	 0.003340 	 865.894425 
22  	 2 	 8 	 10.732458 	 0.000753 	 195.440688 
22  	 2 	 21 	 8.735381 	 0.001572 	 407.784360 
22  	 2 	 4 	 1.986272 	 0.603005 	 122540.228563 
22  	 2 	 17 	 9.903978 	 0.001024 	 265.910475 
22  	 2 	 13 	 1.938513 	 0.707436 	 138929.718639 
22  	 2 	 24 	 6.369394 	 0.006062 	 1569.363769 
22  	 2 	 23 	 10.437324 	 0.000834 	 216.612633 
22  	 2 	 1 	 1.568158 	 0.714247 	 139963.553782 
23  	 2 	 14 	 9.509122 	 0.001223 	 317.409492 
23  	 2 	 7 	 9.785980 	 0.001089 	 282.647659 
23  	 2 	 3 	 7.548241 	 0.002990 	 775.401908 
23  	 2 	 16 	 8.360386 	 0.002040 	 529.125037 
23  	 2 	 5 	 7.757078 	 0.002762 	 716.234694 
23  	 2 	 25 	 5.663200 	 0.007998 	 2068.597049 
23  	 2 	 11 	 7.456614 	 0.003100 	 803.667586 
23  	 2 	 2 	 7.395177 	 0.003340 	 865.894425 
23  	 2 	 8 	 10.732458 	 0.000753 	 195.440688 
23  	 2 	 21 	 8.735381 	 0.001572 	 407.784360 
23  	 2 	 4 	 1.986272 	 0.603005 	 122540.228563 
23  	 2 	 17 	 9.903978 	 0.001024 	 265.910475 
23  	 2 	 13 	 1.938513 	 0.707436 	 138929.718639 
23  	 2 	 24 	 6.369394 	 0.006062 	 1569.363769 
23  	 2 	 23 	 10.437324 	 0.000834 	 216.612633 
23  	 2 	 1 	 1.568158 	 0.714247 	 139963.553782 
24  	 2 	 14 	 9.509122 	 0.001223 	 317.409492 
24  	 2 	 7 	 9.785980 	 0.001089 	 282.647659 
24  	 2 	 3 	 7.548241 	 0.002990 	 775.401908 
24  	 2 	 16 	 8.360386 	 0.002040 	 529.125037 
24  	 2 	 5 	 7.757078 	 0.002762 	 716.234694 
24  	 2 	 25 	 5.663200 	 0.007998 	 2068.597049 
24  	 2 	 11 	 7.456614 	 0.003100 	 803.667586 
24  	 2 	 2 	 7.395177 	 0.003340 	 865.894425 
24  	 2 	 8 	 10.732458 	 0.000753 	 195.440688 
24  	 2 	 21 	 8.735381 	 0.001572 	 407.784360 
24  	 2 	 4 	 1.986272 	 0.603005 	 122540.228563 
24  	 2 	 17 	 9.903978 	 0.001024 	 265.910475 
24  	 2 	 13 	 1.938513 	 0.707436 	 138929.718639 
24  	 2 	 24 	 6.369394 	 0.006062 	 1569.363769 
24  	 2 	 23 	 10.437324 	 0.000834 	 216.612633 
24  	 2 	 1 	 1.568158 	 0.714247 	 139963.553782 
25  	 2 	 14 	 9.509122 	 0.001223 	 317.409492 
25  	 2 	 7 	 9.785980 	 0.001089 	 282.647659 
25  	 2 	 3 	 7.548241 	 0.002990 	 775.401908 
25  	 2 	 16 	 8.360386 	 0.002040 	 529.125037 
25  	 2 	 5 	 7.757078 	 0.002762 	 716.234694 
25  	 2 	 25 	 5.663200 	 0.007998 	 2068.597049 
25  	 2 	 11 	 7.456614 	 0.003100 	 803.667586 
25  	 2 	 2 	 7.395177 	 0.003340 	 865.894425 
25  	 2 	 8 	 10.732458 	 0.000753 	 195.440688 
25  	 2 	 21 	 8.735381 	 0.001572 	 407.784360 
25  	 2 	 4 	 1.986272 	 0.603005 	 122540.228563 
25  	 2 	 17 	 9.903978 	 0.001024 	 265.910475 
25  	 2 	 13 	 1.938513 	 0.707436 	 138929.718639 
25  	 2 	 24 	 6.369394 	 0.006062 	 1569.363769 
25  	 2 	 23 	 10.437324 	 0.000834 	 216.612633 
25  	 2 	 1 	 1.568158 	 0.714247 	 139963.553782 
26  	 2 	 14 	 9.509122 	 0.001223 	 317.409492 
26  	 2 	 7 	 9.785980 	 0.001089 	 282.647659 
26  	 2 	 3 	 7.548241 	 0.002990 	 775.401908 
26  	 2 	 16 	 8.360386 	 0.002040 	 529.125037 
26  	 2 	 5 	 7.757078 	 0.002762 	 716.234694 
26  	 2 	 25 	 5.663200 	 0.007998 	 2068.597049 
26  	 2 	 11 	 7.456614 	 0.003100 	 803.667586 
26  	 2 	 2 	 7.395177 	 0.003340 	 865.894425 
26  	 2 	 8 	 10.732458 	 0.000753 	 195.440688 
26  	 2 	 21 	 8.735381 	 0.001572 	 407.784360 
26  	 2 	 4 	 1.986272 	 0.603005 	 122540.228563 
26  	 2 	 17 	 9.903978 	 0.001024 	 265.910475 
26  	 2 	 13 	 1.938513 	 0.707436 	 138929.718639 
26  	 2 	 24 	 6.369394 	 0.006062 	 1569.363769 
26  	 2 	 23 	 10.437324 	 0.000834 	 216.612633 
26  	 2 	 1 	 1.568158 	 0.714247 	 139963.553782 
27  	 2 	 14 	 9.509122 	 0.001223 	 317.409492 
27  	 2 	 7 	 9.785980 	 0.001089 	 282.647659 
27  	 2 	 3 	 7.548241 	 0.002990 	 775.401908 
27  	 2 	 16 	 8.360386 	 0.002040 	 529.125037 
27  	 2 	 5 	 7.757078 	 0.002762 	 716.234694 
27  	 2 	 25 	 5.663200 	 0.007998 	 2068.597049 
27  	 2 	 11 	 7.456614 	 0.003100 	 803.667586 
27  	 2 	 2 	 7.395177 	 0.003340 	 865.894425 
27  	 2 	 8 	 10.732458 	 0.000753 	 195.440688 
27  	 2 	 21 	 8.735381 	 0.001572 	 407.784360 
27  	 2 	 4 	 1.986272 	 0.603005 	 122540.228563 
27  	 2 	 17 	 9.903978 	 0.001024 	 265.910475 
27  	 2 	 13 	 1.938513 	 0.707436 	 138929.718639 
27  	 2 	 24 	 6.369394 	 0.006062 	 1569.363769 
27  	 2 	 23 	 10.437324 	 0.000834 	 216.612633 
27  	 2 	 1 	 1.568158 	 0.714247 	 139963.553782 
28  	 2 	 14 	 9.509122 	 0.001223 	 317.409492 
28  	 2 	 7 	 9.785980 	 0.001089 	 282.647659 
28  	 2 	 3 	 7.548241 	 0.002990 	 775.401908 
28  	 2 	 16 	 8.360386 	 0.002040 	 529.125037 
28  	 2 	 5 	 7.757078 	 0.002762 	 716.234694 
28  	 2 	 25 	 5.663200 	 0.007998 	 2068.597049 
28  	 2 	 11 	 7.456614 	 0.003100 	 803.667586 
28  	 2 	 2 	 7.395177 	 0.003340 	 865.894425 
28  	 2 	 8 	 10.732458 	 0.000753 	 195.440688 
28  	 2 	 21 	 8.735381 	 0.001572 	 407.784360 
28  	 2 	 4 	 1.986272 	 0.603005 	 122540.228563 
28  	 2 	 17 	 9.903978 	 0.001024 	 265.910475 
28  	 2 	 13 	 1.938513 	 0.707436 	 138929.718639 
28  	 2 	 24 	 6.369394 	 0.006062 	 1569.363769 
28  	 2 	 23 	 10.437324 	 0.000834 	 216.612633 
28  	 2 	 1 	 1.568158 	 0.714247 	 139963.553782 
29  	 2 	 14 	 9.509122 	 0.001223 	 317.409492 
29  	 2 	 7 	 9.785980 	 0.001089 	 282.647659 
29  	 2 	 3 	 7.548241 	 0.002990 	 775.401908 
29  	 2 	 16 	 8.360386 	 0.002040 	 529.125037 
29  	 2 	 5 	 7.757078 	 0.002762 	 716.234694 
29  	 2 	 25 	 5.663200 	 0.007998 	 2068.597049 
29  	 2 	 11 	 7.456614 	 0.003100 	 803.667586 
29  	 2 	 2 	 7.395177 	 0.003340 	 865.894425 
29  	 2 	 8 	 10.732458 	 0.000753 	 195.440688 
29  	 2 	 21 	 8.735381 	 0.001572 	 407.784360 
29  	 2 	 4 	 1.986272 	 0.603005 	 122540.228563 
29  	 2 	 17 	 9.903978 	 0.001024 	 265.910475 
29  	 2 	 13 	 1.938513 	 0.707436 	 138929.718639 
29  	 2 	 24 	 6.369394 	 0.006062 	 1569.363769 
29  	 2 	 23 	 10.437324 	 0.000834 	 216.612633 
29  	 2 	 1 	 1.568158 	 0.714247 	 139963.553782 
30  	 2 	 14 	 9.509122 	 0.001223 	 317.409492 
30  	 2 	 7 	 9.785980 	 0.001089 	 282.647659 
30  	 2 	 3 	 7.548241 	 0.002990 	 775.401908 
30  	 2 	 16 	 8.360386 	 0.002040 	 529.125037 
30  	 2 	 5 	 7.757078 	 0.002762 	 716.234694 
30  	 2 	 25 	 5.663200 	 0.007998 	 2068.597049 
30  	 2 	 11 	 7.456614 	 0.003100 	 803.667586 
30  	 2 	 2 	 7.395177 	 0.003340 	 865.894425 
30  	 2 	 8 	 10.732458 	 0.000753 	 195.440688 
30  	 2 	 21 	 8.735381 	 0.001572 	 407.784360 
30  	 2 	 4 	 1.986272 	 0.603005 	 122540.228563 
30  	 2 	 17 	 9.903978 	 0.001024 	 265.910475 
30  	 2 	 13 	 1.938513 	 0.707436 	 138929.718639 
30  	 2 	 24 	 6.369394 	 0.006062 	 1569.363769 
30  	 2 	 23 	 10.437324 	 0.000834 	 216.612633 
30  	 2 	 1 	 1.568158 	 0.714247 	 139963.553782 
31  	 2 	 14 	 9.509122 	 0.001223 	 317.409492 
31  	 2 	 7 	 9.785980 	 0.001089 	 282.647659 
31  	 2 	 3 	 7.548241 	 0.002990 	 775.401908 
31  	 2 	 16 	 8.360386 	 0.002040 	 529.125037 
31  	 2 	 5 	 7.757078 	 0.002762 	 716.234694 
31  	 2 	 25 	 5.663200 	 0.007998 	 2068.597049 
31  	 2 	 11 	 7.456614 	 0.003100 	 803.667586 
31  	 2 	 2 	 7.395177 	 0.003340 	 865.894425 
31  	 2 	 8 	 10.732458 	 0.000753 	 195.440688 
31  	 2 	 21 	 8.735381 	 0.001572 	 407.784360 
31  	 2 	 4 	 1.986272 	 0.603005 	 122540.228563 
31  	 2 	 17 	 9.903978 	 0.001024 	 265.910475 
31  	 2 	 13 	 1.938513 	 0.707436 	 138929.718639 
31  	 2 	 24 	 6.369394 	 0.006062 	 1569.363769 
31  	 2 	 23 	 10.437324 	 0.000834 	 216.612633 
31  	 2 	 1 	 1.568158 	 0.714247 	 139963.553782 
32  	 2 	 14 	 9.509122 	 0.001223 	 317.409492 
32  	 2 	 7 	 9.785980 	 0.001089 	 282.647659 
32  	 2 	 3 	 7.548241 	 0.002990 	 775.401908 
32  	 2 	 16 	 8.360386 	 0.002040 	 529.125037 
32  	 2 	 5 	 7.757078 	 0.002762 	 716.234694 
32  	 2 	 25 	 5.663200 	 0.007998 	 2068.597049 
32  	 2 	 11 	 7.456614 	 0.003100 	 803.667586 
32  	 2 	 2 	 7.395177 	 0.003340 	 865.894425 
32  	 2 	 8 	 10.732458 	 0.000753 	 195.440688 
32  	 2 	 21 	 8.735381 	 0.001572 	 407.784360 
32  	 2 	 4 	 1.986272 	 0.603005 	 122540.228563 
32  	 2 	 17 	 9.903978 	 0.001024 	 265.910475 
32  	 2 	 13 	 1.938513 	 0.707436 	 138929.718639 
32  	 2 	 24 	 6.369394 	 0.006062 	 1569.363769 
32  	 2 	 23 	 10.437324 	 0.000834 	 216.612633 
32  	 2 	 1 	 1.568158 	 0.714247 	 139963.553782 
33  	 2 	 14 	 9.509122 	 0.001223 	 317.409492 
33  	 2 	 7 	 9.785980 	 0.001089 	 282.647659 
33  	 2 	 3 	 7.548241 	 0.002990 	 775.401908 
33  	 2 	 16 	 8.360386 	 0.002040 	 529.125037 
33  	 2 	 5 	 7.757078 	 0.002762 	 716.234694 
33  	 2 	 25 	 5.663200 	 0.007998 	 2068.597049 
33  	 2 	 11 	 7.456614 	 0.003100 	 803.667586 
33  	 2 	 2 	 7.395177 	 0.003340 	 865.894425 
33  	 2 	 8 	 10.732458 	 0.000753 	 195.440688 
33  	 2 	 21 	 8.735381 	 0.001572 	 407.784360 
33  	 2 	 4 	 1.986272 	 0.603005 	 122540.228563 
33  	 2 	 17 	 9.903978 	 0.001024 	 265.910475 
33  	 2 	 13 	 1.938513 	 0.707436 	 138929.718639 
33  	 2 	 24 	 6.369394 	 0.006062 	 1569.363769 
33  	 2 	 23 	 10.437324 	 0.000834 	 216.612633 
33  	 2 	 1 	 1.568158 	 0.714247 	 139963.553782 
34  	 2 	 14 	 9.509122 	 0.001223 	 317.409492 
34  	 2 	 7 	 9.785980 	 0.001089 	 282.647659 
34  	 2 	 3 	 7.548241 	 0.002990 	 775.401908 
34  	 2 	 16 	 8.360386 	 0.002040 	 529.125037 
34  	 2 	 5 	 7.757078 	 0.002762 	 716.234694 
34  	 2 	 25 	 5.663200 	 0.007998 	 2068.597049 
34  	 2 	 11 	 7.456614 	 0.003100 	 803.667586 
34  	 2 	 2 	 7.395177 	 0.003340 	 865.894425 
34  	 2 	 8 	 10.732458 	 0.000753 	 195.440688 
34  	 2 	 21 	 8.735381 	 0.001572 	 407.784360 
34  	 2 	 4 	 1.986272 	 0.603005 	 122540.228563 
34  	 2 	 17 	 9.903978 	 0.001024 	 265.910475 
34  	 2 	 13 	 1.938513 	 0.707436 	 138929.718639 
34  	 2 	 24 	 6.369394 	 0.006062 	 1569.363769 
34  	 2 	 23 	 10.437324 	 0.000834 	 216.612633 
34  	 2 	 1 	 1.568158 	 0.714247 	 139963.553782 
35  	 2 	 14 	 9.509122 	 0.001223 	 317.409492 
35  	 2 	 7 	 9.785980 	 0.001089 	 282.647659 
35  	 2 	 3 	 7.548241 	 0.002990 	 775.401908 
35  	 2 	 16 	 8.360386 	 0.002040 	 529.125037 
35  	 2 	 5 	 7.757078 	 0.002762 	 716.234694 
35  	 2 	 25 	 5.663200 	 0.007998 	 2068.597049 
35  	 2 	 11 	 7.456614 	 0.003100 	 803.667586 
35  	 2 	 2 	 7.395177 	 0.003340 	 865.894425 
35  	 2 	 8 	 10.732458 	 0.000753 	 195.440688 
35  	 2 	 21 	 8.735381 	 0.001572 	 407.784360 
35  	 2 	 4 	 1.986272 	 0.603005 	 122540.228563 
35  	 2 	 17 	 9.903978 	 0.001024 	 265.910475 
35  	 2 	 13 	 1.938513 	 0.707436 	 138929.718639 
35  	 2 	 24 	 6.369394 	 0.006062 	 1569.363769 
35  	 2 	 23 	 10.437324 	 0.000834 	 216.612633 
35  	 2 	 1 	 1.568158 	 0.714247 	 139963.553782 
36  	 2 	 14 	 9.509122 	 0.001223 	 317.409492 
36  	 2 	 7 	 9.785980 	 0.001089 	 282.647659 
36  	 2 	 3 	 7.548241 	 0.002990 	 775.401908 
36  	 2 	 16 	 8.360386 	 0.002040 	 529.125037 
36  	 2 	 5 	 7.757078 	 0.002762 	 716.234694 
36  	 2 	 25 	 5.663200 	 0.007998 	 2068.597049 
36  	 2 	 11 	 7.456614 	 0.003100 	 803.667586 
36  	 2 	 2 	 7.395177 	 0.003340 	 865.894425 
36  	 2 	 8 	 10.732458 	 0.000753 	 195.440688 
36  	 2 	 21 	 8.735381 	 0.001572 	 407.784360 
36  	 2 	 4 	 1.986272 	 0.603005 	 122540.228563 
36  	 2 	 17 	 9.903978 	 0.001024 	 265.910475 
36  	 2 	 13 	 1.938513 	 0.707436 	 138929.718639 
36  	 2 	 24 	 6.369394 	 0.006062 	 1569.363769 
36  	 2 	 23 	 10.437324 	 0.000834 	 216.612633 
36  	 2 	 1 	 1.568158 	 0.714247 	 139963.553782 
37  	 2 	 14 	 9.509122 	 0.001223 	 317.409492 
37  	 2 	 7 	 9.785980 	 0.001089 	 282.647659 
37  	 2 	 3 	 7.548241 	 0.002990 	 775.401908 
37  	 2 	 16 	 8.360386 	 0.002040 	 529.125037 
37  	 2 	 5 	 7.757078 	 0.002762 	 716.234694 
37  	 2 	 25 	 5.663200 	 0.007998 	 2068.597049 
37  	 2 	 11 	 7.456614 	 0.003100 	 803.667586 
37  	 2 	 2 	 7.395177 	 0.003340 	 865.894425 
37  	 2 	 8 	 10.732458 	 0.000753 	 195.440688 
37  	 2 	 21 	 8.735381 	 0.001572 	 407.784360 
37  	 2 	 4 	 1.986272 	 0.603005 	 122540.228563 
37  	 2 	 17 	 9.903978 	 0.001024 	 265.910475 
37  	 2 	 13 	 1.938513 	 0.707436 	 138929.718639 
37  	 2 	 24 	 6.369394 	 0.006062 	 1569.363769 
37  	 2 	 23 	 10.437324 	 0.000834 	 216.612633 
37  	 2 	 1 	 1.568158 	 0.714247 	 139963.553782 
38  	 2 	 14 	 9.509122 	 0.001223 	 317.409492 
38  	 2 	 7 	 9.785980 	 0.001089 	 282.647659 
38  	 2 	 3 	 7.548241 	 0.002990 	 775.401908 
38  	 2 	 16 	 8.360386 	 0.002040 	 529.125037 
38  	 2 	 5 	 7.757078 	 0.002762 	 716.234694 
38  	 2 	 25 	 5.663200 	 0.007998 	 2068.597049 
38  	 2 	 11 	 7.456614 	 0.003100 	 803.667586 
38  	 2 	 2 	 7.395177 	 0.003340 	 865.894425 
38  	 2 	 8 	 10.732458 	 0.000753 	 195.440688 
38  	 2 	 21 	 8.735381 	 0.001572 	 407.784360 
38  	 2 	 4 	 1.986272 	 0.603005 	 122540.228563 
38  	 2 	 17 	 9.903978 	 0.001024 	 265.910475 
38  	 2 	 13 	 1.938513 	 0.707436 	 138929.718639 
38  	 2 	 24 	 6.369394 	 0.006062 	 1569.363769 
38  	 2 	 23 	 10.437324 	 0.000834 	 216.612633 
38  	 2 	 1 	 1.568158 	 0.714247 	 139963.553782 
39  	 2 	 14 	 9.509122 	 0.001223 	 317.409492 
39  	 2 	 7 	 9.785980 	 0.001089 	 282.647659 
39  	 2 	 3 	 7.548241 	 0.002990 	 775.401908 
39  	 2 	 16 	 8.360386 	 0.002040 	 529.125037 
39  	 2 	 5 	 7.757078 	 0.002762 	 716.234694 
39  	 2 	 25 	 5.663200 	 0.007998 	 2068.597049 
39  	 2 	 11 	 7.456614 	 0.003100 	 803.667586 
39  	 2 	 2 	 7.395177 	 0.003340 	 865.894425 
39  	 2 	 8 	 10.732458 	 0.000753 	 195.440688 
39  	 2 	 21 	 8.735381 	 0.001572 	 407.784360 
39  	 2 	 4 	 1.986272 	 0.603005 	 122540.228563 
39  	 2 	 17 	 9.903978 	 0.001024 	 265.910475 
39  	 2 	 13 	 1.938513 	 0.707436 	 138929.718639 
39  	 2 	 24 	 6.369394 	 0.006062 	 1569.363769 
39  	 2 	 23 	 10.437324 	 0.000834 	 216.612633 
39  	 2 	 1 	 1.568158 	 0.714247 	 139963.553782 
40  	 2 	 14 	 9.509122 	 0.001223 	 317.409492 
40  	 2 	 7 	 9.785980 	 0.001089 	 282.647659 
40  	 2 	 3 	 7.548241 	 0.002990 	 775.401908 
40  	 2 	 16 	 8.360386 	 0.002040 	 529.125037 
40  	 2 	 5 	 7.757078 	 0.002762 	 716.234694 
40  	 2 	 25 	 5.663200 	 0.007998 	 2068.597049 
40  	 2 	 11 	 7.456614 	 0.003100 	 803.667586 
40  	 2 	 2 	 7.395177 	 0.003340 	 865.894425 
40  	 2 	 8 	 10.732458 	 0.000753 	 195.440688 
40  	 2 	 21 	 8.735381 	 0.001572 	 407.784360 
40  	 2 	 4 	 1.986272 	 0.603005 	 122540.228563 
40  	 2 	 17 	 9.903978 	 0.001024 	 265.910475 
40  	 2 	 13 	 1.938513 	 0.707436 	 138929.718639 
40  	 2 	 24 	 6.369394 	 0.006062 	 1569.363769 
40  	 2 	 23 	 10.437324 	 0.000834 	 216.612633 
40  	 2 	 1 	 1.568158 	 0.714247 	 139963.553782 
41  	 2 	 14 	 9.509122 	 0.001223 	 317.409492 
41  	 2 	 7 	 9.785980 	 0.001089 	 282.647659 
41  	 2 	 3 	 7.548241 	 0.002990 	 775.401908 
41  	 2 	 16 	 8.360386 	 0.002040 	 529.125037 
41  	 2 	 5 	 7.757078 	 0.002762 	 716.234694 
41  	 2 	 25 	 5.663200 	 0.007998 	 2068.597049 
41  	 2 	 11 	 7.456614 	 0.003100 	 803.667586 
41  	 2 	 2 	 7.395177 	 0.003340 	 865.894425 
41  	 2 	 8 	 10.732458 	 0.000753 	 195.440688 
41  	 2 	 21 	 8.735381 	 0.001572 	 407.784360 
41  	 2 	 4 	 1.986272 	 0.603005 	 122540.228563 
41  	 2 	 17 	 9.903978 	 0.001024 	 265.910475 
41  	 2 	 13 	 1.938513 	 0.707436 	 138929.718639 
41  	 2 	 24 	 6.369394 	 0.006062 	 1569.363769 
41  	 2 	 23 	 10.437324 	 0.000834 	 216.612633 
41  	 2 	 1 	 1.568158 	 0.714247 	 139963.553782 
42  	 2 	 14 	 9.509122 	 0.001223 	 317.409492 
42  	 2 	 7 	 9.785980 	 0.001089 	 282.647659 
42  	 2 	 3 	 7.548241 	 0.002990 	 775.401908 
42  	 2 	 16 	 8.360386 	 0.002040 	 529.125037 
42  	 2 	 5 	 7.757078 	 0.002762 	 716.234694 
42  	 2 	 25 	 5.663200 	 0.007998 	 2068.597049 
42  	 2 	 11 	 7.456614 	 0.003100 	 803.667586 
42  	 2 	 2 	 7.395177 	 0.003340 	 865.894425 
42  	 2 	 8 	 10.732458 	 0.000753 	 195.440688 
42  	 2 	 21 	 8.735381 	 0.001572 	 407.784360 
42  	 2 	 4 	 1.986272 	 0.603005 	 122540.228563 
42  	 2 	 17 	 9.903978 	 0.001024 	 265.910475 
42  	 2 	 13 	 1.938513 	 0.707436 	 138929.718639 
42  	 2 	 24 	 6.369394 	 0.006062 	 1569.363769 
42  	 2 	 23 	 10.437324 	 0.000834 	 216.612633 
42  	 2 	 1 	 1.568158 	 0.714247 	 139963.553782 
43  	 2 	 14 	 9.509122 	 0.001223 	 317.409492 
43  	 2 	 7 	 9.785980 	 0.001089 	 282.647659 
43  	 2 	 3 	 7.548241 	 0.002990 	 775.401908 
43  	 2 	 16 	 8.360386 	 0.002040 	 529.125037 
43  	 2 	 5 	 7.757078 	 0.002762 	 716.234694 
43  	 2 	 25 	 5.663200 	 0.007998 	 2068.597049 
43  	 2 	 11 	 7.456614 	 0.003100 	 803.667586 
43  	 2 	 2 	 7.395177 	 0.003340 	 865.894425 
43  	 2 	 8 	 10.732458 	 0.000753 	 195.440688 
43  	 2 	 21 	 8.735381 	 0.001572 	 407.784360 
43  	 2 	 4 	 1.986272 	 0.603005 	 122540.228563 
43  	 2 	 17 	 9.903978 	 0.001024 	 265.910475 
43  	 2 	 13 	 1.938513 	 0.707436 	 138929.718639 
43  	 2 	 24 	 6.369394 	 0.006062 	 1569.363769 
43  	 2 	 23 	 10.437324 	 0.000834 	 216.612633 
43  	 2 	 1 	 1.568158 	 0.714247 	 139963.553782 
44  	 2 	 14 	 9.509122 	 0.001223 	 317.409492 
44  	 2 	 7 	 9.785980 	 0.001089 	 282.647659 
44  	 2 	 3 	 7.548241 	 0.002990 	 775.401908 
44  	 2 	 16 	 8.360386 	 0.002040 	 529.125037 
44  	 2 	 5 	 7.757078 	 0.002762 	 716.234694 
44  	 2 	 25 	 5.663200 	 0.007998 	 2068.597049 
44  	 2 	 11 	 7.456614 	 0.003100 	 803.667586 
44  	 2 	 2 	 7.395177 	 0.003340 	 865.894425 
44  	 2 	 8 	 10.732458 	 0.000753 	 195.440688 
44  	 2 	 21 	 8.735381 	 0.001572 	 407.784360 
44  	 2 	 4 	 1.986272 	 0.603005 	 122540.228563 
44  	 2 	 17 	 9.903978 	 0.001024 	 265.910475 
44  	 2 	 13 	 1.938513 	 0.707436 	 138929.718639 
44  	 2 	 24 	 6.369394 	 0.006062 	 1569.363769 
44  	 2 	 23 	 10.437324 	 0.000834 	 216.612633 
44  	 2 	 1 	 1.568158 	 0.714247 	 139963.553782 
45  	 2 	 14 	 9.509122 	 0.001223 	 317.409492 
45  	 2 	 7 	 9.785980 	 0.001089 	 282.647659 
45  	 2 	 3 	 7.548241 	 0.002990 	 775.401908 
45  	 2 	 16 	 8.360386 	 0.002040 	 529.125037 
45  	 2 	 5 	 7.757078 	 0.002762 	 716.234694 
45  	 2 	 25 	 5.663200 	 0.007998 	 2068.597049 
45  	 2 	 11 	 7.456614 	 0.003100 	 803.667586 
45  	 2 	 2 	 7.395177 	 0.003340 	 865.894425 
45  	 2 	 8 	 10.732458 	 0.000753 	 195.440688 
45  	 2 	 21 	 8.735381 	 0.001572 	 407.784360 
45  	 2 	 4 	 1.986272 	 0.603005 	 122540.228563 
45  	 2 	 17 	 9.903978 	 0.001024 	 265.910475 
45  	 2 	 13 	 1.938513 	 0.707436 	 138929.718639 
45  	 2 	 24 	 6.369394 	 0.006062 	 1569.363769 
45  	 2 	 23 	 10.437324 	 0.000834 	 216.612633 
45  	 2 	 1 	 1.568158 	 0.714247 	 139963.553782 
46  	 2 	 14 	 9.509122 	 0.001223 	 317.409492 
46  	 2 	 7 	 9.785980 	 0.001089 	 282.647659 
46  	 2 	 3 	 7.548241 	 0.002990 	 775.401908 
46  	 2 	 16 	 8.360386 	 0.002040 	 529.125037 
46  	 2 	 5 	 7.757078 	 0.002762 	 716.234694 
46  	 2 	 25 	 5.663200 	 0.007998 	 2068.597049 
46  	 2 	 11 	 7.456614 	 0.003100 	 803.667586 
46  	 2 	 2 	 7.395177 	 0.003340 	 865.894425 
46  	 2 	 8 	 10.732458 	 0.000753 	 195.440688 
46  	 2 	 21 	 8.735381 	 0.001572 	 407.784360 
46  	 2 	 4 	 1.986272 	 0.603005 	 122540.228563 
46  	 2 	 17 	 9.903978 	 0.001024 	 265.910475 
46  	 2 	 13 	 1.938513 	 0.707436 	 138929.718639 
46  	 2 	 24 	 6.369394 	 0.006062 	 1569.363769 
46  	 2 	 23 	 10.437324 	 0.000834 	 216.612633 
46  	 2 	 1 	 1.568158 	 0.714247 	 139963.553782 
47  	 2 	 14 	 9.509122 	 0.001223 	 317.409492 
47  	 2 	 7 	 9.785980 	 0.001089 	 282.647659 
47  	 2 	 3 	 7.548241 	 0.002990 	 775.401908 
47  	 2 	 16 	 8.360386 	 0.002040 	 529.125037 
47  	 2 	 5 	 7.757078 	 0.002762 	 716.234694 
47  	 2 	 25 	 5.663200 	 0.007998 	 2068.597049 
47  	 2 	 11 	 7.456614 	 0.003100 	 803.667586 
47  	 2 	 2 	 7.395177 	 0.003340 	 865.894425 
47  	 2 	 8 	 10.732458 	 0.000753 	 195.440688 
47  	 2 	 21 	 8.735381 	 0.001572 	 407.784360 
47  	 2 	 4 	 1.986272 	 0.603005 	 122540.228563 
47  	 2 	 17 	 9.903978 	 0.001024 	 265.910475 
47  	 2 	 13 	 1.938513 	 0.707436 	 138929.718639 
47  	 2 	 24 	 6.369394 	 0.006062 	 1569.363769 
47  	 2 	 23 	 10.437324 	 0.000834 	 216.612633 
47  	 2 	 1 	 1.568158 	 0.714247 	 139963.553782 
48  	 2 	 14 	 9.509122 	 0.001223 	 317.409492 
48  	 2 	 7 	 9.785980 	 0.001089 	 282.647659 
48  	 2 	 3 	 7.548241 	 0.002990 	 775.401908 
48  	 2 	 16 	 8.360386 	 0.002040 	 529.125037 
48  	 2 	 5 	 7.757078 	 0.002762 	 716.234694 
48  	 2 	 25 	 5.663200 	 0.007998 	 2068.597049 
48  	 2 	 11 	 7.456614 	 0.003100 	 803.667586 
48  	 2 	 2 	 7.395177 	 0.003340 	 865.894425 
48  	 2 	 8 	 10.732458 	 0.000753 	 195.440688 
48  	 2 	 21 	 8.735381 	 0.001572 	 407.784360 
48  	 2 	 4 	 1.986272 	 0.603005 	 122540.228563 
48  	 2 	 17 	 9.903978 	 0.001024 	 265.910475 
48  	 2 	 13 	 1.938513 	 0.707436 	 138929.718639 
48  	 2 	 24 	 6.369394 	 0.006062 	 1569.363769 
48  	 2 	 23 	 10.437324 	 0.000834 	 216.612633 
48  	 2 	 1 	 1.568158 	 0.714247 	 139963.553782 
49  	 2 	 14 	 9.509122 	 0.001223 	 317.409492 
49  	 2 	 7 	 9.785980 	 0.001089 	 282.647659 
49  	 2 	 3 	 7.548241 	 0.002990 	 775.401908 
49  	 2 	 16 	 8.360386 	 0.002040 	 529.125037 
49  	 2 	 5 	 7.757078 	 0.002762 	 716.234694 
49  	 2 	 25 	 5.663200 	 0.007998 	 2068.597049 
49  	 2 	 11 	 7.456614 	 0.003100 	 803.667586 
49  	 2 	 2 	 7.395177 	 0.003340 	 865.894425 
49  	 2 	 8 	 10.732458 	 0.000753 	 195.440688 
49  	 2 	 21 	 8.735381 	 0.001572 	 407.784360 
49  	 2 	 4 	 1.986272 	 0.603005 	 122540.228563 
49  	 2 	 17 	 9.903978 	 0.001024 	 265.910475 
49  	 2 	 13 	 1.938513 	 0.707436 	 138929.718639 
49  	 2 	 24 	 6.369394 	 0.006062 	 1569.363769 
49  	 2 	 23 	 10.437324 	 0.000834 	 216.612633 
49  	 2 	 1 	 1.568158 	 0.714247 	 139963.553782 
50  	 2 	 14 	 9.509122 	 0.001223 	 317.409492 
50  	 2 	 7 	 9.785980 	 0.001089 	 282.647659 
50  	 2 	 3 	 7.548241 	 0.002990 	 775.401908 
50  	 2 	 16 	 8.360386 	 0.002040 	 529.125037 
50  	 2 	 5 	 7.757078 	 0.002762 	 716.234694 
50  	 2 	 25 	 5.663200 	 0.007998 	 2068.597049 
50  	 2 	 11 	 7.456614 	 0.003100 	 803.667586 
50  	 2 	 2 	 7.395177 	 0.003340 	 865.894425 
50  	 2 	 8 	 10.732458 	 0.000753 	 195.440688 
50  	 2 	 21 	 8.735381 	 0.001572 	 407.784360 
50  	 2 	 4 	 1.986272 	 0.603005 	 122540.228563 
50  	 2 	 17 	 9.903978 	 0.001024 	 265.910475 
50  	 2 	 13 	 1.938513 	 0.707436 	 138929.718639 
50  	 2 	 24 	 6.369394 	 0.006062 	 1569.363769 
50  	 2 	 23 	 10.437324 	 0.000834 	 216.612633 
50  	 2 	 1 	 1.568158 	 0.714247 	 139963.553782 
51  	 2 	 14 	 9.509122 	 0.001223 	 317.409492 
51  	 2 	 7 	 9.785980 	 0.001089 	 282.647659 
51  	 2 	 3 	 7.548241 	 0.002990 	 775.401908 
51  	 2 	 16 	 8.360386 	 0.002040 	 529.125037 
51  	 2 	 5 	 7.757078 	 0.002762 	 716.234694 
51  	 2 	 25 	 5.663200 	 0.007998 	 2068.597049 
51  	 2 	 11 	 7.456614 	 0.003100 	 803.667586 
51  	 2 	 2 	 7.395177 	 0.003340 	 865.894425 
51  	 2 	 8 	 10.732458 	 0.000753 	 195.440688 
51  	 2 	 21 	 8.735381 	 0.001572 	 407.784360 
51  	 2 	 4 	 1.986272 	 0.603005 	 122540.228563 
51  	 2 	 17 	 9.903978 	 0.001024 	 265.910475 
51  	 2 	 13 	 1.938513 	 0.707436 	 138929.718639 
51  	 2 	 24 	 6.369394 	 0.006062 	 1569.363769 
51  	 2 	 23 	 10.437324 	 0.000834 	 216.612633 
51  	 2 	 1 	 1.568158 	 0.714247 	 139963.553782 
52  	 2 	 14 	 9.509122 	 0.001223 	 317.409492 
52  	 2 	 7 	 9.785980 	 0.001089 	 282.647659 
52  	 2 	 3 	 7.548241 	 0.002990 	 775.401908 
52  	 2 	 16 	 8.360386 	 0.002040 	 529.125037 
52  	 2 	 5 	 7.757078 	 0.002762 	 716.234694 
52  	 2 	 25 	 5.663200 	 0.007998 	 2068.597049 
52  	 2 	 11 	 7.456614 	 0.003100 	 803.667586 
52  	 2 	 2 	 7.395177 	 0.003340 	 865.894425 
52  	 2 	 8 	 10.732458 	 0.000753 	 195.440688 
52  	 2 	 21 	 8.735381 	 0.001572 	 407.784360 
52  	 2 	 4 	 1.986272 	 0.603005 	 122540.228563 
52  	 2 	 17 	 9.903978 	 0.001024 	 265.910475 
52  	 2 	 13 	 1.938513 	 0.707436 	 138929.718639 
52  	 2 	 24 	 6.369394 	 0.006062 	 1569.363769 
52  	 2 	 23 	 10.437324 	 0.000834 	 216.612633 
52  	 2 	 1 	 1.568158 	 0.714247 	 139963.553782 
53  	 2 	 14 	 9.509122 	 0.001223 	 317.409492 
53  	 2 	 7 	 9.785980 	 0.001089 	 282.647659 
53  	 2 	 3 	 7.548241 	 0.002990 	 775.401908 
53  	 2 	 16 	 8.360386 	 0.002040 	 529.125037 
53  	 2 	 5 	 7.757078 	 0.002762 	 716.234694 
53  	 2 	 25 	 5.663200 	 0.007998 	 2068.597049 
53  	 2 	 11 	 7.456614 	 0.003100 	 803.667586 
53  	 2 	 2 	 7.395177 	 0.003340 	 865.894425 
53  	 2 	 8 	 10.732458 	 0.000753 	 195.440688 
53  	 2 	 21 	 8.735381 	 0.001572 	 407.784360 
53  	 2 	 4 	 1.986272 	 0.603005 	 122540.228563 
53  	 2 	 17 	 9.903978 	 0.001024 	 265.910475 
53  	 2 	 13 	 1.938513 	 0.707436 	 138929.718639 
53  	 2 	 24 	 6.369394 	 0.006062 	 1569.363769 
53  	 2 	 23 	 10.437324 	 0.000834 	 216.612633 
53  	 2 	 1 	 1.568158 	 0.714247 	 139963.553782 
54  	 2 	 14 	 9.509122 	 0.001223 	 317.409492 
54  	 2 	 7 	 9.785980 	 0.001089 	 282.647659 
54  	 2 	 3 	 7.548241 	 0.002990 	 775.401908 
54  	 2 	 16 	 8.360386 	 0.002040 	 529.125037 
54  	 2 	 5 	 7.757078 	 0.002762 	 716.234694 
54  	 2 	 25 	 5.663200 	 0.007998 	 2068.597049 
54  	 2 	 11 	 7.456614 	 0.003100 	 803.667586 
54  	 2 	 2 	 7.395177 	 0.003340 	 865.894425 
54  	 2 	 8 	 10.732458 	 0.000753 	 195.440688 
54  	 2 	 21 	 8.735381 	 0.001572 	 407.784360 
54  	 2 	 4 	 1.986272 	 0.603005 	 122540.228563 
54  	 2 	 17 	 9.903978 	 0.001024 	 265.910475 
54  	 2 	 13 	 1.938513 	 0.707436 	 138929.718639 
54  	 2 	 24 	 6.369394 	 0.006062 	 1569.363769 
54  	 2 	 23 	 10.437324 	 0.000834 	 216.612633 
54  	 2 	 1 	 1.568158 	 0.714247 	 139963.553782 
55  	 2 	 14 	 9.509122 	 0.001223 	 317.409492 
55  	 2 	 7 	 9.785980 	 0.001089 	 282.647659 
55  	 2 	 3 	 7.548241 	 0.002990 	 775.401908 
55  	 2 	 16 	 8.360386 	 0.002040 	 529.125037 
55  	 2 	 5 	 7.757078 	 0.002762 	 716.234694 
55  	 2 	 25 	 5.663200 	 0.007998 	 2068.597049 
55  	 2 	 11 	 7.456614 	 0.003100 	 803.667586 
55  	 2 	 2 	 7.395177 	 0.003340 	 865.894425 
55  	 2 	 8 	 10.732458 	 0.000753 	 195.440688 
55  	 2 	 21 	 8.735381 	 0.001572 	 407.784360 
55  	 2 	 4 	 1.986272 	 0.603005 	 122540.228563 
55  	 2 	 17 	 9.903978 	 0.001024 	 265.910475 
55  	 2 	 13 	 1.938513 	 0.707436 	 138929.718639 
55  	 2 	 24 	 6.369394 	 0.006062 	 1569.363769 
55  	 2 	 23 	 10.437324 	 0.000834 	 216.612633 
55  	 2 	 1 	 1.568158 	 0.714247 	 139963.553782 
56  	 2 	 14 	 9.509122 	 0.001223 	 317.409492 
56  	 2 	 7 	 9.785980 	 0.001089 	 282.647659 
56  	 2 	 3 	 7.548241 	 0.002990 	 775.401908 
56  	 2 	 16 	 8.360386 	 0.002040 	 529.125037 
56  	 2 	 5 	 7.757078 	 0.002762 	 716.234694 
56  	 2 	 25 	 5.663200 	 0.007998 	 2068.597049 
56  	 2 	 11 	 7.456614 	 0.003100 	 803.667586 
56  	 2 	 2 	 7.395177 	 0.003340 	 865.894425 
56  	 2 	 8 	 10.732458 	 0.000753 	 195.440688 
56  	 2 	 21 	 8.735381 	 0.001572 	 407.784360 
56  	 2 	 4 	 1.986272 	 0.603005 	 122540.228563 
56  	 2 	 17 	 9.903978 	 0.001024 	 265.910475 
56  	 2 	 13 	 1.938513 	 0.707436 	 138929.718639 
56  	 2 	 24 	 6.369394 	 0.006062 	 1569.363769 
56  	 2 	 23 	 10.437324 	 0.000834 	 216.612633 
56  	 2 	 1 	 1.568158 	 0.714247 	 139963.553782 
57  	 2 	 14 	 9.509122 	 0.001223 	 317.409492 
57  	 2 	 7 	 9.785980 	 0.001089 	 282.647659 
57  	 2 	 3 	 7.548241 	 0.002990 	 775.401908 
57  	 2 	 16 	 8.360386 	 0.002040 	 529.125037 
57  	 2 	 5 	 7.757078 	 0.002762 	 716.234694 
57  	 2 	 25 	 5.663200 	 0.007998 	 2068.597049 
57  	 2 	 11 	 7.456614 	 0.003100 	 803.667586 
57  	 2 	 2 	 7.395177 	 0.003340 	 865.894425 
57  	 2 	 8 	 10.732458 	 0.000753 	 195.440688 
57  	 2 	 21 	 8.735381 	 0.001572 	 407.784360 
57  	 2 	 4 	 1.986272 	 0.603005 	 122540.228563 
57  	 2 	 17 	 9.903978 	 0.001024 	 265.910475 
57  	 2 	 13 	 1.938513 	 0.707436 	 138929.718639 
57  	 2 	 24 	 6.369394 	 0.006062 	 1569.363769 
57  	 2 	 23 	 10.437324 	 0.000834 	 216.612633 
57  	 2 	 1 	 1.568158 	 0.714247 	 139963.553782 
58  	 2 	 14 	 9.509122 	 0.001223 	 317.409492 
58  	 2 	 7 	 9.785980 	 0.001089 	 282.647659 
58  	 2 	 3 	 7.548241 	 0.002990 	 775.401908 
58  	 2 	 16 	 8.360386 	 0.002040 	 529.125037 
58  	 2 	 5 	 7.757078 	 0.002762 	 716.234694 
58  	 2 	 25 	 5.663200 	 0.007998 	 2068.597049 
58  	 2 	 11 	 7.456614 	 0.003100 	 803.667586 
58  	 2 	 2 	 7.395177 	 0.003340 	 865.894425 
58  	 2 	 8 	 10.732458 	 0.000753 	 195.440688 
58  	 2 	 21 	 8.735381 	 0.001572 	 407.784360 
58  	 2 	 4 	 1.986272 	 0.603005 	 122540.228563 
58  	 2 	 17 	 9.903978 	 0.001024 	 265.910475 
58  	 2 	 13 	 1.938513 	 0.707436 	 138929.718639 
58  	 2 	 24 	 6.369394 	 0.006062 	 1569.363769 
58  	 2 	 23 	 10.437324 	 0.000834 	 216.612633 
58  	 2 	 1 	 1.568158 	 0.714247 	 139963.553782 
59  	 2 	 14 	 9.509122 	 0.001223 	 317.409492 
59  	 2 	 7 	 9.785980 	 0.001089 	 282.647659 
59  	 2 	 3 	 7.548241 	 0.002990 	 775.401908 
59  	 2 	 16 	 8.360386 	 0.002040 	 529.125037 
59  	 2 	 5 	 7.757078 	 0.002762 	 716.234694 
59  	 2 	 25 	 5.663200 	 0.007998 	 2068.597049 
59  	 2 	 11 	 7.456614 	 0.003100 	 803.667586 
59  	 2 	 2 	 7.395177 	 0.003340 	 865.894425 
59  	 2 	 8 	 10.732458 	 0.000753 	 195.440688 
59  	 2 	 21 	 8.735381 	 0.001572 	 407.784360 
59  	 2 	 4 	 1.986272 	 0.603005 	 122540.228563 
59  	 2 	 17 	 9.903978 	 0.001024 	 265.910475 
59  	 2 	 13 	 1.938513 	 0.707436 	 138929.718639 
59  	 2 	 24 	 6.369394 	 0.006062 	 1569.363769 
59  	 2 	 23 	 10.437324 	 0.000834 	 216.612633 
59  	 2 	 1 	 1.568158 	 0.714247 	 139963.553782 
60  	 2 	 14 	 9.509122 	 0.001223 	 317.409492 
60  	 2 	 7 	 9.785980 	 0.001089 	 282.647659 
60  	 2 	 3 	 7.548241 	 0.002990 	 775.401908 
60  	 2 	 16 	 8.360386 	 0.002040 	 529.125037 
60  	 2 	 5 	 7.757078 	 0.002762 	 716.234694 
60  	 2 	 25 	 5.663200 	 0.007998 	 2068.597049 
60  	 2 	 11 	 7.456614 	 0.003100 	 803.667586 
60  	 2 	 2 	 7.395177 	 0.003340 	 865.894425 
60  	 2 	 8 	 10.732458 	 0.000753 	 195.440688 
60  	 2 	 21 	 8.735381 	 0.001572 	 407.784360 
60  	 2 	 4 	 1.986272 	 0.603005 	 122540.228563 
60  	 2 	 17 	 9.903978 	 0.001024 	 265.910475 
60  	 2 	 13 	 1.938513 	 0.707436 	 138929.718639 
60  	 2 	 24 	 6.369394 	 0.006062 	 1569.363769 
60  	 2 	 23 	 10.437324 	 0.000834 	 216.612633 
60  	 2 	 1 	 1.568158 	 0.714247 	 139963.553782 
61  	 2 	 14 	 9.509122 	 0.001223 	 317.409492 
61  	 2 	 7 	 9.785980 	 0.001089 	 282.647659 
61  	 2 	 3 	 7.548241 	 0.002990 	 775.401908 
61  	 2 	 16 	 8.360386 	 0.002040 	 529.125037 
61  	 2 	 5 	 7.757078 	 0.002762 	 716.234694 
61  	 2 	 25 	 5.663200 	 0.007998 	 2068.597049 
61  	 2 	 11 	 7.456614 	 0.003100 	 803.667586 
61  	 2 	 2 	 7.395177 	 0.003340 	 865.894425 
61  	 2 	 8 	 10.732458 	 0.000753 	 195.440688 
61  	 2 	 21 	 8.735381 	 0.001572 	 407.784360 
61  	 2 	 4 	 1.986272 	 0.603005 	 122540.228563 
61  	 2 	 17 	 9.903978 	 0.001024 	 265.910475 
61  	 2 	 13 	 1.938513 	 0.707436 	 138929.718639 
61  	 2 	 24 	 6.369394 	 0.006062 	 1569.363769 
61  	 2 	 23 	 10.437324 	 0.000834 	 216.612633 
61  	 2 	 1 	 1.568158 	 0.714247 	 139963.553782 
62  	 2 	 14 	 9.509122 	 0.001223 	 317.409492 
62  	 2 	 7 	 9.785980 	 0.001089 	 282.647659 
62  	 2 	 3 	 7.548241 	 0.002990 	 775.401908 
62  	 2 	 16 	 8.360386 	 0.002040 	 529.125037 
62  	 2 	 5 	 7.757078 	 0.002762 	 716.234694 
62  	 2 	 25 	 5.663200 	 0.007998 	 2068.597049 
62  	 2 	 11 	 7.456614 	 0.003100 	 803.667586 
62  	 2 	 2 	 7.395177 	 0.003340 	 865.894425 
62  	 2 	 8 	 10.732458 	 0.000753 	 195.440688 
62  	 2 	 21 	 8.735381 	 0.001572 	 407.784360 
62  	 2 	 4 	 1.986272 	 0.603005 	 122540.228563 
62  	 2 	 17 	 9.903978 	 0.001024 	 265.910475 
62  	 2 	 13 	 1.938513 	 0.707436 	 138929.718639 
62  	 2 	 24 	 6.369394 	 0.006062 	 1569.363769 
62  	 2 	 23 	 10.437324 	 0.000834 	 216.612633 
62  	 2 	 1 	 1.568158 	 0.714247 	 139963.553782 
63  	 2 	 14 	 9.509122 	 0.001223 	 317.409492 
63  	 2 	 7 	 9.785980 	 0.001089 	 282.647659 
63  	 2 	 3 	 7.548241 	 0.002990 	 775.401908 
63  	 2 	 16 	 8.360386 	 0.002040 	 529.125037 
63  	 2 	 5 	 7.757078 	 0.002762 	 716.234694 
63  	 2 	 25 	 5.663200 	 0.007998 	 2068.597049 
63  	 2 	 11 	 7.456614 	 0.003100 	 803.667586 
63  	 2 	 2 	 7.395177 	 0.003340 	 865.894425 
63  	 2 	 8 	 10.732458 	 0.000753 	 195.440688 
63  	 2 	 21 	 8.735381 	 0.001572 	 407.784360 
63  	 2 	 4 	 1.986272 	 0.603005 	 122540.228563 
63  	 2 	 17 	 9.903978 	 0.001024 	 265.910475 
63  	 2 	 13 	 1.938513 	 0.707436 	 138929.718639 
63  	 2 	 24 	 6.369394 	 0.006062 	 1569.363769 
63  	 2 	 23 	 10.437324 	 0.000834 	 216.612633 
63  	 2 	 1 	 1.568158 	 0.714247 	 139963.553782 
64  	 2 	 14 	 9.509122 	 0.001223 	 317.409492 
64  	 2 	 7 	 9.785980 	 0.001089 	 282.647659 
64  	 2 	 3 	 7.548241 	 0.002990 	 775.401908 
64  	 2 	 16 	 8.360386 	 0.002040 	 529.125037 
64  	 2 	 5 	 7.757078 	 0.002762 	 716.234694 
64  	 2 	 25 	 5.663200 	 0.007998 	 2068.597049 
64  	 2 	 11 	 7.456614 	 0.003100 	 803.667586 
64  	 2 	 2 	 7.395177 	 0.003340 	 865.894425 
64  	 2 	 8 	 10.732458 	 0.000753 	 195.440688 
64  	 2 	 21 	 8.735381 	 0.001572 	 407.784360 
64  	 2 	 4 	 1.986272 	 0.603005 	 122540.228563 
64  	 2 	 17 	 9.903978 	 0.001024 	 265.910475 
64  	 2 	 13 	 1.938513 	 0.707436 	 138929.718639 
64  	 2 	 24 	 6.369394 	 0.006062 	 1569.363769 
64  	 2 	 23 	 10.437324 	 0.000834 	 216.612633 
64  	 2 	 1 	 1.568158 	 0.714247 	 139963.553782 
65  	 2 	 14 	 9.509122 	 0.001223 	 317.409492 
65  	 2 	 7 	 9.785980 	 0.001089 	 282.647659 
65  	 2 	 3 	 7.548241 	 0.002990 	 775.401908 
65  	 2 	 16 	 8.360386 	 0.002040 	 529.125037 
65  	 2 	 5 	 7.757078 	 0.002762 	 716.234694 
65  	 2 	 25 	 5.663200 	 0.007998 	 2068.597049 
65  	 2 	 11 	 7.456614 	 0.003100 	 803.667586 
65  	 2 	 2 	 7.395177 	 0.003340 	 865.894425 
65  	 2 	 8 	 10.732458 	 0.000753 	 195.440688 
65  	 2 	 21 	 8.735381 	 0.001572 	 407.784360 
65  	 2 	 4 	 1.986272 	 0.603005 	 122540.228563 
65  	 2 	 17 	 9.903978 	 0.001024 	 265.910475 
65  	 2 	 13 	 1.938513 	 0.707436 	 138929.718639 
65  	 2 	 24 	 6.369394 	 0.006062 	 1569.363769 
65  	 2 	 23 	 10.437324 	 0.000834 	 216.612633 
65  	 2 	 1 	 1.568158 	 0.714247 	 139963.553782 
66  	 2 	 14 	 9.509122 	 0.001223 	 317.409492 
66  	 2 	 7 	 9.785980 	 0.001089 	 282.647659 
66  	 2 	 3 	 7.548241 	 0.002990 	 775.401908 
66  	 2 	 16 	 8.360386 	 0.002040 	 529.125037 
66  	 2 	 5 	 7.757078 	 0.002762 	 716.234694 
66  	 2 	 25 	 5.663200 	 0.007998 	 2068.597049 
66  	 2 	 11 	 7.456614 	 0.003100 	 803.667586 
66  	 2 	 2 	 7.395177 	 0.003340 	 865.894425 
66  	 2 	 8 	 10.732458 	 0.000753 	 195.440688 
66  	 2 	 21 	 8.735381 	 0.001572 	 407.784360 
66  	 2 	 4 	 1.986272 	 0.603005 	 122540.228563 
66  	 2 	 17 	 9.903978 	 0.001024 	 265.910475 
66  	 2 	 13 	 1.938513 	 0.707436 	 138929.718639 
66  	 2 	 24 	 6.369394 	 0.006062 	 1569.363769 
66  	 2 	 23 	 10.437324 	 0.000834 	 216.612633 
66  	 2 	 1 	 1.568158 	 0.714247 	 139963.553782 
67  	 2 	 14 	 9.509122 	 0.001223 	 317.409492 
67  	 2 	 7 	 9.785980 	 0.001089 	 282.647659 
67  	 2 	 3 	 7.548241 	 0.002990 	 775.401908 
67  	 2 	 16 	 8.360386 	 0.002040 	 529.125037 
67  	 2 	 5 	 7.757078 	 0.002762 	 716.234694 
67  	 2 	 25 	 5.663200 	 0.007998 	 2068.597049 
67  	 2 	 11 	 7.456614 	 0.003100 	 803.667586 
67  	 2 	 2 	 7.395177 	 0.003340 	 865.894425 
67  	 2 	 8 	 10.732458 	 0.000753 	 195.440688 
67  	 2 	 21 	 8.735381 	 0.001572 	 407.784360 
67  	 2 	 4 	 1.986272 	 0.603005 	 122540.228563 
67  	 2 	 17 	 9.903978 	 0.001024 	 265.910475 
67  	 2 	 13 	 1.938513 	 0.707436 	 138929.718639 
67  	 2 	 24 	 6.369394 	 0.006062 	 1569.363769 
67  	 2 	 23 	 10.437324 	 0.000834 	 216.612633 
67  	 2 	 1 	 1.568158 	 0.714247 	 139963.553782 
68  	 2 	 14 	 9.509122 	 0.001223 	 317.409492 
68  	 2 	 7 	 9.785980 	 0.001089 	 282.647659 
68  	 2 	 3 	 7.548241 	 0.002990 	 775.401908 
68  	 2 	 16 	 8.360386 	 0.002040 	 529.125037 
68  	 2 	 5 	 7.757078 	 0.002762 	 716.234694 
68  	 2 	 25 	 5.663200 	 0.007998 	 2068.597049 
68  	 2 	 11 	 7.456614 	 0.003100 	 803.667586 
68  	 2 	 2 	 7.395177 	 0.003340 	 865.894425 
68  	 2 	 8 	 10.732458 	 0.000753 	 195.440688 
68  	 2 	 21 	 8.735381 	 0.001572 	 407.784360 
68  	 2 	 4 	 1.986272 	 0.603005 	 122540.228563 
68  	 2 	 17 	 9.903978 	 0.001024 	 265.910475 
68  	 2 	 13 	 1.938513 	 0.707436 	 138929.718639 
68  	 2 	 24 	 6.369394 	 0.006062 	 1569.363769 
68  	 2 	 23 	 10.437324 	 0.000834 	 216.612633 
68  	 2 	 1 	 1.568158 	 0.714247 	 139963.553782 
69  	 2 	 14 	 9.509122 	 0.001223 	 317.409492 
69  	 2 	 7 	 9.785980 	 0.001089 	 282.647659 
69  	 2 	 3 	 7.548241 	 0.002990 	 775.401908 
69  	 2 	 16 	 8.360386 	 0.002040 	 529.125037 
69  	 2 	 5 	 7.757078 	 0.002762 	 716.234694 
69  	 2 	 25 	 5.663200 	 0.007998 	 2068.597049 
69  	 2 	 11 	 7.456614 	 0.003100 	 803.667586 
69  	 2 	 2 	 7.395177 	 0.003340 	 865.894425 
69  	 2 	 8 	 10.732458 	 0.000753 	 195.440688 
69  	 2 	 21 	 8.735381 	 0.001572 	 407.784360 
69  	 2 	 4 	 1.986272 	 0.603005 	 122540.228563 
69  	 2 	 17 	 9.903978 	 0.001024 	 265.910475 
69  	 2 	 13 	 1.938513 	 0.707436 	 138929.718639 
69  	 2 	 24 	 6.369394 	 0.006062 	 1569.363769 
69  	 2 	 23 	 10.437324 	 0.000834 	 216.612633 
69  	 2 	 1 	 1.568158 	 0.714247 	 139963.553782 
70  	 2 	 14 	 9.509122 	 0.001223 	 317.409492 
70  	 2 	 7 	 9.785980 	 0.001089 	 282.647659 
70  	 2 	 3 	 7.548241 	 0.002990 	 775.401908 
70  	 2 	 16 	 8.360386 	 0.002040 	 529.125037 
70  	 2 	 5 	 7.757078 	 0.002762 	 716.234694 
70  	 2 	 25 	 5.663200 	 0.007998 	 2068.597049 
70  	 2 	 11 	 7.456614 	 0.003100 	 803.667586 
70  	 2 	 2 	 7.395177 	 0.003340 	 865.894425 
70  	 2 	 8 	 10.732458 	 0.000753 	 195.440688 
70  	 2 	 21 	 8.735381 	 0.001572 	 407.784360 
70  	 2 	 4 	 1.986272 	 0.603005 	 122540.228563 
70  	 2 	 17 	 9.903978 	 0.001024 	 265.910475 
70  	 2 	 13 	 1.938513 	 0.707436 	 138929.718639 
70  	 2 	 24 	 6.369394 	 0.006062 	 1569.363769 
70  	 2 	 23 	 10.437324 	 0.000834 	 216.612633 
70  	 2 	 1 	 1.568158 	 0.714247 	 139963.553782 
71  	 2 	 14 	 9.509122 	 0.001223 	 317.409492 
71  	 2 	 7 	 9.785980 	 0.001089 	 282.647659 
71  	 2 	 3 	 7.548241 	 0.002990 	 775.401908 
71  	 2 	 16 	 8.360386 	 0.002040 	 529.125037 
71  	 2 	 5 	 7.757078 	 0.002762 	 716.234694 
71  	 2 	 25 	 5.663200 	 0.007998 	 2068.597049 
71  	 2 	 11 	 7.456614 	 0.003100 	 803.667586 
71  	 2 	 2 	 7.395177 	 0.003340 	 865.894425 
71  	 2 	 8 	 10.732458 	 0.000753 	 195.440688 
71  	 2 	 21 	 8.735381 	 0.001572 	 407.784360 
71  	 2 	 4 	 1.986272 	 0.603005 	 122540.228563 
71  	 2 	 17 	 9.903978 	 0.001024 	 265.910475 
71  	 2 	 13 	 1.938513 	 0.707436 	 138929.718639 
71  	 2 	 24 	 6.369394 	 0.006062 	 1569.363769 
71  	 2 	 23 	 10.437324 	 0.000834 	 216.612633 
71  	 2 	 1 	 1.568158 	 0.714247 	 139963.553782 
72  	 2 	 14 	 9.509122 	 0.001223 	 317.409492 
72  	 2 	 7 	 9.785980 	 0.001089 	 282.647659 
72  	 2 	 3 	 7.548241 	 0.002990 	 775.401908 
72  	 2 	 16 	 8.360386 	 0.002040 	 529.125037 
72  	 2 	 5 	 7.757078 	 0.002762 	 716.234694 
72  	 2 	 25 	 5.663200 	 0.007998 	 2068.597049 
72  	 2 	 11 	 7.456614 	 0.003100 	 803.667586 
72  	 2 	 2 	 7.395177 	 0.003340 	 865.894425 
72  	 2 	 8 	 10.732458 	 0.000753 	 195.440688 
72  	 2 	 21 	 8.735381 	 0.001572 	 407.784360 
72  	 2 	 4 	 1.986272 	 0.603005 	 122540.228563 
72  	 2 	 17 	 9.903978 	 0.001024 	 265.910475 
72  	 2 	 13 	 1.938513 	 0.707436 	 138929.718639 
72  	 2 	 24 	 6.369394 	 0.006062 	 1569.363769 
72  	 2 	 23 	 10.437324 	 0.000834 	 216.612633 
72  	 2 	 1 	 1.568158 	 0.714247 	 139963.553782 
73  	 2 	 14 	 9.509122 	 0.001223 	 317.409492 
73  	 2 	 7 	 9.785980 	 0.001089 	 282.647659 
73  	 2 	 3 	 7.548241 	 0.002990 	 775.401908 
73  	 2 	 16 	 8.360386 	 0.002040 	 529.125037 
73  	 2 	 5 	 7.757078 	 0.002762 	 716.234694 
73  	 2 	 25 	 5.663200 	 0.007998 	 2068.597049 
73  	 2 	 11 	 7.456614 	 0.003100 	 803.667586 
73  	 2 	 2 	 7.395177 	 0.003340 	 865.894425 
73  	 2 	 8 	 10.732458 	 0.000753 	 195.440688 
73  	 2 	 21 	 8.735381 	 0.001572 	 407.784360 
73  	 2 	 4 	 1.986272 	 0.603005 	 122540.228563 
73  	 2 	 17 	 9.903978 	 0.001024 	 265.910475 
73  	 2 	 13 	 1.938513 	 0.707436 	 138929.718639 
73  	 2 	 24 	 6.369394 	 0.006062 	 1569.363769 
73  	 2 	 23 	 10.437324 	 0.000834 	 216.612633 
73  	 2 	 1 	 1.568158 	 0.714247 	 139963.553782 
74  	 2 	 14 	 9.509122 	 0.001223 	 317.409492 
74  	 2 	 7 	 9.785980 	 0.001089 	 282.647659 
74  	 2 	 3 	 7.548241 	 0.002990 	 775.401908 
74  	 2 	 16 	 8.360386 	 0.002040 	 529.125037 
74  	 2 	 5 	 7.757078 	 0.002762 	 716.234694 
74  	 2 	 25 	 5.663200 	 0.007998 	 2068.597049 
74  	 2 	 11 	 7.456614 	 0.003100 	 803.667586 
74  	 2 	 2 	 7.395177 	 0.003340 	 865.894425 
74  	 2 	 8 	 10.732458 	 0.000753 	 195.440688 
74  	 2 	 21 	 8.735381 	 0.001572 	 407.784360 
74  	 2 	 4 	 1.986272 	 0.603005 	 122540.228563 
74  	 2 	 17 	 9.903978 	 0.001024 	 265.910475 
74  	 2 	 13 	 1.938513 	 0.707436 	 138929.718639 
74  	 2 	 24 	 6.369394 	 0.006062 	 1569.363769 
74  	 2 	 23 	 10.437324 	 0.000834 	 216.612633 
74  	 2 	 1 	 1.568158 	 0.714247 	 139963.553782 
75  	 2 	 14 	 9.509122 	 0.001223 	 317.409492 
75  	 2 	 7 	 9.785980 	 0.001089 	 282.647659 
75  	 2 	 3 	 7.548241 	 0.002990 	 775.401908 
75  	 2 	 16 	 8.360386 	 0.002040 	 529.125037 
75  	 2 	 5 	 7.757078 	 0.002762 	 716.234694 
75  	 2 	 25 	 5.663200 	 0.007998 	 2068.597049 
75  	 2 	 11 	 7.456614 	 0.003100 	 803.667586 
75  	 2 	 2 	 7.395177 	 0.003340 	 865.894425 
75  	 2 	 8 	 10.732458 	 0.000753 	 195.440688 
75  	 2 	 21 	 8.735381 	 0.001572 	 407.784360 
75  	 2 	 4 	 1.986272 	 0.603005 	 122540.228563 
75  	 2 	 17 	 9.903978 	 0.001024 	 265.910475 
75  	 2 	 13 	 1.938513 	 0.707436 	 138929.718639 
75  	 2 	 24 	 6.369394 	 0.006062 	 1569.363769 
75  	 2 	 23 	 10.437324 	 0.000834 	 216.612633 
75  	 2 	 1 	 1.568158 	 0.714247 	 139963.553782 
76  	 2 	 14 	 9.509122 	 0.001223 	 317.409492 
76  	 2 	 7 	 9.785980 	 0.001089 	 282.647659 
76  	 2 	 3 	 7.548241 	 0.002990 	 775.401908 
76  	 2 	 16 	 8.360386 	 0.002040 	 529.125037 
76  	 2 	 5 	 7.757078 	 0.002762 	 716.234694 
76  	 2 	 25 	 5.663200 	 0.007998 	 2068.597049 
76  	 2 	 11 	 7.456614 	 0.003100 	 803.667586 
76  	 2 	 2 	 7.395177 	 0.003340 	 865.894425 
76  	 2 	 8 	 10.732458 	 0.000753 	 195.440688 
76  	 2 	 21 	 8.735381 	 0.001572 	 407.784360 
76  	 2 	 4 	 1.986272 	 0.603005 	 122540.228563 
76  	 2 	 17 	 9.903978 	 0.001024 	 265.910475 
76  	 2 	 13 	 1.938513 	 0.707436 	 138929.718639 
76  	 2 	 24 	 6.369394 	 0.006062 	 1569.363769 
76  	 2 	 23 	 10.437324 	 0.000834 	 216.612633 
76  	 2 	 1 	 1.568158 	 0.714247 	 139963.553782 
77  	 2 	 14 	 9.509122 	 0.001223 	 317.409492 
77  	 2 	 7 	 9.785980 	 0.001089 	 282.647659 
77  	 2 	 3 	 7.548241 	 0.002990 	 775.401908 
77  	 2 	 16 	 8.360386 	 0.002040 	 529.125037 
77  	 2 	 5 	 7.757078 	 0.002762 	 716.234694 
77  	 2 	 25 	 5.663200 	 0.007998 	 2068.597049 
77  	 2 	 11 	 7.456614 	 0.003100 	 803.667586 
77  	 2 	 2 	 7.395177 	 0.003340 	 865.894425 
77  	 2 	 8 	 10.732458 	 0.000753 	 195.440688 
77  	 2 	 21 	 8.735381 	 0.001572 	 407.784360 
77  	 2 	 4 	 1.986272 	 0.603005 	 122540.228563 
77  	 2 	 17 	 9.903978 	 0.001024 	 265.910475 
77  	 2 	 13 	 1.938513 	 0.707436 	 138929.718639 
77  	 2 	 24 	 6.369394 	 0.006062 	 1569.363769 
77  	 2 	 23 	 10.437324 	 0.000834 	 216.612633 
77  	 2 	 1 	 1.568158 	 0.714247 	 139963.553782 
78  	 2 	 14 	 9.509122 	 0.001223 	 317.409492 
78  	 2 	 7 	 9.785980 	 0.001089 	 282.647659 
78  	 2 	 3 	 7.548241 	 0.002990 	 775.401908 
78  	 2 	 16 	 8.360386 	 0.002040 	 529.125037 
78  	 2 	 5 	 7.757078 	 0.002762 	 716.234694 
78  	 2 	 25 	 5.663200 	 0.007998 	 2068.597049 
78  	 2 	 11 	 7.456614 	 0.003100 	 803.667586 
78  	 2 	 2 	 7.395177 	 0.003340 	 865.894425 
78  	 2 	 8 	 10.732458 	 0.000753 	 195.440688 
78  	 2 	 21 	 8.735381 	 0.001572 	 407.784360 
78  	 2 	 4 	 1.986272 	 0.603005 	 122540.228563 
78  	 2 	 17 	 9.903978 	 0.001024 	 265.910475 
78  	 2 	 13 	 1.938513 	 0.707436 	 138929.718639 
78  	 2 	 24 	 6.369394 	 0.006062 	 1569.363769 
78  	 2 	 23 	 10.437324 	 0.000834 	 216.612633 
78  	 2 	 1 	 1.568158 	 0.714247 	 139963.553782 
79  	 2 	 14 	 9.509122 	 0.001223 	 317.409492 
79  	 2 	 7 	 9.785980 	 0.001089 	 282.647659 
79  	 2 	 3 	 7.548241 	 0.002990 	 775.401908 
79  	 2 	 16 	 8.360386 	 0.002040 	 529.125037 
79  	 2 	 5 	 7.757078 	 0.002762 	 716.234694 
79  	 2 	 25 	 5.663200 	 0.007998 	 2068.597049 
79  	 2 	 11 	 7.456614 	 0.003100 	 803.667586 
79  	 2 	 2 	 7.395177 	 0.003340 	 865.894425 
79  	 2 	 8 	 10.732458 	 0.000753 	 195.440688 
79  	 2 	 21 	 8.735381 	 0.001572 	 407.784360 
79  	 2 	 4 	 1.986272 	 0.603005 	 122540.228563 
79  	 2 	 17 	 9.903978 	 0.001024 	 265.910475 
79  	 2 	 13 	 1.938513 	 0.707436 	 138929.718639 
79  	 2 	 24 	 6.369394 	 0.006062 	 1569.363769 
79  	 2 	 23 	 10.437324 	 0.000834 	 216.612633 
79  	 2 	 1 	 1.568158 	 0.714247 	 139963.553782 
80  	 2 	 14 	 9.509122 	 0.001223 	 317.409492 
80  	 2 	 7 	 9.785980 	 0.001089 	 282.647659 
80  	 2 	 3 	 7.548241 	 0.002990 	 775.401908 
80  	 2 	 16 	 8.360386 	 0.002040 	 529.125037 
80  	 2 	 5 	 7.757078 	 0.002762 	 716.234694 
80  	 2 	 25 	 5.663200 	 0.007998 	 2068.597049 
80  	 2 	 11 	 7.456614 	 0.003100 	 803.667586 
80  	 2 	 2 	 7.395177 	 0.003340 	 865.894425 
80  	 2 	 8 	 10.732458 	 0.000753 	 195.440688 
80  	 2 	 21 	 8.735381 	 0.001572 	 407.784360 
80  	 2 	 4 	 1.986272 	 0.603005 	 122540.228563 
80  	 2 	 17 	 9.903978 	 0.001024 	 265.910475 
80  	 2 	 13 	 1.938513 	 0.707436 	 138929.718639 
80  	 2 	 24 	 6.369394 	 0.006062 	 1569.363769 
80  	 2 	 23 	 10.437324 	 0.000834 	 216.612633 
80  	 2 	 1 	 1.568158 	 0.714247 	 139963.553782 
81  	 2 	 14 	 9.509122 	 0.001223 	 317.409492 
81  	 2 	 7 	 9.785980 	 0.001089 	 282.647659 
81  	 2 	 3 	 7.548241 	 0.002990 	 775.401908 
81  	 2 	 16 	 8.360386 	 0.002040 	 529.125037 
81  	 2 	 5 	 7.757078 	 0.002762 	 716.234694 
81  	 2 	 25 	 5.663200 	 0.007998 	 2068.597049 
81  	 2 	 11 	 7.456614 	 0.003100 	 803.667586 
81  	 2 	 2 	 7.395177 	 0.003340 	 865.894425 
81  	 2 	 8 	 10.732458 	 0.000753 	 195.440688 
81  	 2 	 21 	 8.735381 	 0.001572 	 407.784360 
81  	 2 	 4 	 1.986272 	 0.603005 	 122540.228563 
81  	 2 	 17 	 9.903978 	 0.001024 	 265.910475 
81  	 2 	 13 	 1.938513 	 0.707436 	 138929.718639 
81  	 2 	 24 	 6.369394 	 0.006062 	 1569.363769 
81  	 2 	 23 	 10.437324 	 0.000834 	 216.612633 
81  	 2 	 1 	 1.568158 	 0.714247 	 139963.553782 
82  	 2 	 14 	 9.509122 	 0.001223 	 317.409492 
82  	 2 	 7 	 9.785980 	 0.001089 	 282.647659 
82  	 2 	 3 	 7.548241 	 0.002990 	 775.401908 
82  	 2 	 16 	 8.360386 	 0.002040 	 529.125037 
82  	 2 	 5 	 7.757078 	 0.002762 	 716.234694 
82  	 2 	 25 	 5.663200 	 0.007998 	 2068.597049 
82  	 2 	 11 	 7.456614 	 0.003100 	 803.667586 
82  	 2 	 2 	 7.395177 	 0.003340 	 865.894425 
82  	 2 	 8 	 10.732458 	 0.000753 	 195.440688 
82  	 2 	 21 	 8.735381 	 0.001572 	 407.784360 
82  	 2 	 4 	 1.986272 	 0.603005 	 122540.228563 
82  	 2 	 17 	 9.903978 	 0.001024 	 265.910475 
82  	 2 	 13 	 1.938513 	 0.707436 	 138929.718639 
82  	 2 	 24 	 6.369394 	 0.006062 	 1569.363769 
82  	 2 	 23 	 10.437324 	 0.000834 	 216.612633 
82  	 2 	 1 	 1.568158 	 0.714247 	 139963.553782 
83  	 2 	 14 	 9.509122 	 0.001223 	 317.409492 
83  	 2 	 7 	 9.785980 	 0.001089 	 282.647659 
83  	 2 	 3 	 7.548241 	 0.002990 	 775.401908 
83  	 2 	 16 	 8.360386 	 0.002040 	 529.125037 
83  	 2 	 5 	 7.757078 	 0.002762 	 716.234694 
83  	 2 	 25 	 5.663200 	 0.007998 	 2068.597049 
83  	 2 	 11 	 7.456614 	 0.003100 	 803.667586 
83  	 2 	 2 	 7.395177 	 0.003340 	 865.894425 
83  	 2 	 8 	 10.732458 	 0.000753 	 195.440688 
83  	 2 	 21 	 8.735381 	 0.001572 	 407.784360 
83  	 2 	 4 	 1.986272 	 0.603005 	 122540.228563 
83  	 2 	 17 	 9.903978 	 0.001024 	 265.910475 
83  	 2 	 13 	 1.938513 	 0.707436 	 138929.718639 
83  	 2 	 24 	 6.369394 	 0.006062 	 1569.363769 
83  	 2 	 23 	 10.437324 	 0.000834 	 216.612633 
83  	 2 	 1 	 1.568158 	 0.714247 	 139963.553782 
84  	 2 	 14 	 9.509122 	 0.001223 	 317.409492 
84  	 2 	 7 	 9.785980 	 0.001089 	 282.647659 
84  	 2 	 3 	 7.548241 	 0.002990 	 775.401908 
84  	 2 	 16 	 8.360386 	 0.002040 	 529.125037 
84  	 2 	 5 	 7.757078 	 0.002762 	 716.234694 
84  	 2 	 25 	 5.663200 	 0.007998 	 2068.597049 
84  	 2 	 11 	 7.456614 	 0.003100 	 803.667586 
84  	 2 	 2 	 7.395177 	 0.003340 	 865.894425 
84  	 2 	 8 	 10.732458 	 0.000753 	 195.440688 
84  	 2 	 21 	 8.735381 	 0.001572 	 407.784360 
84  	 2 	 4 	 1.986272 	 0.603005 	 122540.228563 
84  	 2 	 17 	 9.903978 	 0.001024 	 265.910475 
84  	 2 	 13 	 1.938513 	 0.707436 	 138929.718639 
84  	 2 	 24 	 6.369394 	 0.006062 	 1569.363769 
84  	 2 	 23 	 10.437324 	 0.000834 	 216.612633 
84  	 2 	 1 	 1.568158 	 0.714247 	 139963.553782 
85  	 2 	 14 	 9.509122 	 0.001223 	 317.409492 
85  	 2 	 7 	 9.785980 	 0.001089 	 282.647659 
85  	 2 	 3 	 7.548241 	 0.002990 	 775.401908 
85  	 2 	 16 	 8.360386 	 0.002040 	 529.125037 
85  	 2 	 5 	 7.757078 	 0.002762 	 716.234694 
85  	 2 	 25 	 5.663200 	 0.007998 	 2068.597049 
85  	 2 	 11 	 7.456614 	 0.003100 	 803.667586 
85  	 2 	 2 	 7.395177 	 0.003340 	 865.894425 
85  	 2 	 8 	 10.732458 	 0.000753 	 195.440688 
85  	 2 	 21 	 8.735381 	 0.001572 	 407.784360 
85  	 2 	 4 	 1.986272 	 0.603005 	 122540.228563 
85  	 2 	 17 	 9.903978 	 0.001024 	 265.910475 
85  	 2 	 13 	 1.938513 	 0.707436 	 138929.718639 
85  	 2 	 24 	 6.369394 	 0.006062 	 1569.363769 
85  	 2 	 23 	 10.437324 	 0.000834 	 216.612633 
85  	 2 	 1 	 1.568158 	 0.714247 	 139963.553782 
86  	 2 	 14 	 9.509122 	 0.001223 	 317.409492 
86  	 2 	 7 	 9.785980 	 0.001089 	 282.647659 
86  	 2 	 3 	 7.548241 	 0.002990 	 775.401908 
86  	 2 	 16 	 8.360386 	 0.002040 	 529.125037 
86  	 2 	 5 	 7.757078 	 0.002762 	 716.234694 
86  	 2 	 25 	 5.663200 	 0.007998 	 2068.597049 
86  	 2 	 11 	 7.456614 	 0.003100 	 803.667586 
86  	 2 	 2 	 7.395177 	 0.003340 	 865.894425 
86  	 2 	 8 	 10.732458 	 0.000753 	 195.440688 
86  	 2 	 21 	 8.735381 	 0.001572 	 407.784360 
86  	 2 	 4 	 1.986272 	 0.603005 	 122540.228563 
86  	 2 	 17 	 9.903978 	 0.001024 	 265.910475 
86  	 2 	 13 	 1.938513 	 0.707436 	 138929.718639 
86  	 2 	 24 	 6.369394 	 0.006062 	 1569.363769 
86  	 2 	 23 	 10.437324 	 0.000834 	 216.612633 
86  	 2 	 1 	 1.568158 	 0.714247 	 139963.553782 
87  	 2 	 14 	 9.509122 	 0.001223 	 317.409492 
87  	 2 	 7 	 9.785980 	 0.001089 	 282.647659 
87  	 2 	 3 	 7.548241 	 0.002990 	 775.401908 
87  	 2 	 16 	 8.360386 	 0.002040 	 529.125037 
87  	 2 	 5 	 7.757078 	 0.002762 	 716.234694 
87  	 2 	 25 	 5.663200 	 0.007998 	 2068.597049 
87  	 2 	 11 	 7.456614 	 0.003100 	 803.667586 
87  	 2 	 2 	 7.395177 	 0.003340 	 865.894425 
87  	 2 	 8 	 10.732458 	 0.000753 	 195.440688 
87  	 2 	 21 	 8.735381 	 0.001572 	 407.784360 
87  	 2 	 4 	 1.986272 	 0.603005 	 122540.228563 
87  	 2 	 17 	 9.903978 	 0.001024 	 265.910475 
87  	 2 	 13 	 1.938513 	 0.707436 	 138929.718639 
87  	 2 	 24 	 6.369394 	 0.006062 	 1569.363769 
87  	 2 	 23 	 10.437324 	 0.000834 	 216.612633 
87  	 2 	 1 	 1.568158 	 0.714247 	 139963.553782 
88  	 2 	 14 	 9.509122 	 0.001223 	 317.409492 
88  	 2 	 7 	 9.785980 	 0.001089 	 282.647659 
88  	 2 	 3 	 7.548241 	 0.002990 	 775.401908 
88  	 2 	 16 	 8.360386 	 0.002040 	 529.125037 
88  	 2 	 5 	 7.757078 	 0.002762 	 716.234694 
88  	 2 	 25 	 5.663200 	 0.007998 	 2068.597049 
88  	 2 	 11 	 7.456614 	 0.003100 	 803.667586 
88  	 2 	 2 	 7.395177 	 0.003340 	 865.894425 
88  	 2 	 8 	 10.732458 	 0.000753 	 195.440688 
88  	 2 	 21 	 8.735381 	 0.001572 	 407.784360 
88  	 2 	 4 	 1.986272 	 0.603005 	 122540.228563 
88  	 2 	 17 	 9.903978 	 0.001024 	 265.910475 
88  	 2 	 13 	 1.938513 	 0.707436 	 138929.718639 
88  	 2 	 24 	 6.369394 	 0.006062 	 1569.363769 
88  	 2 	 23 	 10.437324 	 0.000834 	 216.612633 
88  	 2 	 1 	 1.568158 	 0.714247 	 139963.553782 
89  	 2 	 14 	 9.509122 	 0.001223 	 317.409492 
89  	 2 	 7 	 9.785980 	 0.001089 	 282.647659 
89  	 2 	 3 	 7.548241 	 0.002990 	 775.401908 
89  	 2 	 16 	 8.360386 	 0.002040 	 529.125037 
89  	 2 	 5 	 7.757078 	 0.002762 	 716.234694 
89  	 2 	 25 	 5.663200 	 0.007998 	 2068.597049 
89  	 2 	 11 	 7.456614 	 0.003100 	 803.667586 
89  	 2 	 2 	 7.395177 	 0.003340 	 865.894425 
89  	 2 	 8 	 10.732458 	 0.000753 	 195.440688 
89  	 2 	 21 	 8.735381 	 0.001572 	 407.784360 
89  	 2 	 4 	 1.986272 	 0.603005 	 122540.228563 
89  	 2 	 17 	 9.903978 	 0.001024 	 265.910475 
89  	 2 	 13 	 1.938513 	 0.707436 	 138929.718639 
89  	 2 	 24 	 6.369394 	 0.006062 	 1569.363769 
89  	 2 	 23 	 10.437324 	 0.000834 	 216.612633 
89  	 2 	 1 	 1.568158 	 0.714247 	 139963.553782 
90  	 2 	 14 	 9.509122 	 0.001223 	 317.409492 
90  	 2 	 7 	 9.785980 	 0.001089 	 282.647659 
90  	 2 	 3 	 7.548241 	 0.002990 	 775.401908 
90  	 2 	 16 	 8.360386 	 0.002040 	 529.125037 
90  	 2 	 5 	 7.757078 	 0.002762 	 716.234694 
90  	 2 	 25 	 5.663200 	 0.007998 	 2068.597049 
90  	 2 	 11 	 7.456614 	 0.003100 	 803.667586 
90  	 2 	 2 	 7.395177 	 0.003340 	 865.894425 
90  	 2 	 8 	 10.732458 	 0.000753 	 195.440688 
90  	 2 	 21 	 8.735381 	 0.001572 	 407.784360 
90  	 2 	 4 	 1.986272 	 0.603005 	 122540.228563 
90  	 2 	 17 	 9.903978 	 0.001024 	 265.910475 
90  	 2 	 13 	 1.938513 	 0.707436 	 138929.718639 
90  	 2 	 24 	 6.369394 	 0.006062 	 1569.363769 
90  	 2 	 23 	 10.437324 	 0.000834 	 216.612633 
90  	 2 	 1 	 1.568158 	 0.714247 	 139963.553782 
91  	 2 	 14 	 9.509122 	 0.001223 	 317.409492 
91  	 2 	 7 	 9.785980 	 0.001089 	 282.647659 
91  	 2 	 3 	 7.548241 	 0.002990 	 775.401908 
91  	 2 	 16 	 8.360386 	 0.002040 	 529.125037 
91  	 2 	 5 	 7.757078 	 0.002762 	 716.234694 
91  	 2 	 25 	 5.663200 	 0.007998 	 2068.597049 
91  	 2 	 11 	 7.456614 	 0.003100 	 803.667586 
91  	 2 	 2 	 7.395177 	 0.003340 	 865.894425 
91  	 2 	 8 	 10.732458 	 0.000753 	 195.440688 
91  	 2 	 21 	 8.735381 	 0.001572 	 407.784360 
91  	 2 	 4 	 1.986272 	 0.603005 	 122540.228563 
91  	 2 	 17 	 9.903978 	 0.001024 	 265.910475 
91  	 2 	 13 	 1.938513 	 0.707436 	 138929.718639 
91  	 2 	 24 	 6.369394 	 0.006062 	 1569.363769 
91  	 2 	 23 	 10.437324 	 0.000834 	 216.612633 
91  	 2 	 1 	 1.568158 	 0.714247 	 139963.553782 
92  	 2 	 14 	 9.509122 	 0.001223 	 317.409492 
92  	 2 	 7 	 9.785980 	 0.001089 	 282.647659 
92  	 2 	 3 	 7.548241 	 0.002990 	 775.401908 
92  	 2 	 16 	 8.360386 	 0.002040 	 529.125037 
92  	 2 	 5 	 7.757078 	 0.002762 	 716.234694 
92  	 2 	 25 	 5.663200 	 0.007998 	 2068.597049 
92  	 2 	 11 	 7.456614 	 0.003100 	 803.667586 
92  	 2 	 2 	 7.395177 	 0.003340 	 865.894425 
92  	 2 	 8 	 10.732458 	 0.000753 	 195.440688 
92  	 2 	 21 	 8.735381 	 0.001572 	 407.784360 
92  	 2 	 4 	 1.986272 	 0.603005 	 122540.228563 
92  	 2 	 17 	 9.903978 	 0.001024 	 265.910475 
92  	 2 	 13 	 1.938513 	 0.707436 	 138929.718639 
92  	 2 	 24 	 6.369394 	 0.006062 	 1569.363769 
92  	 2 	 23 	 10.437324 	 0.000834 	 216.612633 
92  	 2 	 1 	 1.568158 	 0.714247 	 139963.553782 
93  	 2 	 14 	 9.509122 	 0.001223 	 317.409492 
93  	 2 	 7 	 9.785980 	 0.001089 	 282.647659 
93  	 2 	 3 	 7.548241 	 0.002990 	 775.401908 
93  	 2 	 16 	 8.360386 	 0.002040 	 529.125037 
93  	 2 	 5 	 7.757078 	 0.002762 	 716.234694 
93  	 2 	 25 	 5.663200 	 0.007998 	 2068.597049 
93  	 2 	 11 	 7.456614 	 0.003100 	 803.667586 
93  	 2 	 2 	 7.395177 	 0.003340 	 865.894425 
93  	 2 	 8 	 10.732458 	 0.000753 	 195.440688 
93  	 2 	 21 	 8.735381 	 0.001572 	 407.784360 
93  	 2 	 4 	 1.986272 	 0.603005 	 122540.228563 
93  	 2 	 17 	 9.903978 	 0.001024 	 265.910475 
93  	 2 	 13 	 1.938513 	 0.707436 	 138929.718639 
93  	 2 	 24 	 6.369394 	 0.006062 	 1569.363769 
93  	 2 	 23 	 10.437324 	 0.000834 	 216.612633 
93  	 2 	 1 	 1.568158 	 0.714247 	 139963.553782 
94  	 2 	 14 	 9.509122 	 0.001223 	 317.409492 
94  	 2 	 7 	 9.785980 	 0.001089 	 282.647659 
94  	 2 	 3 	 7.548241 	 0.002990 	 775.401908 
94  	 2 	 16 	 8.360386 	 0.002040 	 529.125037 
94  	 2 	 5 	 7.757078 	 0.002762 	 716.234694 
94  	 2 	 25 	 5.663200 	 0.007998 	 2068.597049 
94  	 2 	 11 	 7.456614 	 0.003100 	 803.667586 
94  	 2 	 2 	 7.395177 	 0.003340 	 865.894425 
94  	 2 	 8 	 10.732458 	 0.000753 	 195.440688 
94  	 2 	 21 	 8.735381 	 0.001572 	 407.784360 
94  	 2 	 4 	 1.986272 	 0.603005 	 122540.228563 
94  	 2 	 17 	 9.903978 	 0.001024 	 265.910475 
94  	 2 	 13 	 1.938513 	 0.707436 	 138929.718639 
94  	 2 	 24 	 6.369394 	 0.006062 	 1569.363769 
94  	 2 	 23 	 10.437324 	 0.000834 	 216.612633 
94  	 2 	 1 	 1.568158 	 0.714247 	 139963.553782 
95  	 2 	 14 	 9.509122 	 0.001223 	 317.409492 
95  	 2 	 7 	 9.785980 	 0.001089 	 282.647659 
95  	 2 	 3 	 7.548241 	 0.002990 	 775.401908 
95  	 2 	 16 	 8.360386 	 0.002040 	 529.125037 
95  	 2 	 5 	 7.757078 	 0.002762 	 716.234694 
95  	 2 	 25 	 5.663200 	 0.007998 	 2068.597049 
95  	 2 	 11 	 7.456614 	 0.003100 	 803.667586 
95  	 2 	 2 	 7.395177 	 0.003340 	 865.894425 
95  	 2 	 8 	 10.732458 	 0.000753 	 195.440688 
95  	 2 	 21 	 8.735381 	 0.001572 	 407.784360 
95  	 2 	 4 	 1.986272 	 0.603005 	 122540.228563 
95  	 2 	 17 	 9.903978 	 0.001024 	 265.910475 
95  	 2 	 13 	 1.938513 	 0.707436 	 138929.718639 
95  	 2 	 24 	 6.369394 	 0.006062 	 1569.363769 
95  	 2 	 23 	 10.437324 	 0.000834 	 216.612633 
95  	 2 	 1 	 1.568158 	 0.714247 	 139963.553782 
96  	 2 	 14 	 9.509122 	 0.001223 	 317.409492 
96  	 2 	 7 	 9.785980 	 0.001089 	 282.647659 
96  	 2 	 3 	 7.548241 	 0.002990 	 775.401908 
96  	 2 	 16 	 8.360386 	 0.002040 	 529.125037 
96  	 2 	 5 	 7.757078 	 0.002762 	 716.234694 
96  	 2 	 25 	 5.663200 	 0.007998 	 2068.597049 
96  	 2 	 11 	 7.456614 	 0.003100 	 803.667586 
96  	 2 	 2 	 7.395177 	 0.003340 	 865.894425 
96  	 2 	 8 	 10.732458 	 0.000753 	 195.440688 
96  	 2 	 21 	 8.735381 	 0.001572 	 407.784360 
96  	 2 	 4 	 1.986272 	 0.603005 	 122540.228563 
96  	 2 	 17 	 9.903978 	 0.001024 	 265.910475 
96  	 2 	 13 	 1.938513 	 0.707436 	 138929.718639 
96  	 2 	 24 	 6.369394 	 0.006062 	 1569.363769 
96  	 2 	 23 	 10.437324 	 0.000834 	 216.612633 
96  	 2 	 1 	 1.568158 	 0.714247 	 139963.553782 
97  	 2 	 14 	 9.509122 	 0.001223 	 317.409492 
97  	 2 	 7 	 9.785980 	 0.001089 	 282.647659 
97  	 2 	 3 	 7.548241 	 0.002990 	 775.401908 
97  	 2 	 16 	 8.360386 	 0.002040 	 529.125037 
97  	 2 	 5 	 7.757078 	 0.002762 	 716.234694 
97  	 2 	 25 	 5.663200 	 0.007998 	 2068.597049 
97  	 2 	 11 	 7.456614 	 0.003100 	 803.667586 
97  	 2 	 2 	 7.395177 	 0.003340 	 865.894425 
97  	 2 	 8 	 10.732458 	 0.000753 	 195.440688 
97  	 2 	 21 	 8.735381 	 0.001572 	 407.784360 
97  	 2 	 4 	 1.986272 	 0.603005 	 122540.228563 
97  	 2 	 17 	 9.903978 	 0.001024 	 265.910475 
97  	 2 	 13 	 1.938513 	 0.707436 	 138929.718639 
97  	 2 	 24 	 6.369394 	 0.006062 	 1569.363769 
97  	 2 	 23 	 10.437324 	 0.000834 	 216.612633 
97  	 2 	 1 	 1.568158 	 0.714247 	 139963.553782 
98  	 2 	 14 	 9.509122 	 0.001223 	 317.409492 
98  	 2 	 7 	 9.785980 	 0.001089 	 282.647659 
98  	 2 	 3 	 7.548241 	 0.002990 	 775.401908 
98  	 2 	 16 	 8.360386 	 0.002040 	 529.125037 
98  	 2 	 5 	 7.757078 	 0.002762 	 716.234694 
98  	 2 	 25 	 5.663200 	 0.007998 	 2068.597049 
98  	 2 	 11 	 7.456614 	 0.003100 	 803.667586 
98  	 2 	 2 	 7.395177 	 0.003340 	 865.894425 
98  	 2 	 8 	 10.732458 	 0.000753 	 195.440688 
98  	 2 	 21 	 8.735381 	 0.001572 	 407.784360 
98  	 2 	 4 	 1.986272 	 0.603005 	 122540.228563 
98  	 2 	 17 	 9.903978 	 0.001024 	 265.910475 
98  	 2 	 13 	 1.938513 	 0.707436 	 138929.718639 
98  	 2 	 24 	 6.369394 	 0.006062 	 1569.363769 
98  	 2 	 23 	 10.437324 	 0.000834 	 216.612633 
98  	 2 	 1 	 1.568158 	 0.714247 	 139963.553782 
99  	 2 	 14 	 9.509122 	 0.001223 	 317.409492 
99  	 2 	 7 	 9.785980 	 0.001089 	 282.647659 
99  	 2 	 3 	 7.548241 	 0.002990 	 775.401908 
99  	 2 	 16 	 8.360386 	 0.002040 	 529.125037 
99  	 2 	 5 	 7.757078 	 0.002762 	 716.234694 
99  	 2 	 25 	 5.663200 	 0.007998 	 2068.597049 
99  	 2 	 11 	 7.456614 	 0.003100 	 803.667586 
99  	 2 	 2 	 7.395177 	 0.003340 	 865.894425 
99  	 2 	 8 	 10.732458 	 0.000753 	 195.440688 
99  	 2 	 21 	 8.735381 	 0.001572 	 407.784360 
99  	 2 	 4 	 1.986272 	 0.603005 	 122540.228563 
99  	 2 	 17 	 9.903978 	 0.001024 	 265.910475 
99  	 2 	 13 	 1.938513 	 0.707436 	 138929.718639 
99  	 2 	 24 	 6.369394 	 0.006062 	 1569.363769 
99  	 2 	 23 	 10.437324 	 0.000834 	 216.612633 
99  	 2 	 1 	 1.568158 	 0.714247 	 139963.553782 
100  	 2 	 14 	 9.509122 	 0.001223 	 317.409492 
100  	 2 	 7 	 9.785980 	 0.001089 	 282.647659 
100  	 2 	 3 	 7.548241 	 0.002990 	 775.401908 
100  	 2 	 16 	 8.360386 	 0.002040 	 529.125037 
100  	 2 	 5 	 7.757078 	 0.002762 	 716.234694 
100  	 2 	 25 	 5.663200 	 0.007998 	 2068.597049 
100  	 2 	 11 	 7.456614 	 0.003100 	 803.667586 
100  	 2 	 2 	 7.395177 	 0.003340 	 865.894425 
100  	 2 	 8 	 10.732458 	 0.000753 	 195.440688 
100  	 2 	 21 	 8.735381 	 0.001572 	 407.784360 
100  	 2 	 4 	 1.986272 	 0.603005 	 122540.228563 
100  	 2 	 17 	 9.903978 	 0.001024 	 265.910475 
100  	 2 	 13 	 1.938513 	 0.707436 	 138929.718639 
100  	 2 	 24 	 6.369394 	 0.006062 	 1569.363769 
100  	 2 	 23 	 10.437324 	 0.000834 	 216.612633 
100  	 2 	 1 	 1.568158 	 0.714247 	 139963.553782 
101  	 2 	 14 	 9.509122 	 0.001223 	 317.409492 
101  	 2 	 7 	 9.785980 	 0.001089 	 282.647659 
101  	 2 	 3 	 7.548241 	 0.002990 	 775.401908 
101  	 2 	 16 	 8.360386 	 0.002040 	 529.125037 
101  	 2 	 5 	 7.757078 	 0.002762 	 716.234694 
101  	 2 	 25 	 5.663200 	 0.007998 	 2068.597049 
101  	 2 	 11 	 7.456614 	 0.003100 	 803.667586 
101  	 2 	 2 	 7.395177 	 0.003340 	 865.894425 
101  	 2 	 8 	 10.732458 	 0.000753 	 195.440688 
101  	 2 	 21 	 8.735381 	 0.001572 	 407.784360 
101  	 2 	 4 	 1.986272 	 0.603005 	 122540.228563 
101  	 2 	 17 	 9.903978 	 0.001024 	 265.910475 
101  	 2 	 13 	 1.938513 	 0.707436 	 138929.718639 
101  	 2 	 24 	 6.369394 	 0.006062 	 1569.363769 
101  	 2 	 23 	 10.437324 	 0.000834 	 216.612633 
101  	 2 	 1 	 1.568158 	 0.714247 	 139963.553782 
102  	 2 	 14 	 9.509122 	 0.001223 	 317.409492 
102  	 2 	 7 	 9.785980 	 0.001089 	 282.647659 
102  	 2 	 3 	 7.548241 	 0.002990 	 775.401908 
102  	 2 	 16 	 8.360386 	 0.002040 	 529.125037 
102  	 2 	 5 	 7.757078 	 0.002762 	 716.234694 
102  	 2 	 25 	 5.663200 	 0.007998 	 2068.597049 
102  	 2 	 11 	 7.456614 	 0.003100 	 803.667586 
102  	 2 	 2 	 7.395177 	 0.003340 	 865.894425 
102  	 2 	 8 	 10.732458 	 0.000753 	 195.440688 
102  	 2 	 21 	 8.735381 	 0.001572 	 407.784360 
102  	 2 	 4 	 1.986272 	 0.603005 	 122540.228563 
102  	 2 	 17 	 9.903978 	 0.001024 	 265.910475 
102  	 2 	 13 	 1.938513 	 0.707436 	 138929.718639 
102  	 2 	 24 	 6.369394 	 0.006062 	 1569.363769 
102  	 2 	 23 	 10.437324 	 0.000834 	 216.612633 
102  	 2 	 1 	 1.568158 	 0.714247 	 139963.553782 
103  	 2 	 14 	 9.509122 	 0.001223 	 317.409492 
103  	 2 	 7 	 9.785980 	 0.001089 	 282.647659 
103  	 2 	 3 	 7.548241 	 0.002990 	 775.401908 
103  	 2 	 16 	 8.360386 	 0.002040 	 529.125037 
103  	 2 	 5 	 7.757078 	 0.002762 	 716.234694 
103  	 2 	 25 	 5.663200 	 0.007998 	 2068.597049 
103  	 2 	 11 	 7.456614 	 0.003100 	 803.667586 
103  	 2 	 2 	 7.395177 	 0.003340 	 865.894425 
103  	 2 	 8 	 10.732458 	 0.000753 	 195.440688 
103  	 2 	 21 	 8.735381 	 0.001572 	 407.784360 
103  	 2 	 4 	 1.986272 	 0.603005 	 122540.228563 
103  	 2 	 17 	 9.903978 	 0.001024 	 265.910475 
103  	 2 	 13 	 1.938513 	 0.707436 	 138929.718639 
103  	 2 	 24 	 6.369394 	 0.006062 	 1569.363769 
103  	 2 	 23 	 10.437324 	 0.000834 	 216.612633 
103  	 2 	 1 	 1.568158 	 0.714247 	 139963.553782 
104  	 2 	 14 	 9.509122 	 0.001223 	 317.409492 
104  	 2 	 7 	 9.785980 	 0.001089 	 282.647659 
104  	 2 	 3 	 7.548241 	 0.002990 	 775.401908 
104  	 2 	 16 	 8.360386 	 0.002040 	 529.125037 
104  	 2 	 5 	 7.757078 	 0.002762 	 716.234694 
104  	 2 	 25 	 5.663200 	 0.007998 	 2068.597049 
104  	 2 	 11 	 7.456614 	 0.003100 	 803.667586 
104  	 2 	 2 	 7.395177 	 0.003340 	 865.894425 
104  	 2 	 8 	 10.732458 	 0.000753 	 195.440688 
104  	 2 	 21 	 8.735381 	 0.001572 	 407.784360 
104  	 2 	 4 	 1.986272 	 0.603005 	 122540.228563 
104  	 2 	 17 	 9.903978 	 0.001024 	 265.910475 
104  	 2 	 13 	 1.938513 	 0.707436 	 138929.718639 
104  	 2 	 24 	 6.369394 	 0.006062 	 1569.363769 
104  	 2 	 23 	 10.437324 	 0.000834 	 216.612633 
104  	 2 	 1 	 1.568158 	 0.714247 	 139963.553782 
