5 	 1 	 790225.985218 	 790225.985218 	 0.714286 	 790225.985218 	 56.347925 	 790225.985218 
5 	 2 	 790401.315099 	 790401.315099 	 0.714286 	 1580616.941127 	 56.382201 	 790390.955909 
5 	 3 	 795256.789913 	 795256.789913 	 0.714286 	 2375822.855805 	 57.888906 	 795205.914678 
5 	 4 	 795256.789913 	 795256.789913 	 0.714286 	 3171028.770483 	 57.888906 	 795205.914678 
5 	 5 	 795256.789913 	 795256.789913 	 0.714286 	 3966234.685161 	 57.888906 	 795205.914678 
5 	 6 	 795256.789913 	 795256.789913 	 0.714286 	 4761440.599838 	 57.888906 	 795205.914678 
5 	 7 	 795256.789913 	 795256.789913 	 0.714286 	 5556646.514516 	 57.888906 	 795205.914678 
5 	 8 	 795256.789913 	 795256.789913 	 0.714286 	 6351852.429194 	 57.888906 	 795205.914678 
5 	 9 	 795256.789913 	 795256.789913 	 0.714286 	 7147058.343872 	 57.888906 	 795205.914678 
5 	 10 	 795256.789913 	 795256.789913 	 0.714286 	 7942264.258550 	 57.888906 	 795205.914678 
5 	 11 	 795256.789913 	 795256.789913 	 0.714286 	 8737470.173227 	 57.888906 	 795205.914678 
5 	 12 	 795256.789913 	 795256.789913 	 0.714286 	 9532676.087905 	 57.888906 	 795205.914678 
5 	 13 	 795256.789913 	 795256.789913 	 0.714286 	 10327882.002583 	 57.888906 	 795205.914678 
5 	 14 	 795256.789913 	 795256.789913 	 0.714286 	 11123087.917261 	 57.888906 	 795205.914678 
5 	 15 	 795256.789913 	 795256.789913 	 0.714286 	 11918293.831938 	 57.888906 	 795205.914678 
5 	 16 	 795256.789913 	 795256.789913 	 0.714286 	 12713499.746616 	 57.888906 	 795205.914678 
5 	 17 	 795256.789913 	 795256.789913 	 0.714286 	 13508705.661294 	 57.888906 	 795205.914678 
5 	 18 	 795256.789913 	 795256.789913 	 0.714286 	 14303911.575972 	 57.888906 	 795205.914678 
5 	 19 	 795256.789913 	 795256.789913 	 0.714286 	 15099117.490650 	 57.888906 	 795205.914678 
5 	 20 	 795256.789913 	 795256.789913 	 0.714286 	 15894323.405327 	 57.888906 	 795205.914678 
5 	 21 	 795256.789913 	 795256.789913 	 0.714286 	 16689529.320005 	 57.888906 	 795205.914678 
5 	 22 	 795256.789913 	 795256.789913 	 0.714286 	 17484735.234683 	 57.888906 	 795205.914678 
5 	 23 	 795256.789913 	 795256.789913 	 0.714286 	 18279941.149361 	 57.888906 	 795205.914678 
5 	 24 	 795256.789913 	 795256.789913 	 0.714286 	 19075147.064039 	 57.888906 	 795205.914678 
5 	 25 	 795256.789913 	 795256.789913 	 0.714286 	 19870352.978716 	 57.888906 	 795205.914678 
5 	 26 	 795256.789913 	 795256.789913 	 0.714286 	 20665558.893394 	 57.888906 	 795205.914678 
5 	 27 	 795256.789913 	 795256.789913 	 0.714286 	 21460764.808072 	 57.888906 	 795205.914678 
5 	 28 	 795256.789913 	 795256.789913 	 0.714286 	 22255970.722750 	 57.888906 	 795205.914678 
5 	 29 	 795256.789913 	 795256.789913 	 0.714286 	 23051176.637427 	 57.888906 	 795205.914678 
5 	 30 	 795256.789913 	 795256.789913 	 0.714286 	 23846382.552105 	 57.888906 	 795205.914678 
5 	 31 	 795256.789913 	 795256.789913 	 0.714286 	 24641588.466783 	 57.888906 	 795205.914678 
5 	 32 	 795256.789913 	 795256.789913 	 0.714286 	 25436794.381461 	 57.888906 	 795205.914678 
5 	 33 	 795256.789913 	 795256.789913 	 0.714286 	 26232000.296139 	 57.888906 	 795205.914678 
5 	 34 	 795256.789913 	 795256.789913 	 0.714286 	 27027206.210816 	 57.888906 	 795205.914678 
5 	 35 	 795256.789913 	 795256.789913 	 0.714286 	 27822412.125494 	 57.888906 	 795205.914678 
5 	 36 	 795256.789913 	 795256.789913 	 0.714286 	 28617618.040172 	 57.888906 	 795205.914678 
5 	 37 	 795256.789913 	 795256.789913 	 0.714286 	 29412823.954850 	 57.888906 	 795205.914678 
5 	 38 	 795256.789913 	 795256.789913 	 0.714286 	 30208029.869528 	 57.888906 	 795205.914678 
5 	 39 	 795256.789913 	 795256.789913 	 0.714286 	 31003235.784205 	 57.888906 	 795205.914678 
5 	 40 	 795256.789913 	 795256.789913 	 0.714286 	 31798441.698883 	 57.888906 	 795205.914678 
5 	 41 	 795256.789913 	 795256.789913 	 0.714286 	 32593647.613561 	 57.888906 	 795205.914678 
5 	 42 	 795256.789913 	 795256.789913 	 0.714286 	 33388853.528239 	 57.888906 	 795205.914678 
5 	 43 	 795256.789913 	 795256.789913 	 0.714286 	 34184059.442916 	 57.888906 	 795205.914678 
5 	 44 	 795256.789913 	 795256.789913 	 0.714286 	 34979265.357594 	 57.888906 	 795205.914678 
5 	 45 	 795256.789913 	 795256.789913 	 0.714286 	 35774471.272272 	 57.888906 	 795205.914678 
5 	 46 	 795256.789913 	 795256.789913 	 0.714286 	 36569677.186950 	 57.888906 	 795205.914678 
5 	 47 	 795256.789913 	 795256.789913 	 0.714286 	 37364883.101628 	 57.888906 	 795205.914678 
5 	 48 	 795256.789913 	 795256.789913 	 0.714286 	 38160089.016305 	 57.888906 	 795205.914678 
5 	 49 	 795256.789913 	 795256.789913 	 0.714286 	 38955294.930983 	 57.888906 	 795205.914678 
5 	 50 	 795256.789913 	 795256.789913 	 0.714286 	 39750500.845661 	 57.888906 	 795205.914678 
5 	 51 	 795256.789913 	 795256.789913 	 0.714286 	 40545706.760339 	 57.888906 	 795205.914678 
5 	 52 	 795256.789913 	 795256.789913 	 0.714286 	 41340912.675017 	 57.888906 	 795205.914678 
5 	 53 	 795256.789913 	 795256.789913 	 0.714286 	 42136118.589694 	 57.888906 	 795205.914678 
5 	 54 	 795256.789913 	 795256.789913 	 0.714286 	 42931324.504372 	 57.888906 	 795205.914678 
5 	 55 	 795256.789913 	 795256.789913 	 0.714286 	 43726530.419050 	 57.888906 	 795205.914678 
5 	 56 	 795256.789913 	 795256.789913 	 0.714286 	 44521736.333728 	 57.888906 	 795205.914678 
5 	 57 	 795256.789913 	 795256.789913 	 0.714286 	 45316942.248405 	 57.888906 	 795205.914678 
5 	 58 	 795256.789913 	 795256.789913 	 0.714286 	 46112148.163083 	 57.888906 	 795205.914678 
5 	 59 	 795256.789913 	 795256.789913 	 0.714286 	 46907354.077761 	 57.888906 	 795205.914678 
5 	 60 	 795256.789913 	 795256.789913 	 0.714286 	 47702559.992439 	 57.888906 	 795205.914678 
5 	 61 	 795256.789913 	 795256.789913 	 0.714286 	 48497765.907117 	 57.888906 	 795205.914678 
5 	 62 	 795256.789913 	 795256.789913 	 0.714286 	 49292971.821794 	 57.888906 	 795205.914678 
5 	 63 	 795256.789913 	 795256.789913 	 0.714286 	 50088177.736472 	 57.888906 	 795205.914678 
5 	 64 	 795256.789913 	 795256.789913 	 0.714286 	 50883383.651150 	 57.888906 	 795205.914678 
5 	 65 	 795256.789913 	 795256.789913 	 0.714286 	 51678589.565828 	 57.888906 	 795205.914678 
5 	 66 	 795256.789913 	 795256.789913 	 0.714286 	 52473795.480506 	 57.888906 	 795205.914678 
5 	 67 	 795256.789913 	 795256.789913 	 0.714286 	 53269001.395183 	 57.888906 	 795205.914678 
5 	 68 	 795256.789913 	 795256.789913 	 0.714286 	 54064207.309861 	 57.888906 	 795205.914678 
5 	 69 	 795256.789913 	 795256.789913 	 0.714286 	 54859413.224539 	 57.888906 	 795205.914678 
5 	 70 	 795256.789913 	 795256.789913 	 0.714286 	 55654619.139217 	 57.888906 	 795205.914678 
5 	 71 	 795256.789913 	 795256.789913 	 0.714286 	 56449825.053894 	 57.888906 	 795205.914678 
5 	 72 	 795256.789913 	 795256.789913 	 0.714286 	 57245030.968572 	 57.888906 	 795205.914678 
5 	 73 	 795256.789913 	 795256.789913 	 0.714286 	 58040236.883250 	 57.888906 	 795205.914678 
5 	 74 	 795256.789913 	 795256.789913 	 0.714286 	 58835442.797928 	 57.888906 	 795205.914678 
5 	 75 	 795256.789913 	 795256.789913 	 0.714286 	 59630648.712606 	 57.888906 	 795205.914678 
5 	 76 	 795256.789913 	 795256.789913 	 0.714286 	 60425854.627283 	 57.888906 	 795205.914678 
5 	 77 	 795256.789913 	 795256.789913 	 0.714286 	 61221060.541961 	 57.888906 	 795205.914678 
5 	 78 	 795256.789913 	 795256.789913 	 0.714286 	 62016266.456639 	 57.888906 	 795205.914678 
5 	 79 	 795256.789913 	 795256.789913 	 0.714286 	 62811472.371317 	 57.888906 	 795205.914678 
5 	 80 	 795256.789913 	 795256.789913 	 0.714286 	 63606678.285994 	 57.888906 	 795205.914678 
5 	 81 	 795256.789913 	 795256.789913 	 0.714286 	 64401884.200672 	 57.888906 	 795205.914678 
5 	 82 	 795256.789913 	 795256.789913 	 0.714286 	 65197090.115350 	 57.888906 	 795205.914678 
5 	 83 	 795256.789913 	 795256.789913 	 0.714286 	 65992296.030028 	 57.888906 	 795205.914678 
5 	 84 	 795256.789913 	 795256.789913 	 0.714286 	 66787501.944706 	 57.888906 	 795205.914678 
5 	 85 	 795256.789913 	 795256.789913 	 0.714286 	 67582707.859383 	 57.888906 	 795205.914678 
5 	 86 	 795256.789913 	 795256.789913 	 0.714286 	 68377913.774061 	 57.888906 	 795205.914678 
5 	 87 	 795256.789913 	 795256.789913 	 0.714286 	 69173119.688739 	 57.888906 	 795205.914678 
5 	 88 	 795256.789913 	 795256.789913 	 0.714286 	 69968325.603417 	 57.888906 	 795205.914678 
5 	 89 	 795256.789913 	 795256.789913 	 0.714286 	 70763531.518095 	 57.888906 	 795205.914678 
5 	 90 	 795256.789913 	 795256.789913 	 0.714286 	 71558737.432772 	 57.888906 	 795205.914678 
5 	 91 	 795256.789913 	 795256.789913 	 0.714286 	 72353943.347450 	 57.888906 	 795205.914678 
5 	 92 	 795256.789913 	 795256.789913 	 0.714286 	 73149149.262128 	 57.888906 	 795205.914678 
5 	 93 	 795256.789913 	 795256.789913 	 0.714286 	 73944355.176806 	 57.888906 	 795205.914678 
5 	 94 	 795256.789913 	 795256.789913 	 0.714286 	 74739561.091483 	 57.888906 	 795205.914678 
5 	 95 	 795256.789913 	 795256.789913 	 0.714286 	 75534767.006161 	 57.888906 	 795205.914678 
5 	 96 	 795256.789913 	 795256.789913 	 0.714286 	 76329972.920839 	 57.888906 	 795205.914678 
5 	 97 	 795256.789913 	 795256.789913 	 0.714286 	 77125178.835517 	 57.888906 	 795205.914678 
5 	 98 	 795256.789913 	 795256.789913 	 0.714286 	 77920384.750195 	 57.888906 	 795205.914678 
5 	 99 	 795256.789913 	 795256.789913 	 0.714286 	 78715590.664872 	 57.888906 	 795205.914678 
5 	 100 	 795256.789913 	 795256.789913 	 0.714286 	 79510796.579550 	 57.888906 	 795205.914678 
5 	 101 	 795256.789913 	 795256.789913 	 0.714286 	 80306002.494228 	 57.888906 	 795205.914678 
5 	 102 	 795256.789913 	 795256.789913 	 0.714286 	 81101208.408906 	 57.888906 	 795205.914678 
5 	 103 	 795256.789913 	 795256.789913 	 0.714286 	 81896414.323584 	 57.888906 	 795205.914678 
5 	 104 	 795256.789913 	 795256.789913 	 0.714286 	 82691620.238261 	 57.888906 	 795205.914678 
