104 	 3 	 1  	 45421.4 	  	 0 	 	 0 	 	 0 
104 	 3 	 2  	 45421.4 	  	 0 	 	 0 	 	 0 
104 	 3 	 3  	 45421.4 	  	 45172.1 	 	 0 	 	 0 
104 	 3 	 4  	 45421.4 	  	 45172.1 	 	 45172.1 	 	 0 
104 	 3 	 5  	 45421.4 	  	 45172.1 	 	 45172.1 	 	 0 
104 	 3 	 6  	 45421.4 	  	 45172.1 	 	 45172.1 	 	 0 
104 	 3 	 7  	 45421.4 	  	 45172.1 	 	 45172.1 	 	 0 
104 	 3 	 8  	 45421.4 	  	 45172.1 	 	 45172.1 	 	 0 
104 	 3 	 9  	 45421.4 	  	 45172.1 	 	 45172.1 	 	 0 
104 	 3 	 10  	 45421.4 	  	 45177.5 	 	 45172.1 	 	 0 
104 	 3 	 11  	 45421.4 	  	 45177.5 	 	 45177.5 	 	 0 
104 	 3 	 12  	 45421.4 	  	 45177.5 	 	 45177.5 	 	 0 
104 	 3 	 13  	 45421.4 	  	 45177.5 	 	 45177.5 	 	 0 
104 	 3 	 14  	 45421.4 	  	 45177.5 	 	 45177.5 	 	 0 
104 	 3 	 15  	 45421.4 	  	 45177.5 	 	 45177.5 	 	 0 
104 	 3 	 16  	 45421.4 	  	 45177.5 	 	 45177.5 	 	 0 
104 	 3 	 17  	 45421.4 	  	 45421.4 	 	 45177.5 	 	 0 
104 	 3 	 18  	 45421.4 	  	 45421.4 	 	 45421.4 	 	 0 
104 	 3 	 19  	 45421.4 	  	 45421.4 	 	 45421.4 	 	 0 
104 	 3 	 20  	 45421.4 	  	 45421.4 	 	 45421.4 	 	 0 
104 	 3 	 21  	 45421.4 	  	 45421.4 	 	 45421.4 	 	 0 
104 	 3 	 22  	 45421.4 	  	 45421.4 	 	 45421.4 	 	 0 
104 	 3 	 23  	 45421.4 	  	 45421.4 	 	 45421.4 	 	 0 
104 	 3 	 24  	 45421.4 	  	 45421.4 	 	 45421.4 	 	 0 
104 	 3 	 25  	 45421.4 	  	 45421.4 	 	 45421.4 	 	 0 
104 	 3 	 26  	 45421.4 	  	 45421.4 	 	 45421.4 	 	 0 
104 	 3 	 27  	 45421.4 	  	 45421.4 	 	 45421.4 	 	 0 
104 	 3 	 28  	 45421.4 	  	 45421.4 	 	 45421.4 	 	 0 
104 	 3 	 29  	 45421.4 	  	 45421.4 	 	 45421.4 	 	 0 
104 	 3 	 30  	 45421.4 	  	 45421.4 	 	 45421.4 	 	 0 
104 	 3 	 31  	 45421.4 	  	 45421.4 	 	 45421.4 	 	 0 
104 	 3 	 32  	 45421.4 	  	 45421.4 	 	 45421.4 	 	 0 
104 	 3 	 33  	 45421.4 	  	 45421.4 	 	 45421.4 	 	 0 
104 	 3 	 34  	 45421.4 	  	 45421.4 	 	 45421.4 	 	 0 
104 	 3 	 35  	 45421.4 	  	 45421.4 	 	 45421.4 	 	 0 
104 	 3 	 36  	 45421.4 	  	 45421.4 	 	 45421.4 	 	 0 
104 	 3 	 37  	 45421.4 	  	 45421.4 	 	 45421.4 	 	 0 
104 	 3 	 38  	 45421.4 	  	 45421.4 	 	 45421.4 	 	 0 
104 	 3 	 39  	 45421.4 	  	 45421.4 	 	 45421.4 	 	 0 
104 	 3 	 40  	 45421.4 	  	 45421.4 	 	 45421.4 	 	 0 
104 	 3 	 41  	 45421.4 	  	 45421.4 	 	 45421.4 	 	 0 
104 	 3 	 42  	 45421.4 	  	 45421.4 	 	 45421.4 	 	 0 
104 	 3 	 43  	 45421.4 	  	 45421.4 	 	 45421.4 	 	 0 
104 	 3 	 44  	 45421.4 	  	 45421.4 	 	 45421.4 	 	 0 
104 	 3 	 45  	 45421.4 	  	 45421.4 	 	 45421.4 	 	 0 
104 	 3 	 46  	 45421.4 	  	 45421.4 	 	 45421.4 	 	 0 
104 	 3 	 47  	 45421.4 	  	 45421.4 	 	 45421.4 	 	 0 
104 	 3 	 48  	 45421.4 	  	 45421.4 	 	 45421.4 	 	 0 
104 	 3 	 49  	 45421.4 	  	 45421.4 	 	 45421.4 	 	 0 
104 	 3 	 50  	 45421.4 	  	 45421.4 	 	 45421.4 	 	 0 
104 	 3 	 51  	 45421.4 	  	 45421.4 	 	 45421.4 	 	 0 
104 	 3 	 52  	 45421.4 	  	 45421.4 	 	 45421.4 	 	 0 
104 	 3 	 53  	 45421.4 	  	 45421.4 	 	 45421.4 	 	 0 
104 	 3 	 54  	 45421.4 	  	 45421.4 	 	 45421.4 	 	 0 
104 	 3 	 55  	 45421.4 	  	 45421.4 	 	 45421.4 	 	 0 
104 	 3 	 56  	 45421.4 	  	 45421.4 	 	 45421.4 	 	 0 
104 	 3 	 57  	 45421.4 	  	 45421.4 	 	 45421.4 	 	 0 
104 	 3 	 58  	 45421.4 	  	 45421.4 	 	 45421.4 	 	 0 
104 	 3 	 59  	 45421.4 	  	 45421.4 	 	 45421.4 	 	 0 
104 	 3 	 60  	 45421.4 	  	 45421.4 	 	 45421.4 	 	 0 
104 	 3 	 61  	 45421.4 	  	 45421.4 	 	 45421.4 	 	 0 
104 	 3 	 62  	 45421.4 	  	 45421.4 	 	 45421.4 	 	 0 
104 	 3 	 63  	 45421.4 	  	 45421.4 	 	 45421.4 	 	 0 
104 	 3 	 64  	 45421.4 	  	 45421.4 	 	 45421.4 	 	 0 
104 	 3 	 65  	 45421.4 	  	 45421.4 	 	 45421.4 	 	 0 
104 	 3 	 66  	 45421.4 	  	 45421.4 	 	 45421.4 	 	 0 
104 	 3 	 67  	 45421.4 	  	 45421.4 	 	 45421.4 	 	 0 
104 	 3 	 68  	 45421.4 	  	 45421.4 	 	 45421.4 	 	 0 
104 	 3 	 69  	 45421.4 	  	 45421.4 	 	 45421.4 	 	 0 
104 	 3 	 70  	 45421.4 	  	 45421.4 	 	 45421.4 	 	 0 
104 	 3 	 71  	 45421.4 	  	 45421.4 	 	 45421.4 	 	 0 
104 	 3 	 72  	 45421.4 	  	 45421.4 	 	 45421.4 	 	 0 
104 	 3 	 73  	 45421.4 	  	 45421.4 	 	 45421.4 	 	 0 
104 	 3 	 74  	 45421.4 	  	 45421.4 	 	 45421.4 	 	 0 
104 	 3 	 75  	 45421.4 	  	 45421.4 	 	 45421.4 	 	 0 
104 	 3 	 76  	 45421.4 	  	 45421.4 	 	 45421.4 	 	 0 
104 	 3 	 77  	 45421.4 	  	 45421.4 	 	 45421.4 	 	 0 
104 	 3 	 78  	 45421.4 	  	 45421.4 	 	 45421.4 	 	 0 
104 	 3 	 79  	 45421.4 	  	 45421.4 	 	 45421.4 	 	 0 
104 	 3 	 80  	 45421.4 	  	 45421.4 	 	 45421.4 	 	 0 
104 	 3 	 81  	 45421.4 	  	 45421.4 	 	 45421.4 	 	 0 
104 	 3 	 82  	 45421.4 	  	 45421.4 	 	 45421.4 	 	 0 
104 	 3 	 83  	 45421.4 	  	 45421.4 	 	 45421.4 	 	 0 
104 	 3 	 84  	 45421.4 	  	 45421.4 	 	 45421.4 	 	 0 
104 	 3 	 85  	 45421.4 	  	 45421.4 	 	 45421.4 	 	 0 
104 	 3 	 86  	 45421.4 	  	 45421.4 	 	 45421.4 	 	 0 
104 	 3 	 87  	 45421.4 	  	 45421.4 	 	 45421.4 	 	 0 
104 	 3 	 88  	 45421.4 	  	 45421.4 	 	 45421.4 	 	 0 
104 	 3 	 89  	 45421.4 	  	 45421.4 	 	 45421.4 	 	 0 
104 	 3 	 90  	 45421.4 	  	 45421.4 	 	 45421.4 	 	 0 
104 	 3 	 91  	 45421.4 	  	 45421.4 	 	 45421.4 	 	 0 
104 	 3 	 92  	 45421.4 	  	 45421.4 	 	 45421.4 	 	 0 
104 	 3 	 93  	 45421.4 	  	 45421.4 	 	 45421.4 	 	 0 
104 	 3 	 94  	 45421.4 	  	 45421.4 	 	 45421.4 	 	 0 
104 	 3 	 95  	 45421.4 	  	 45421.4 	 	 45421.4 	 	 0 
104 	 3 	 96  	 45421.4 	  	 45421.4 	 	 45421.4 	 	 0 
104 	 3 	 97  	 45421.4 	  	 45421.4 	 	 45421.4 	 	 0 
104 	 3 	 98  	 45421.4 	  	 45421.4 	 	 45421.4 	 	 0 
104 	 3 	 99  	 45421.4 	  	 45421.4 	 	 45421.4 	 	 0 
104 	 3 	 100  	 45421.4 	  	 45421.4 	 	 45421.4 	 	 0 
104 	 3 	 101  	 45421.4 	  	 45421.4 	 	 45421.4 	 	 0 
104 	 3 	 102  	 45421.4 	  	 45421.4 	 	 45421.4 	 	 0 
104 	 3 	 103  	 45421.4 	  	 45421.4 	 	 45421.4 	 	 0 
104 	 3 	 104  	 45421.4 	  	 45421.4 	 	 45421.4 	 	 0 
104 	 3 	 105  	 45421.4 	  	 45421.4 	 	 45421.4 	 	 0 
104 	 3 	 106  	 45421.4 	  	 45421.4 	 	 45421.4 	 	 0 
104 	 3 	 107  	 45421.4 	  	 45421.4 	 	 45421.4 	 	 0 
104 	 3 	 108  	 45421.4 	  	 45421.4 	 	 45421.4 	 	 0 
104 	 3 	 109  	 45421.4 	  	 45421.4 	 	 45421.4 	 	 0 
104 	 3 	 110  	 45421.4 	  	 45421.4 	 	 45421.4 	 	 0 
104 	 3 	 111  	 45421.4 	  	 45421.4 	 	 45421.4 	 	 0 
104 	 3 	 112  	 45421.4 	  	 45421.4 	 	 45421.4 	 	 0 
104 	 3 	 113  	 45421.4 	  	 45421.4 	 	 45421.4 	 	 0 
104 	 3 	 114  	 45421.4 	  	 45421.4 	 	 45421.4 	 	 0 
104 	 3 	 115  	 45421.4 	  	 45421.4 	 	 45421.4 	 	 0 
104 	 3 	 116  	 45421.4 	  	 45421.4 	 	 45421.4 	 	 0 
104 	 3 	 117  	 45421.4 	  	 45421.4 	 	 45421.4 	 	 0 
104 	 3 	 118  	 45421.4 	  	 45421.4 	 	 45421.4 	 	 0 
104 	 3 	 119  	 45421.4 	  	 45421.4 	 	 45421.4 	 	 0 
104 	 3 	 120  	 45421.4 	  	 45421.4 	 	 45421.4 	 	 0 
104 	 3 	 121  	 45421.4 	  	 45421.4 	 	 45421.4 	 	 0 
104 	 3 	 122  	 45421.4 	  	 45421.4 	 	 45421.4 	 	 0 
104 	 3 	 123  	 45421.4 	  	 45421.4 	 	 45421.4 	 	 0 
104 	 3 	 124  	 45421.4 	  	 45421.4 	 	 45421.4 	 	 0 
104 	 3 	 125  	 45421.4 	  	 45421.4 	 	 45421.4 	 	 0 
104 	 3 	 126  	 45421.4 	  	 45421.4 	 	 45421.4 	 	 0 
104 	 3 	 127  	 45421.4 	  	 45421.4 	 	 45421.4 	 	 0 
104 	 3 	 128  	 45421.4 	  	 45421.4 	 	 45421.4 	 	 0 
104 	 3 	 129  	 45421.4 	  	 45421.4 	 	 45421.4 	 	 0 
104 	 3 	 130  	 45421.4 	  	 45421.4 	 	 45421.4 	 	 0 
104 	 3 	 131  	 45421.4 	  	 45421.4 	 	 45421.4 	 	 0 
104 	 3 	 132  	 45421.4 	  	 45421.4 	 	 45421.4 	 	 0 
104 	 3 	 133  	 45421.4 	  	 45421.4 	 	 45421.4 	 	 0 
104 	 3 	 134  	 45421.4 	  	 45421.4 	 	 45421.4 	 	 0 
104 	 3 	 135  	 45421.4 	  	 45421.4 	 	 45421.4 	 	 0 
104 	 3 	 136  	 45421.4 	  	 45421.4 	 	 45421.4 	 	 0 
104 	 3 	 137  	 45421.4 	  	 45421.4 	 	 45421.4 	 	 0 
104 	 3 	 138  	 45421.4 	  	 45421.4 	 	 45421.4 	 	 0 
104 	 3 	 139  	 45421.4 	  	 45421.4 	 	 45421.4 	 	 0 
104 	 3 	 140  	 45421.4 	  	 45421.4 	 	 45421.4 	 	 0 
104 	 3 	 141  	 45421.4 	  	 45421.4 	 	 45421.4 	 	 0 
104 	 3 	 142  	 45421.4 	  	 45421.4 	 	 45421.4 	 	 0 
104 	 3 	 143  	 45421.4 	  	 45421.4 	 	 45421.4 	 	 0 
104 	 3 	 144  	 45421.4 	  	 45421.4 	 	 45421.4 	 	 0 
104 	 3 	 145  	 45421.4 	  	 45421.4 	 	 45421.4 	 	 0 
104 	 3 	 146  	 45421.4 	  	 45421.4 	 	 45421.4 	 	 0 
104 	 3 	 147  	 45421.4 	  	 45421.4 	 	 45421.4 	 	 0 
104 	 3 	 148  	 45421.4 	  	 45421.4 	 	 45421.4 	 	 0 
104 	 3 	 149  	 45421.4 	  	 45421.4 	 	 45421.4 	 	 0 
104 	 3 	 150  	 45421.4 	  	 45421.4 	 	 45421.4 	 	 0 
104 	 3 	 151  	 45421.4 	  	 45421.4 	 	 45421.4 	 	 0 
104 	 3 	 152  	 45421.4 	  	 45421.4 	 	 45421.4 	 	 0 
104 	 3 	 153  	 45421.4 	  	 45421.4 	 	 45421.4 	 	 0 
104 	 3 	 154  	 45421.4 	  	 45421.4 	 	 45421.4 	 	 0 
104 	 3 	 155  	 45421.4 	  	 45421.4 	 	 45421.4 	 	 0 
104 	 3 	 156  	 45421.4 	  	 45421.4 	 	 45421.4 	 	 0 
104 	 3 	 157  	 45421.4 	  	 45421.4 	 	 45421.4 	 	 0 
104 	 3 	 158  	 45421.4 	  	 45421.4 	 	 45421.4 	 	 0 
104 	 3 	 159  	 45421.4 	  	 45421.4 	 	 45421.4 	 	 0 
104 	 3 	 160  	 45421.4 	  	 45421.4 	 	 45421.4 	 	 0 
104 	 3 	 161  	 45421.4 	  	 45421.4 	 	 45421.4 	 	 0 
104 	 3 	 162  	 45421.4 	  	 45421.4 	 	 45421.4 	 	 0 
104 	 3 	 163  	 45421.4 	  	 45421.4 	 	 45421.4 	 	 0 
104 	 3 	 164  	 45421.4 	  	 45421.4 	 	 45421.4 	 	 0 
104 	 3 	 165  	 45421.4 	  	 45421.4 	 	 45421.4 	 	 0 
104 	 3 	 166  	 45421.4 	  	 45421.4 	 	 45421.4 	 	 0 
104 	 3 	 167  	 45421.4 	  	 45421.4 	 	 45421.4 	 	 0 
104 	 3 	 168  	 45421.4 	  	 45421.4 	 	 45421.4 	 	 0 
104 	 3 	 169  	 45421.4 	  	 45421.4 	 	 45421.4 	 	 0 
104 	 3 	 170  	 45421.4 	  	 45421.4 	 	 45421.4 	 	 0 
104 	 3 	 171  	 45421.4 	  	 45421.4 	 	 45421.4 	 	 0 
104 	 3 	 172  	 45421.4 	  	 45421.4 	 	 45421.4 	 	 0 
104 	 3 	 173  	 45421.4 	  	 45421.4 	 	 45421.4 	 	 0 
104 	 3 	 174  	 45421.4 	  	 45421.4 	 	 45421.4 	 	 0 
104 	 3 	 175  	 45421.4 	  	 45421.4 	 	 45421.4 	 	 0 
104 	 3 	 176  	 45421.4 	  	 45421.4 	 	 45421.4 	 	 0 
104 	 3 	 177  	 45421.4 	  	 45421.4 	 	 45421.4 	 	 0 
104 	 3 	 178  	 45421.4 	  	 45421.4 	 	 45421.4 	 	 0 
104 	 3 	 179  	 45421.4 	  	 45421.4 	 	 45421.4 	 	 0 
104 	 3 	 180  	 45421.4 	  	 45421.4 	 	 45421.4 	 	 0 
104 	 3 	 181  	 45421.4 	  	 45421.4 	 	 45421.4 	 	 0 
104 	 3 	 182  	 45421.4 	  	 45421.4 	 	 45421.4 	 	 0 
104 	 3 	 183  	 45421.4 	  	 45421.4 	 	 45421.4 	 	 0 
104 	 3 	 184  	 45421.4 	  	 45421.4 	 	 45421.4 	 	 0 
104 	 3 	 185  	 45421.4 	  	 45421.4 	 	 45421.4 	 	 0 
104 	 3 	 186  	 45421.4 	  	 45421.4 	 	 45421.4 	 	 0 
104 	 3 	 187  	 45421.4 	  	 45421.4 	 	 45421.4 	 	 0 
104 	 3 	 188  	 45421.4 	  	 45421.4 	 	 45421.4 	 	 0 
104 	 3 	 189  	 45421.4 	  	 45421.4 	 	 45421.4 	 	 0 
104 	 3 	 190  	 45421.4 	  	 45421.4 	 	 45421.4 	 	 0 
104 	 3 	 191  	 45421.4 	  	 45421.4 	 	 45421.4 	 	 0 
104 	 3 	 192  	 45421.4 	  	 45421.4 	 	 45421.4 	 	 0 
104 	 3 	 193  	 45421.4 	  	 45421.4 	 	 45421.4 	 	 0 
104 	 3 	 194  	 45421.4 	  	 45421.4 	 	 45421.4 	 	 0 
104 	 3 	 195  	 45421.4 	  	 45421.4 	 	 45421.4 	 	 0 
104 	 3 	 196  	 45421.4 	  	 45421.4 	 	 45421.4 	 	 0 
104 	 3 	 197  	 45421.4 	  	 45421.4 	 	 45421.4 	 	 0 
104 	 3 	 198  	 45421.4 	  	 45421.4 	 	 45421.4 	 	 0 
104 	 3 	 199  	 45421.4 	  	 45421.4 	 	 45421.4 	 	 0 
104 	 3 	 200  	 45421.4 	  	 45421.4 	 	 45421.4 	 	 0 
104 	 3 	 201  	 45421.4 	  	 45421.4 	 	 45421.4 	 	 0 
104 	 3 	 202  	 45421.4 	  	 45421.4 	 	 45421.4 	 	 0 
104 	 3 	 203  	 45421.4 	  	 45421.4 	 	 45421.4 	 	 0 
104 	 3 	 204  	 45421.4 	  	 45421.4 	 	 45421.4 	 	 0 
104 	 3 	 205  	 45421.4 	  	 45421.4 	 	 45421.4 	 	 0 
104 	 3 	 206  	 45421.4 	  	 45421.4 	 	 45421.4 	 	 0 
104 	 3 	 207  	 45421.4 	  	 45421.4 	 	 45421.4 	 	 0 
104 	 3 	 208  	 45421.4 	  	 45421.4 	 	 45421.4 	 	 0 
104 	 3 	 209  	 45421.4 	  	 45421.4 	 	 45421.4 	 	 0 
104 	 3 	 210  	 45421.4 	  	 45421.4 	 	 45421.4 	 	 0 
104 	 3 	 211  	 45421.4 	  	 45421.4 	 	 45421.4 	 	 0 
104 	 3 	 212  	 45421.4 	  	 45421.4 	 	 45421.4 	 	 0 
104 	 3 	 213  	 45421.4 	  	 45421.4 	 	 45421.4 	 	 0 
104 	 3 	 214  	 45421.4 	  	 45421.4 	 	 45421.4 	 	 0 
104 	 3 	 215  	 45421.4 	  	 45421.4 	 	 45421.4 	 	 0 
104 	 3 	 216  	 45421.4 	  	 45421.4 	 	 45421.4 	 	 0 
104 	 3 	 217  	 45421.4 	  	 45421.4 	 	 45421.4 	 	 0 
104 	 3 	 218  	 45421.4 	  	 45421.4 	 	 45421.4 	 	 0 
104 	 3 	 219  	 45421.4 	  	 45421.4 	 	 45421.4 	 	 0 
104 	 3 	 220  	 45421.4 	  	 45421.4 	 	 45421.4 	 	 0 
104 	 3 	 221  	 45421.4 	  	 45421.4 	 	 45421.4 	 	 0 
104 	 3 	 222  	 45421.4 	  	 45421.4 	 	 45421.4 	 	 0 
104 	 3 	 223  	 45421.4 	  	 45421.4 	 	 45421.4 	 	 0 
104 	 3 	 224  	 45421.4 	  	 45421.4 	 	 45421.4 	 	 0 
104 	 3 	 225  	 45421.4 	  	 45421.4 	 	 45421.4 	 	 0 
104 	 3 	 226  	 45421.4 	  	 45421.4 	 	 45421.4 	 	 0 
104 	 3 	 227  	 45421.4 	  	 45421.4 	 	 45421.4 	 	 0 
104 	 3 	 228  	 45421.4 	  	 45421.4 	 	 45421.4 	 	 0 
104 	 3 	 229  	 45421.4 	  	 45421.4 	 	 45421.4 	 	 0 
104 	 3 	 230  	 45421.4 	  	 45421.4 	 	 45421.4 	 	 0 
104 	 3 	 231  	 45421.4 	  	 45421.4 	 	 45421.4 	 	 0 
104 	 3 	 232  	 45421.4 	  	 45421.4 	 	 45421.4 	 	 0 
104 	 3 	 233  	 45421.4 	  	 45421.4 	 	 45421.4 	 	 0 
104 	 3 	 234  	 45421.4 	  	 45421.4 	 	 45421.4 	 	 0 
104 	 3 	 235  	 45421.4 	  	 45421.4 	 	 45421.4 	 	 0 
104 	 3 	 236  	 45421.4 	  	 45421.4 	 	 45421.4 	 	 0 
104 	 3 	 237  	 45421.4 	  	 45421.4 	 	 45421.4 	 	 0 
104 	 3 	 238  	 45421.4 	  	 45421.4 	 	 45421.4 	 	 0 
104 	 3 	 239  	 45421.4 	  	 45421.4 	 	 45421.4 	 	 0 
104 	 3 	 240  	 45421.4 	  	 45421.4 	 	 45421.4 	 	 0 
104 	 3 	 241  	 45421.4 	  	 45421.4 	 	 45421.4 	 	 0 
104 	 3 	 242  	 45421.4 	  	 45421.4 	 	 45421.4 	 	 0 
104 	 3 	 243  	 45421.4 	  	 45421.4 	 	 45421.4 	 	 0 
104 	 3 	 244  	 45421.4 	  	 45421.4 	 	 45421.4 	 	 0 
104 	 3 	 245  	 45421.4 	  	 45421.4 	 	 45421.4 	 	 0 
104 	 3 	 246  	 45421.4 	  	 45421.4 	 	 45421.4 	 	 0 
104 	 3 	 247  	 45421.4 	  	 45421.4 	 	 45421.4 	 	 0 
104 	 3 	 248  	 45421.4 	  	 45421.4 	 	 45421.4 	 	 0 
104 	 3 	 249  	 45421.4 	  	 45421.4 	 	 45421.4 	 	 0 
104 	 3 	 250  	 45421.4 	  	 45421.4 	 	 45421.4 	 	 0 
104 	 3 	 251  	 45421.4 	  	 45421.4 	 	 45421.4 	 	 0 
104 	 3 	 252  	 45421.4 	  	 45421.4 	 	 45421.4 	 	 0 
104 	 3 	 253  	 45421.4 	  	 45421.4 	 	 45421.4 	 	 0 
104 	 3 	 254  	 45421.4 	  	 45421.4 	 	 45421.4 	 	 0 
104 	 3 	 255  	 45421.4 	  	 45421.4 	 	 45421.4 	 	 0 
104 	 3 	 256  	 45421.4 	  	 45421.4 	 	 45421.4 	 	 0 
104 	 3 	 257  	 45421.4 	  	 45421.4 	 	 45421.4 	 	 0 
104 	 3 	 258  	 45421.4 	  	 45421.4 	 	 45421.4 	 	 0 
104 	 3 	 259  	 45421.4 	  	 45421.4 	 	 45421.4 	 	 0 
104 	 3 	 260  	 45421.4 	  	 45421.4 	 	 45421.4 	 	 0 
104 	 3 	 261  	 45421.4 	  	 45421.4 	 	 45421.4 	 	 0 
104 	 3 	 262  	 45421.4 	  	 45421.4 	 	 45421.4 	 	 0 
104 	 3 	 263  	 45421.4 	  	 45421.4 	 	 45421.4 	 	 0 
104 	 3 	 264  	 45421.4 	  	 45421.4 	 	 45421.4 	 	 0 
104 	 3 	 265  	 45421.4 	  	 45421.4 	 	 45421.4 	 	 0 
104 	 3 	 266  	 45421.4 	  	 45421.4 	 	 45421.4 	 	 0 
104 	 3 	 267  	 45421.4 	  	 45421.4 	 	 45421.4 	 	 0 
104 	 3 	 268  	 45421.4 	  	 45421.4 	 	 45421.4 	 	 0 
104 	 3 	 269  	 45421.4 	  	 45421.4 	 	 45421.4 	 	 0 
104 	 3 	 270  	 45421.4 	  	 45421.4 	 	 45421.4 	 	 0 
104 	 3 	 271  	 45421.4 	  	 45421.4 	 	 45421.4 	 	 0 
104 	 3 	 272  	 45421.4 	  	 45421.4 	 	 45421.4 	 	 0 
104 	 3 	 273  	 45421.4 	  	 45421.4 	 	 45421.4 	 	 0 
104 	 3 	 274  	 45421.4 	  	 45421.4 	 	 45421.4 	 	 0 
104 	 3 	 275  	 45421.4 	  	 45421.4 	 	 45421.4 	 	 0 
104 	 3 	 276  	 45421.4 	  	 45421.4 	 	 45421.4 	 	 0 
104 	 3 	 277  	 45421.4 	  	 45421.4 	 	 45421.4 	 	 0 
104 	 3 	 278  	 45421.4 	  	 45421.4 	 	 45421.4 	 	 0 
104 	 3 	 279  	 45421.4 	  	 45421.4 	 	 45421.4 	 	 0 
104 	 3 	 280  	 45421.4 	  	 45421.4 	 	 45421.4 	 	 0 
104 	 3 	 281  	 45421.4 	  	 45421.4 	 	 45421.4 	 	 0 
104 	 3 	 282  	 45421.4 	  	 45421.4 	 	 45421.4 	 	 0 
104 	 3 	 283  	 45421.4 	  	 45421.4 	 	 45421.4 	 	 0 
104 	 3 	 284  	 45421.4 	  	 45421.4 	 	 45421.4 	 	 0 
104 	 3 	 285  	 45421.4 	  	 45421.4 	 	 45421.4 	 	 0 
104 	 3 	 286  	 45421.4 	  	 45421.4 	 	 45421.4 	 	 0 
104 	 3 	 287  	 45421.4 	  	 45421.4 	 	 45421.4 	 	 0 
104 	 3 	 288  	 45421.4 	  	 45421.4 	 	 45421.4 	 	 0 
104 	 3 	 289  	 45421.4 	  	 45421.4 	 	 45421.4 	 	 0 
104 	 3 	 290  	 45421.4 	  	 45421.4 	 	 45421.4 	 	 0 
104 	 3 	 291  	 45421.4 	  	 45421.4 	 	 45421.4 	 	 0 
104 	 3 	 292  	 45421.4 	  	 45421.4 	 	 45421.4 	 	 0 
104 	 3 	 293  	 45421.4 	  	 45421.4 	 	 45421.4 	 	 0 
104 	 3 	 294  	 45421.4 	  	 45421.4 	 	 45421.4 	 	 0 
104 	 3 	 295  	 45421.4 	  	 45421.4 	 	 45421.4 	 	 0 
104 	 3 	 296  	 45421.4 	  	 45421.4 	 	 45421.4 	 	 0 
104 	 3 	 297  	 45421.4 	  	 45421.4 	 	 45421.4 	 	 0 
104 	 3 	 298  	 45421.4 	  	 45421.4 	 	 45421.4 	 	 0 
104 	 3 	 299  	 45421.4 	  	 45421.4 	 	 45421.4 	 	 0 
104 	 3 	 300  	 45421.4 	  	 45421.4 	 	 45421.4 	 	 0 
104 	 3 	 301  	 45421.4 	  	 45421.4 	 	 45421.4 	 	 0 
104 	 3 	 302  	 45421.4 	  	 45421.4 	 	 45421.4 	 	 0 
104 	 3 	 303  	 45421.4 	  	 45421.4 	 	 45421.4 	 	 0 
104 	 3 	 304  	 45421.4 	  	 45421.4 	 	 45421.4 	 	 0 
104 	 3 	 305  	 45421.4 	  	 45421.4 	 	 45421.4 	 	 0 
104 	 3 	 306  	 45421.4 	  	 45421.4 	 	 45421.4 	 	 0 
104 	 3 	 307  	 45421.4 	  	 45421.4 	 	 45421.4 	 	 0 
104 	 3 	 308  	 45421.4 	  	 45421.4 	 	 45421.4 	 	 0 
104 	 3 	 309  	 45421.4 	  	 45421.4 	 	 45421.4 	 	 0 
104 	 3 	 310  	 45421.4 	  	 45421.4 	 	 45421.4 	 	 0 
104 	 3 	 311  	 45421.4 	  	 45421.4 	 	 45421.4 	 	 0 
104 	 3 	 312  	 45421.4 	  	 45421.4 	 	 45421.4 	 	 0 
104 	 3 	 313  	 45421.4 	  	 45421.4 	 	 45421.4 	 	 0 
104 	 3 	 314  	 45421.4 	  	 45421.4 	 	 45421.4 	 	 0 
104 	 3 	 315  	 45421.4 	  	 45421.4 	 	 45421.4 	 	 0 
104 	 3 	 316  	 45421.4 	  	 45421.4 	 	 45421.4 	 	 0 
104 	 3 	 317  	 45421.4 	  	 45421.4 	 	 45421.4 	 	 0 
104 	 3 	 318  	 45421.4 	  	 45421.4 	 	 45421.4 	 	 0 
104 	 3 	 319  	 45421.4 	  	 45421.4 	 	 45421.4 	 	 0 
104 	 3 	 320  	 45421.4 	  	 45421.4 	 	 45421.4 	 	 0 
104 	 3 	 321  	 45421.4 	  	 45421.4 	 	 45421.4 	 	 0 
104 	 3 	 322  	 45421.4 	  	 45421.4 	 	 45421.4 	 	 0 
104 	 3 	 323  	 45421.4 	  	 45421.4 	 	 45421.4 	 	 0 
104 	 3 	 324  	 45421.4 	  	 45421.4 	 	 45421.4 	 	 0 
104 	 3 	 325  	 45421.4 	  	 45421.4 	 	 45421.4 	 	 0 
104 	 3 	 326  	 45421.4 	  	 45421.4 	 	 45421.4 	 	 0 
104 	 3 	 327  	 45421.4 	  	 45421.4 	 	 45421.4 	 	 0 
104 	 3 	 328  	 45421.4 	  	 45421.4 	 	 45421.4 	 	 0 
104 	 3 	 329  	 45421.4 	  	 45421.4 	 	 45421.4 	 	 0 
104 	 3 	 330  	 45421.4 	  	 45421.4 	 	 45421.4 	 	 0 
104 	 3 	 331  	 45421.4 	  	 45421.4 	 	 45421.4 	 	 0 
104 	 3 	 332  	 45421.4 	  	 45421.4 	 	 45421.4 	 	 0 
104 	 3 	 333  	 45421.4 	  	 45421.4 	 	 45421.4 	 	 0 
104 	 3 	 334  	 45421.4 	  	 45421.4 	 	 45421.4 	 	 0 
104 	 3 	 335  	 45421.4 	  	 45421.4 	 	 45421.4 	 	 0 
104 	 3 	 336  	 45421.4 	  	 45421.4 	 	 45421.4 	 	 0 
104 	 3 	 337  	 45421.4 	  	 45421.4 	 	 45421.4 	 	 0 
104 	 3 	 338  	 45421.4 	  	 45421.4 	 	 45421.4 	 	 0 
104 	 3 	 339  	 45421.4 	  	 45421.4 	 	 45421.4 	 	 0 
104 	 3 	 340  	 45421.4 	  	 45421.4 	 	 45421.4 	 	 0 
104 	 3 	 341  	 45421.4 	  	 45421.4 	 	 45421.4 	 	 0 
104 	 3 	 342  	 45421.4 	  	 45421.4 	 	 45421.4 	 	 0 
104 	 3 	 343  	 45421.4 	  	 45421.4 	 	 45421.4 	 	 0 
104 	 3 	 344  	 45421.4 	  	 45421.4 	 	 45421.4 	 	 0 
104 	 3 	 345  	 45421.4 	  	 45421.4 	 	 45421.4 	 	 0 
104 	 3 	 346  	 45421.4 	  	 45421.4 	 	 45421.4 	 	 0 
104 	 3 	 347  	 45421.4 	  	 45421.4 	 	 45421.4 	 	 0 
104 	 3 	 348  	 45421.4 	  	 45421.4 	 	 45421.4 	 	 0 
104 	 3 	 349  	 45421.4 	  	 45421.4 	 	 45421.4 	 	 0 
104 	 3 	 350  	 45421.4 	  	 45421.4 	 	 45421.4 	 	 0 
104 	 3 	 351  	 45421.4 	  	 45421.4 	 	 45421.4 	 	 0 
104 	 3 	 352  	 45421.4 	  	 45421.4 	 	 45421.4 	 	 0 
104 	 3 	 353  	 45421.4 	  	 45421.4 	 	 45421.4 	 	 0 
104 	 3 	 354  	 45421.4 	  	 45421.4 	 	 45421.4 	 	 0 
104 	 3 	 355  	 45421.4 	  	 45421.4 	 	 45421.4 	 	 0 
104 	 3 	 356  	 45421.4 	  	 45421.4 	 	 45421.4 	 	 0 
104 	 3 	 357  	 45421.4 	  	 45421.4 	 	 45421.4 	 	 0 
104 	 3 	 358  	 45421.4 	  	 45421.4 	 	 45421.4 	 	 0 
104 	 3 	 359  	 45421.4 	  	 45421.4 	 	 45421.4 	 	 0 
104 	 3 	 360  	 45421.4 	  	 45421.4 	 	 45421.4 	 	 0 
104 	 3 	 361  	 45421.4 	  	 45421.4 	 	 45421.4 	 	 0 
104 	 3 	 362  	 45421.4 	  	 45421.4 	 	 45421.4 	 	 0 
104 	 3 	 363  	 45421.4 	  	 45421.4 	 	 45421.4 	 	 0 
104 	 3 	 364  	 45421.4 	  	 45421.4 	 	 45421.4 	 	 0 
104 	 3 	 365  	 45421.4 	  	 45421.4 	 	 45421.4 	 	 0 
104 	 3 	 366  	 45421.4 	  	 45421.4 	 	 45421.4 	 	 0 
104 	 3 	 367  	 45421.4 	  	 45421.4 	 	 45421.4 	 	 0 
104 	 3 	 368  	 45421.4 	  	 45421.4 	 	 45421.4 	 	 0 
104 	 3 	 369  	 45421.4 	  	 45421.4 	 	 45421.4 	 	 0 
104 	 3 	 370  	 45421.4 	  	 45421.4 	 	 45421.4 	 	 0 
104 	 3 	 371  	 45421.4 	  	 45421.4 	 	 45421.4 	 	 0 
104 	 3 	 372  	 45421.4 	  	 45421.4 	 	 45421.4 	 	 0 
104 	 3 	 373  	 45421.4 	  	 45421.4 	 	 45421.4 	 	 0 
104 	 3 	 374  	 45421.4 	  	 45421.4 	 	 45421.4 	 	 0 
104 	 3 	 375  	 45421.4 	  	 45421.4 	 	 45421.4 	 	 0 
104 	 3 	 376  	 45421.4 	  	 45421.4 	 	 45421.4 	 	 0 
104 	 3 	 377  	 45421.4 	  	 45421.4 	 	 45421.4 	 	 0 
104 	 3 	 378  	 45421.4 	  	 45421.4 	 	 45421.4 	 	 0 
104 	 3 	 379  	 45421.4 	  	 45421.4 	 	 45421.4 	 	 0 
104 	 3 	 380  	 45421.4 	  	 45421.4 	 	 45421.4 	 	 0 
104 	 3 	 381  	 45421.4 	  	 45421.4 	 	 45421.4 	 	 0 
104 	 3 	 382  	 45421.4 	  	 45421.4 	 	 45421.4 	 	 0 
104 	 3 	 383  	 45421.4 	  	 45421.4 	 	 45421.4 	 	 0 
104 	 3 	 384  	 45421.4 	  	 45421.4 	 	 45421.4 	 	 0 
104 	 3 	 385  	 45421.4 	  	 45421.4 	 	 45421.4 	 	 0 
104 	 3 	 386  	 45421.4 	  	 45421.4 	 	 45421.4 	 	 0 
104 	 3 	 387  	 45421.4 	  	 45421.4 	 	 45421.4 	 	 0 
104 	 3 	 388  	 45421.4 	  	 45421.4 	 	 45421.4 	 	 0 
104 	 3 	 389  	 45421.4 	  	 45421.4 	 	 45421.4 	 	 0 
104 	 3 	 390  	 45421.4 	  	 45421.4 	 	 45421.4 	 	 0 
104 	 3 	 391  	 45421.4 	  	 45421.4 	 	 45421.4 	 	 0 
104 	 3 	 392  	 45421.4 	  	 45421.4 	 	 45421.4 	 	 0 
104 	 3 	 393  	 45421.4 	  	 45421.4 	 	 45421.4 	 	 0 
104 	 3 	 394  	 45421.4 	  	 45421.4 	 	 45421.4 	 	 0 
104 	 3 	 395  	 45421.4 	  	 45421.4 	 	 45421.4 	 	 0 
104 	 3 	 396  	 45421.4 	  	 45421.4 	 	 45421.4 	 	 0 
104 	 3 	 397  	 45421.4 	  	 45421.4 	 	 45421.4 	 	 0 
104 	 3 	 398  	 45421.4 	  	 45421.4 	 	 45421.4 	 	 0 
104 	 3 	 399  	 45421.4 	  	 45421.4 	 	 45421.4 	 	 0 
104 	 3 	 400  	 45421.4 	  	 45421.4 	 	 45421.4 	 	 0 
104 	 3 	 401  	 45421.4 	  	 45421.4 	 	 45421.4 	 	 0 
104 	 3 	 402  	 45421.4 	  	 45421.4 	 	 45421.4 	 	 0 
104 	 3 	 403  	 45421.4 	  	 45421.4 	 	 45421.4 	 	 0 
104 	 3 	 404  	 45421.4 	  	 45421.4 	 	 45421.4 	 	 0 
104 	 3 	 405  	 45421.4 	  	 45421.4 	 	 45421.4 	 	 0 
104 	 3 	 406  	 45421.4 	  	 45421.4 	 	 45421.4 	 	 0 
104 	 3 	 407  	 45421.4 	  	 45421.4 	 	 45421.4 	 	 0 
104 	 3 	 408  	 45421.4 	  	 45421.4 	 	 45421.4 	 	 0 
104 	 3 	 409  	 45421.4 	  	 45421.4 	 	 45421.4 	 	 0 
104 	 3 	 410  	 45421.4 	  	 45421.4 	 	 45421.4 	 	 0 
104 	 3 	 411  	 45421.4 	  	 45421.4 	 	 45421.4 	 	 0 
104 	 3 	 412  	 45421.4 	  	 45421.4 	 	 45421.4 	 	 0 
104 	 3 	 413  	 45421.4 	  	 45421.4 	 	 45421.4 	 	 0 
104 	 3 	 414  	 45421.4 	  	 45421.4 	 	 45421.4 	 	 0 
104 	 3 	 415  	 45421.4 	  	 45421.4 	 	 45421.4 	 	 0 
104 	 3 	 416  	 45421.4 	  	 45421.4 	 	 45421.4 	 	 0 
104 	 3 	 417  	 45421.4 	  	 45421.4 	 	 45421.4 	 	 0 
104 	 3 	 418  	 45421.4 	  	 45421.4 	 	 45421.4 	 	 0 
104 	 3 	 419  	 45421.4 	  	 45421.4 	 	 45421.4 	 	 0 
104 	 3 	 420  	 45421.4 	  	 45421.4 	 	 45421.4 	 	 0 
104 	 3 	 421  	 45421.4 	  	 45421.4 	 	 45421.4 	 	 0 
104 	 3 	 422  	 45421.4 	  	 45421.4 	 	 45421.4 	 	 0 
104 	 3 	 423  	 45421.4 	  	 45421.4 	 	 45421.4 	 	 0 
104 	 3 	 424  	 45421.4 	  	 45421.4 	 	 45421.4 	 	 0 
104 	 3 	 425  	 45421.4 	  	 45421.4 	 	 45421.4 	 	 0 
104 	 3 	 426  	 45421.4 	  	 45421.4 	 	 45421.4 	 	 0 
104 	 3 	 427  	 45421.4 	  	 45421.4 	 	 45421.4 	 	 0 
104 	 3 	 428  	 45421.4 	  	 45421.4 	 	 45421.4 	 	 0 
104 	 3 	 429  	 45421.4 	  	 45421.4 	 	 45421.4 	 	 0 
104 	 3 	 430  	 45421.4 	  	 45421.4 	 	 45421.4 	 	 0 
104 	 3 	 431  	 45421.4 	  	 45421.4 	 	 45421.4 	 	 0 
104 	 3 	 432  	 45421.4 	  	 45421.4 	 	 45421.4 	 	 0 
104 	 3 	 433  	 45421.4 	  	 45421.4 	 	 45421.4 	 	 0 
104 	 3 	 434  	 45421.4 	  	 45421.4 	 	 45421.4 	 	 0 
104 	 3 	 435  	 45421.4 	  	 45421.4 	 	 45421.4 	 	 0 
104 	 3 	 436  	 45421.4 	  	 45421.4 	 	 45421.4 	 	 0 
104 	 3 	 437  	 45421.4 	  	 45421.4 	 	 45421.4 	 	 0 
104 	 3 	 438  	 45421.4 	  	 45421.4 	 	 45421.4 	 	 0 
104 	 3 	 439  	 45421.4 	  	 45421.4 	 	 45421.4 	 	 0 
104 	 3 	 440  	 45421.4 	  	 45421.4 	 	 45421.4 	 	 0 
104 	 3 	 441  	 45421.4 	  	 45421.4 	 	 45421.4 	 	 0 
104 	 3 	 442  	 45421.4 	  	 45421.4 	 	 45421.4 	 	 0 
104 	 3 	 443  	 45421.4 	  	 45421.4 	 	 45421.4 	 	 0 
104 	 3 	 444  	 45421.4 	  	 45421.4 	 	 45421.4 	 	 0 
104 	 3 	 445  	 45421.4 	  	 45421.4 	 	 45421.4 	 	 0 
104 	 3 	 446  	 45421.4 	  	 45421.4 	 	 45421.4 	 	 0 
104 	 3 	 447  	 45421.4 	  	 45421.4 	 	 45421.4 	 	 0 
104 	 3 	 448  	 45421.4 	  	 45421.4 	 	 45421.4 	 	 0 
104 	 3 	 449  	 45421.4 	  	 45421.4 	 	 45421.4 	 	 0 
104 	 3 	 450  	 45421.4 	  	 45421.4 	 	 45421.4 	 	 0 
104 	 3 	 451  	 45421.4 	  	 45421.4 	 	 45421.4 	 	 0 
104 	 3 	 452  	 45421.4 	  	 45421.4 	 	 45421.4 	 	 0 
104 	 3 	 453  	 45421.4 	  	 45421.4 	 	 45421.4 	 	 0 
104 	 3 	 454  	 45421.4 	  	 45421.4 	 	 45421.4 	 	 0 
104 	 3 	 455  	 45421.4 	  	 45421.4 	 	 45421.4 	 	 0 
104 	 3 	 456  	 45421.4 	  	 45421.4 	 	 45421.4 	 	 0 
104 	 3 	 457  	 45421.4 	  	 45421.4 	 	 45421.4 	 	 0 
104 	 3 	 458  	 45421.4 	  	 45421.4 	 	 45421.4 	 	 0 
104 	 3 	 459  	 45421.4 	  	 45421.4 	 	 45421.4 	 	 0 
104 	 3 	 460  	 45421.4 	  	 45421.4 	 	 45421.4 	 	 0 
104 	 3 	 461  	 45421.4 	  	 45421.4 	 	 45421.4 	 	 0 
104 	 3 	 462  	 45421.4 	  	 45421.4 	 	 45421.4 	 	 0 
104 	 3 	 463  	 45421.4 	  	 45421.4 	 	 45421.4 	 	 0 
104 	 3 	 464  	 45421.4 	  	 45421.4 	 	 45421.4 	 	 0 
104 	 3 	 465  	 45421.4 	  	 45421.4 	 	 45421.4 	 	 0 
104 	 3 	 466  	 45421.4 	  	 45421.4 	 	 45421.4 	 	 0 
104 	 3 	 467  	 45421.4 	  	 45421.4 	 	 45421.4 	 	 0 
104 	 3 	 468  	 45421.4 	  	 45421.4 	 	 45421.4 	 	 0 
104 	 3 	 469  	 45421.4 	  	 45421.4 	 	 45421.4 	 	 0 
104 	 3 	 470  	 45421.4 	  	 45421.4 	 	 45421.4 	 	 0 
104 	 3 	 471  	 45421.4 	  	 45421.4 	 	 45421.4 	 	 0 
104 	 3 	 472  	 45421.4 	  	 45421.4 	 	 45421.4 	 	 0 
104 	 3 	 473  	 45421.4 	  	 45421.4 	 	 45421.4 	 	 0 
104 	 3 	 474  	 45421.4 	  	 45421.4 	 	 45421.4 	 	 0 
104 	 3 	 475  	 45421.4 	  	 45421.4 	 	 45421.4 	 	 0 
104 	 3 	 476  	 45421.4 	  	 45421.4 	 	 45421.4 	 	 0 
104 	 3 	 477  	 45421.4 	  	 45421.4 	 	 45421.4 	 	 0 
104 	 3 	 478  	 45421.4 	  	 45421.4 	 	 45421.4 	 	 0 
104 	 3 	 479  	 45421.4 	  	 45421.4 	 	 45421.4 	 	 0 
104 	 3 	 480  	 45421.4 	  	 45421.4 	 	 45421.4 	 	 0 
104 	 3 	 481  	 45421.4 	  	 45421.4 	 	 45421.4 	 	 0 
104 	 3 	 482  	 45421.4 	  	 45421.4 	 	 45421.4 	 	 0 
104 	 3 	 483  	 45421.4 	  	 45421.4 	 	 45421.4 	 	 0 
104 	 3 	 484  	 45421.4 	  	 45421.4 	 	 45421.4 	 	 0 
104 	 3 	 485  	 45421.4 	  	 45421.4 	 	 45421.4 	 	 0 
104 	 3 	 486  	 45421.4 	  	 45421.4 	 	 45421.4 	 	 0 
104 	 3 	 487  	 45421.4 	  	 45421.4 	 	 45421.4 	 	 0 
104 	 3 	 488  	 45421.4 	  	 45421.4 	 	 45421.4 	 	 0 
104 	 3 	 489  	 45421.4 	  	 45421.4 	 	 45421.4 	 	 0 
104 	 3 	 490  	 45421.4 	  	 45421.4 	 	 45421.4 	 	 0 
104 	 3 	 491  	 45421.4 	  	 45421.4 	 	 45421.4 	 	 0 
104 	 3 	 492  	 45421.4 	  	 45421.4 	 	 45421.4 	 	 0 
104 	 3 	 493  	 45421.4 	  	 45421.4 	 	 45421.4 	 	 0 
104 	 3 	 494  	 45421.4 	  	 45421.4 	 	 45421.4 	 	 0 
104 	 3 	 495  	 45421.4 	  	 45421.4 	 	 45421.4 	 	 0 
104 	 3 	 496  	 45421.4 	  	 45421.4 	 	 45421.4 	 	 0 
104 	 3 	 497  	 45421.4 	  	 45421.4 	 	 45421.4 	 	 0 
104 	 3 	 498  	 45421.4 	  	 45421.4 	 	 45421.4 	 	 0 
104 	 3 	 499  	 45421.4 	  	 45421.4 	 	 45421.4 	 	 0 
104 	 3 	 500  	 45421.4 	  	 45421.4 	 	 45421.4 	 	 0 
104 	 3 	 501  	 45421.4 	  	 45421.4 	 	 45421.4 	 	 0 
104 	 3 	 502  	 45421.4 	  	 45421.4 	 	 45421.4 	 	 0 
104 	 3 	 503  	 45421.4 	  	 45421.4 	 	 45421.4 	 	 0 
104 	 3 	 504  	 45421.4 	  	 45421.4 	 	 45421.4 	 	 0 
104 	 3 	 505  	 45421.4 	  	 45421.4 	 	 45421.4 	 	 0 
104 	 3 	 506  	 45421.4 	  	 45421.4 	 	 45421.4 	 	 0 
104 	 3 	 507  	 45421.4 	  	 45421.4 	 	 45421.4 	 	 0 
104 	 3 	 508  	 45421.4 	  	 45421.4 	 	 45421.4 	 	 0 
104 	 3 	 509  	 45421.4 	  	 45421.4 	 	 45421.4 	 	 0 
104 	 3 	 510  	 45421.4 	  	 45421.4 	 	 45421.4 	 	 0 
104 	 3 	 511  	 45421.4 	  	 45421.4 	 	 45421.4 	 	 0 
104 	 3 	 512  	 45421.4 	  	 45421.4 	 	 45421.4 	 	 0 
104 	 3 	 513  	 45421.4 	  	 45421.4 	 	 45421.4 	 	 0 
104 	 3 	 514  	 45421.4 	  	 45421.4 	 	 45421.4 	 	 0 
104 	 3 	 515  	 45421.4 	  	 45421.4 	 	 45421.4 	 	 0 
104 	 3 	 516  	 45421.4 	  	 45421.4 	 	 45421.4 	 	 0 
104 	 3 	 517  	 45421.4 	  	 45421.4 	 	 45421.4 	 	 0 
104 	 3 	 518  	 45421.4 	  	 45421.4 	 	 45421.4 	 	 0 
104 	 3 	 519  	 45421.4 	  	 45421.4 	 	 45421.4 	 	 0 
104 	 3 	 520  	 45421.4 	  	 45421.4 	 	 45421.4 	 	 0 
104 	 3 	 521  	 45421.4 	  	 45421.4 	 	 45421.4 	 	 0 
104 	 3 	 522  	 45421.4 	  	 45421.4 	 	 45421.4 	 	 0 
104 	 3 	 523  	 45421.4 	  	 45421.4 	 	 45421.4 	 	 0 
104 	 3 	 524  	 45421.4 	  	 45421.4 	 	 45421.4 	 	 0 
104 	 3 	 525  	 45421.4 	  	 45421.4 	 	 45421.4 	 	 0 
104 	 3 	 526  	 45421.4 	  	 45421.4 	 	 45421.4 	 	 0 
104 	 3 	 527  	 45421.4 	  	 45421.4 	 	 45421.4 	 	 0 
104 	 3 	 528  	 45421.4 	  	 45421.4 	 	 45421.4 	 	 0 
104 	 3 	 529  	 45421.4 	  	 45421.4 	 	 45421.4 	 	 0 
104 	 3 	 530  	 45421.4 	  	 45421.4 	 	 45421.4 	 	 0 
104 	 3 	 531  	 45421.4 	  	 45421.4 	 	 45421.4 	 	 0 
104 	 3 	 532  	 45421.4 	  	 45421.4 	 	 45421.4 	 	 0 
104 	 3 	 533  	 45421.4 	  	 45421.4 	 	 45421.4 	 	 0 
104 	 3 	 534  	 45421.4 	  	 45421.4 	 	 45421.4 	 	 0 
104 	 3 	 535  	 45421.4 	  	 45421.4 	 	 45421.4 	 	 0 
104 	 3 	 536  	 45421.4 	  	 45421.4 	 	 45421.4 	 	 0 
104 	 3 	 537  	 45421.4 	  	 45421.4 	 	 45421.4 	 	 0 
104 	 3 	 538  	 45421.4 	  	 45421.4 	 	 45421.4 	 	 0 
104 	 3 	 539  	 45421.4 	  	 45421.4 	 	 45421.4 	 	 0 
104 	 3 	 540  	 45421.4 	  	 45421.4 	 	 45421.4 	 	 0 
104 	 3 	 541  	 45421.4 	  	 45421.4 	 	 45421.4 	 	 0 
104 	 3 	 542  	 45421.4 	  	 45421.4 	 	 45421.4 	 	 0 
104 	 3 	 543  	 45421.4 	  	 45421.4 	 	 45421.4 	 	 0 
104 	 3 	 544  	 45421.4 	  	 45421.4 	 	 45421.4 	 	 0 
104 	 3 	 545  	 45421.4 	  	 45421.4 	 	 45421.4 	 	 0 
104 	 3 	 546  	 45421.4 	  	 45421.4 	 	 45421.4 	 	 0 
104 	 3 	 547  	 45421.4 	  	 45421.4 	 	 45421.4 	 	 0 
104 	 3 	 548  	 45421.4 	  	 45421.4 	 	 45421.4 	 	 0 
104 	 3 	 549  	 45421.4 	  	 45421.4 	 	 45421.4 	 	 0 
104 	 3 	 550  	 45421.4 	  	 45421.4 	 	 45421.4 	 	 0 
104 	 3 	 551  	 45421.4 	  	 45421.4 	 	 45421.4 	 	 0 
104 	 3 	 552  	 45421.4 	  	 45421.4 	 	 45421.4 	 	 0 
104 	 3 	 553  	 45421.4 	  	 45421.4 	 	 45421.4 	 	 0 
104 	 3 	 554  	 45421.4 	  	 45421.4 	 	 45421.4 	 	 0 
104 	 3 	 555  	 45421.4 	  	 45421.4 	 	 45421.4 	 	 0 
104 	 3 	 556  	 45421.4 	  	 45421.4 	 	 45421.4 	 	 0 
104 	 3 	 557  	 45421.4 	  	 45421.4 	 	 45421.4 	 	 0 
104 	 3 	 558  	 45421.4 	  	 45421.4 	 	 45421.4 	 	 0 
104 	 3 	 559  	 45421.4 	  	 45421.4 	 	 45421.4 	 	 0 
104 	 3 	 560  	 45421.4 	  	 45421.4 	 	 45421.4 	 	 0 
104 	 3 	 561  	 45421.4 	  	 45421.4 	 	 45421.4 	 	 0 
104 	 3 	 562  	 45421.4 	  	 45421.4 	 	 45421.4 	 	 0 
104 	 3 	 563  	 45421.4 	  	 45421.4 	 	 45421.4 	 	 0 
104 	 3 	 564  	 45421.4 	  	 45421.4 	 	 45421.4 	 	 0 
104 	 3 	 565  	 45421.4 	  	 45421.4 	 	 45421.4 	 	 0 
104 	 3 	 566  	 45421.4 	  	 45421.4 	 	 45421.4 	 	 0 
104 	 3 	 567  	 45421.4 	  	 45421.4 	 	 45421.4 	 	 0 
104 	 3 	 568  	 45421.4 	  	 45421.4 	 	 45421.4 	 	 0 
104 	 3 	 569  	 45421.4 	  	 45421.4 	 	 45421.4 	 	 0 
104 	 3 	 570  	 45421.4 	  	 45421.4 	 	 45421.4 	 	 0 
104 	 3 	 571  	 45421.4 	  	 45421.4 	 	 45421.4 	 	 0 
104 	 3 	 572  	 45421.4 	  	 45421.4 	 	 45421.4 	 	 0 
104 	 3 	 573  	 45421.4 	  	 45421.4 	 	 45421.4 	 	 0 
104 	 3 	 574  	 45421.4 	  	 45421.4 	 	 45421.4 	 	 0 
104 	 3 	 575  	 45421.4 	  	 45421.4 	 	 45421.4 	 	 0 
104 	 3 	 576  	 45421.4 	  	 45421.4 	 	 45421.4 	 	 0 
104 	 3 	 577  	 45421.4 	  	 45421.4 	 	 45421.4 	 	 0 
104 	 3 	 578  	 45421.4 	  	 45421.4 	 	 45421.4 	 	 0 
104 	 3 	 579  	 45421.4 	  	 45421.4 	 	 45421.4 	 	 0 
104 	 3 	 580  	 45421.4 	  	 45421.4 	 	 45421.4 	 	 0 
104 	 3 	 581  	 45421.4 	  	 45421.4 	 	 45421.4 	 	 0 
104 	 3 	 582  	 45421.4 	  	 45421.4 	 	 45421.4 	 	 0 
104 	 3 	 583  	 45421.4 	  	 45421.4 	 	 45421.4 	 	 0 
104 	 3 	 584  	 45421.4 	  	 45421.4 	 	 45421.4 	 	 0 
104 	 3 	 585  	 45421.4 	  	 45421.4 	 	 45421.4 	 	 0 
104 	 3 	 586  	 45421.4 	  	 45421.4 	 	 45421.4 	 	 0 
104 	 3 	 587  	 45421.4 	  	 45421.4 	 	 45421.4 	 	 0 
104 	 3 	 588  	 45421.4 	  	 45421.4 	 	 45421.4 	 	 0 
104 	 3 	 589  	 45421.4 	  	 45421.4 	 	 45421.4 	 	 0 
104 	 3 	 590  	 45421.4 	  	 45421.4 	 	 45421.4 	 	 0 
104 	 3 	 591  	 45421.4 	  	 45421.4 	 	 45421.4 	 	 0 
104 	 3 	 592  	 45421.4 	  	 45421.4 	 	 45421.4 	 	 0 
104 	 3 	 593  	 45421.4 	  	 45421.4 	 	 45421.4 	 	 0 
104 	 3 	 594  	 45421.4 	  	 45421.4 	 	 45421.4 	 	 0 
104 	 3 	 595  	 45421.4 	  	 45421.4 	 	 45421.4 	 	 0 
104 	 3 	 596  	 45421.4 	  	 45421.4 	 	 45421.4 	 	 0 
104 	 3 	 597  	 45421.4 	  	 45421.4 	 	 45421.4 	 	 0 
104 	 3 	 598  	 45421.4 	  	 45421.4 	 	 45421.4 	 	 0 
104 	 3 	 599  	 45421.4 	  	 45421.4 	 	 45421.4 	 	 0 
104 	 3 	 600  	 45421.4 	  	 45421.4 	 	 45421.4 	 	 0 
104 	 3 	 601  	 45421.4 	  	 45421.4 	 	 45421.4 	 	 0 
104 	 3 	 602  	 45421.4 	  	 45421.4 	 	 45421.4 	 	 0 
104 	 3 	 603  	 45421.4 	  	 45421.4 	 	 45421.4 	 	 0 
104 	 3 	 604  	 45421.4 	  	 45421.4 	 	 45421.4 	 	 0 
104 	 3 	 605  	 45421.4 	  	 45421.4 	 	 45421.4 	 	 0 
104 	 3 	 606  	 45421.4 	  	 45421.4 	 	 45421.4 	 	 0 
104 	 3 	 607  	 45421.4 	  	 45421.4 	 	 45421.4 	 	 0 
104 	 3 	 608  	 45421.4 	  	 45421.4 	 	 45421.4 	 	 0 
104 	 3 	 609  	 45421.4 	  	 45421.4 	 	 45421.4 	 	 0 
104 	 3 	 610  	 45421.4 	  	 45421.4 	 	 45421.4 	 	 0 
104 	 3 	 611  	 45421.4 	  	 45421.4 	 	 45421.4 	 	 0 
104 	 3 	 612  	 45421.4 	  	 45421.4 	 	 45421.4 	 	 0 
104 	 3 	 613  	 45421.4 	  	 45421.4 	 	 45421.4 	 	 0 
104 	 3 	 614  	 45421.4 	  	 45421.4 	 	 45421.4 	 	 0 
104 	 3 	 615  	 45421.4 	  	 45421.4 	 	 45421.4 	 	 0 
104 	 3 	 616  	 45421.4 	  	 45421.4 	 	 45421.4 	 	 0 
104 	 3 	 617  	 45421.4 	  	 45421.4 	 	 45421.4 	 	 0 
104 	 3 	 618  	 45421.4 	  	 45421.4 	 	 45421.4 	 	 0 
104 	 3 	 619  	 45421.4 	  	 45421.4 	 	 45421.4 	 	 0 
104 	 3 	 620  	 45421.4 	  	 45421.4 	 	 45421.4 	 	 0 
104 	 3 	 621  	 45421.4 	  	 45421.4 	 	 45421.4 	 	 0 
104 	 3 	 622  	 45421.4 	  	 45421.4 	 	 45421.4 	 	 0 
104 	 3 	 623  	 45421.4 	  	 45421.4 	 	 45421.4 	 	 0 
104 	 3 	 624  	 45421.4 	  	 45421.4 	 	 45421.4 	 	 0 
104 	 3 	 625  	 45421.4 	  	 45421.4 	 	 45421.4 	 	 0 
104 	 3 	 626  	 45421.4 	  	 45421.4 	 	 45421.4 	 	 0 
104 	 3 	 627  	 45421.4 	  	 45421.4 	 	 45421.4 	 	 0 
104 	 3 	 628  	 45421.4 	  	 45421.4 	 	 45421.4 	 	 0 
104 	 3 	 629  	 45421.4 	  	 45421.4 	 	 45421.4 	 	 0 
104 	 3 	 630  	 45421.4 	  	 45421.4 	 	 45421.4 	 	 0 
104 	 3 	 631  	 45421.4 	  	 45421.4 	 	 45421.4 	 	 0 
104 	 3 	 632  	 45421.4 	  	 45421.4 	 	 45421.4 	 	 0 
104 	 3 	 633  	 45421.4 	  	 45421.4 	 	 45421.4 	 	 0 
104 	 3 	 634  	 45421.4 	  	 45421.4 	 	 45421.4 	 	 0 
104 	 3 	 635  	 45421.4 	  	 45421.4 	 	 45421.4 	 	 0 
104 	 3 	 636  	 45421.4 	  	 45421.4 	 	 45421.4 	 	 0 
104 	 3 	 637  	 45421.4 	  	 45421.4 	 	 45421.4 	 	 0 
104 	 3 	 638  	 45421.4 	  	 45421.4 	 	 45421.4 	 	 0 
104 	 3 	 639  	 45421.4 	  	 45421.4 	 	 45421.4 	 	 0 
104 	 3 	 640  	 45421.4 	  	 45421.4 	 	 45421.4 	 	 0 
104 	 3 	 641  	 45421.4 	  	 45421.4 	 	 45421.4 	 	 0 
104 	 3 	 642  	 45421.4 	  	 45421.4 	 	 45421.4 	 	 0 
104 	 3 	 643  	 45421.4 	  	 45421.4 	 	 45421.4 	 	 0 
104 	 3 	 644  	 45421.4 	  	 45421.4 	 	 45421.4 	 	 0 
104 	 3 	 645  	 45421.4 	  	 45421.4 	 	 45421.4 	 	 0 
104 	 3 	 646  	 45421.4 	  	 45421.4 	 	 45421.4 	 	 0 
104 	 3 	 647  	 45421.4 	  	 45421.4 	 	 45421.4 	 	 0 
104 	 3 	 648  	 45421.4 	  	 45421.4 	 	 45421.4 	 	 0 
104 	 3 	 649  	 45421.4 	  	 45421.4 	 	 45421.4 	 	 0 
104 	 3 	 650  	 45421.4 	  	 45421.4 	 	 45421.4 	 	 0 
104 	 3 	 651  	 45421.4 	  	 45421.4 	 	 45421.4 	 	 0 
104 	 3 	 652  	 45421.4 	  	 45421.4 	 	 45421.4 	 	 0 
104 	 3 	 653  	 45421.4 	  	 45421.4 	 	 45421.4 	 	 0 
104 	 3 	 654  	 45421.4 	  	 45421.4 	 	 45421.4 	 	 0 
104 	 3 	 655  	 45421.4 	  	 45421.4 	 	 45421.4 	 	 0 
104 	 3 	 656  	 45421.4 	  	 45421.4 	 	 45421.4 	 	 0 
104 	 3 	 657  	 45421.4 	  	 45421.4 	 	 45421.4 	 	 0 
104 	 3 	 658  	 45421.4 	  	 45421.4 	 	 45421.4 	 	 0 
104 	 3 	 659  	 45421.4 	  	 45421.4 	 	 45421.4 	 	 0 
104 	 3 	 660  	 45421.4 	  	 45421.4 	 	 45421.4 	 	 0 
104 	 3 	 661  	 45421.4 	  	 45421.4 	 	 45421.4 	 	 0 
104 	 3 	 662  	 45421.4 	  	 45421.4 	 	 45421.4 	 	 0 
104 	 3 	 663  	 45421.4 	  	 45421.4 	 	 45421.4 	 	 0 
104 	 3 	 664  	 45421.4 	  	 45421.4 	 	 45421.4 	 	 0 
104 	 3 	 665  	 45421.4 	  	 45421.4 	 	 45421.4 	 	 0 
104 	 3 	 666  	 45421.4 	  	 45421.4 	 	 45421.4 	 	 0 
104 	 3 	 667  	 45421.4 	  	 45421.4 	 	 45421.4 	 	 0 
104 	 3 	 668  	 45421.4 	  	 45421.4 	 	 45421.4 	 	 0 
104 	 3 	 669  	 45421.4 	  	 45421.4 	 	 45421.4 	 	 0 
104 	 3 	 670  	 45421.4 	  	 45421.4 	 	 45421.4 	 	 0 
104 	 3 	 671  	 45421.4 	  	 45421.4 	 	 45421.4 	 	 0 
104 	 3 	 672  	 45421.4 	  	 45421.4 	 	 45421.4 	 	 0 
104 	 3 	 673  	 45421.4 	  	 45421.4 	 	 45421.4 	 	 0 
104 	 3 	 674  	 45421.4 	  	 45421.4 	 	 45421.4 	 	 0 
104 	 3 	 675  	 45421.4 	  	 45421.4 	 	 45421.4 	 	 0 
104 	 3 	 676  	 45421.4 	  	 45421.4 	 	 45421.4 	 	 0 
104 	 3 	 677  	 45421.4 	  	 45421.4 	 	 45421.4 	 	 0 
104 	 3 	 678  	 45421.4 	  	 45421.4 	 	 45421.4 	 	 0 
104 	 3 	 679  	 45421.4 	  	 45421.4 	 	 45421.4 	 	 0 
104 	 3 	 680  	 45421.4 	  	 45421.4 	 	 45421.4 	 	 0 
104 	 3 	 681  	 45421.4 	  	 45421.4 	 	 45421.4 	 	 0 
104 	 3 	 682  	 45421.4 	  	 45421.4 	 	 45421.4 	 	 0 
104 	 3 	 683  	 45421.4 	  	 45421.4 	 	 45421.4 	 	 0 
104 	 3 	 684  	 45421.4 	  	 45421.4 	 	 45421.4 	 	 0 
104 	 3 	 685  	 45421.4 	  	 45421.4 	 	 45421.4 	 	 0 
104 	 3 	 686  	 45421.4 	  	 45421.4 	 	 45421.4 	 	 0 
104 	 3 	 687  	 45421.4 	  	 45421.4 	 	 45421.4 	 	 0 
104 	 3 	 688  	 45421.4 	  	 45421.4 	 	 45421.4 	 	 0 
104 	 3 	 689  	 45421.4 	  	 45421.4 	 	 45421.4 	 	 0 
104 	 3 	 690  	 45421.4 	  	 45421.4 	 	 45421.4 	 	 0 
104 	 3 	 691  	 45421.4 	  	 45421.4 	 	 45421.4 	 	 0 
104 	 3 	 692  	 45421.4 	  	 45421.4 	 	 45421.4 	 	 0 
104 	 3 	 693  	 45421.4 	  	 45421.4 	 	 45421.4 	 	 0 
104 	 3 	 694  	 45421.4 	  	 45421.4 	 	 45421.4 	 	 0 
104 	 3 	 695  	 45421.4 	  	 45421.4 	 	 45421.4 	 	 0 
104 	 3 	 696  	 45421.4 	  	 45421.4 	 	 45421.4 	 	 0 
104 	 3 	 697  	 45421.4 	  	 45421.4 	 	 45421.4 	 	 0 
104 	 3 	 698  	 45421.4 	  	 45421.4 	 	 45421.4 	 	 0 
104 	 3 	 699  	 45421.4 	  	 45421.4 	 	 45421.4 	 	 0 
104 	 3 	 700  	 45421.4 	  	 45421.4 	 	 45421.4 	 	 0 
104 	 3 	 701  	 45421.4 	  	 45421.4 	 	 45421.4 	 	 0 
104 	 3 	 702  	 45421.4 	  	 45421.4 	 	 45421.4 	 	 0 
104 	 3 	 703  	 45421.4 	  	 45421.4 	 	 45421.4 	 	 0 
104 	 3 	 704  	 45421.4 	  	 45421.4 	 	 45421.4 	 	 0 
104 	 3 	 705  	 45421.4 	  	 45421.4 	 	 45421.4 	 	 0 
104 	 3 	 706  	 45421.4 	  	 45421.4 	 	 45421.4 	 	 0 
104 	 3 	 707  	 45421.4 	  	 45421.4 	 	 45421.4 	 	 0 
104 	 3 	 708  	 45421.4 	  	 45421.4 	 	 45421.4 	 	 0 
104 	 3 	 709  	 45421.4 	  	 45421.4 	 	 45421.4 	 	 0 
104 	 3 	 710  	 45421.4 	  	 45421.4 	 	 45421.4 	 	 0 
104 	 3 	 711  	 45421.4 	  	 45421.4 	 	 45421.4 	 	 0 
104 	 3 	 712  	 45421.4 	  	 45421.4 	 	 45421.4 	 	 0 
104 	 3 	 713  	 45421.4 	  	 45421.4 	 	 45421.4 	 	 0 
104 	 3 	 714  	 45421.4 	  	 45421.4 	 	 45421.4 	 	 0 
104 	 3 	 715  	 45421.4 	  	 45421.4 	 	 45421.4 	 	 0 
104 	 3 	 716  	 45421.4 	  	 45421.4 	 	 45421.4 	 	 0 
104 	 3 	 717  	 45421.4 	  	 45421.4 	 	 45421.4 	 	 0 
104 	 3 	 718  	 45421.4 	  	 45421.4 	 	 45421.4 	 	 0 
104 	 3 	 719  	 45421.4 	  	 45421.4 	 	 45421.4 	 	 0 
104 	 3 	 720  	 45421.4 	  	 45421.4 	 	 45421.4 	 	 0 
104 	 3 	 721  	 45421.4 	  	 45421.4 	 	 45421.4 	 	 0 
104 	 3 	 722  	 45421.4 	  	 45421.4 	 	 45421.4 	 	 0 
104 	 3 	 723  	 45421.4 	  	 45421.4 	 	 45421.4 	 	 0 
104 	 3 	 724  	 45421.4 	  	 45421.4 	 	 45421.4 	 	 0 
104 	 3 	 725  	 45421.4 	  	 45421.4 	 	 45421.4 	 	 0 
104 	 3 	 726  	 45421.4 	  	 45421.4 	 	 45421.4 	 	 0 
104 	 3 	 727  	 45421.4 	  	 45421.4 	 	 45421.4 	 	 0 
104 	 3 	 728  	 45421.4 	  	 45421.4 	 	 45421.4 	 	 0 
