1  	 5 	 1 	 1.044886 	 46.011582 	 999889.977697 
1  	 5 	 21 	 5.549277 	 0.047058 	 11941.538214 
1  	 5 	 23 	 3.293930 	 0.342223 	 76432.420223 
1  	 5 	 50 	 6.852525 	 0.023857 	 6122.462545 
1  	 5 	 25 	 2.216682 	 2.231725 	 304614.786392 
1  	 5 	 12 	 4.013336 	 0.056520 	 14277.495791 
1  	 5 	 40 	 4.034169 	 0.193999 	 46044.195763 
1  	 5 	 2 	 2.896217 	 0.780270 	 149777.224767 
1  	 5 	 11 	 1.975620 	 3.564127 	 394261.009442 
2  	 5 	 1 	 1.044886 	 46.141066 	 1000604.244343 
2  	 5 	 21 	 5.549277 	 0.046783 	 11873.349276 
2  	 5 	 23 	 3.293930 	 0.342223 	 76432.420223 
2  	 5 	 50 	 6.852525 	 0.023857 	 6122.462545 
2  	 5 	 25 	 2.216682 	 2.241356 	 305387.541236 
2  	 5 	 12 	 4.013336 	 0.056520 	 14277.495791 
2  	 5 	 40 	 4.034169 	 0.193999 	 46044.195763 
2  	 5 	 2 	 2.896217 	 0.780270 	 149777.224767 
2  	 5 	 11 	 1.975620 	 3.575456 	 394904.816041 
3  	 5 	 1 	 1.044886 	 46.141066 	 1000604.244343 
3  	 5 	 21 	 5.549277 	 0.057428 	 14500.643824 
3  	 5 	 23 	 3.293930 	 0.342223 	 76432.420223 
3  	 5 	 50 	 6.852525 	 0.023857 	 6122.462545 
3  	 5 	 25 	 2.216682 	 2.241356 	 305387.541236 
3  	 5 	 12 	 4.013336 	 0.056520 	 14277.495791 
3  	 5 	 40 	 4.034169 	 0.193999 	 46044.195763 
3  	 5 	 2 	 2.896217 	 0.774796 	 148977.529857 
3  	 5 	 11 	 1.975620 	 3.575456 	 394904.816041 
4  	 5 	 1 	 1.044886 	 46.141066 	 1000604.244343 
4  	 5 	 21 	 5.549277 	 0.057428 	 14500.643824 
4  	 5 	 23 	 3.293930 	 0.342223 	 76432.420223 
4  	 5 	 50 	 6.852525 	 0.023857 	 6122.462545 
4  	 5 	 25 	 2.216682 	 2.241356 	 305387.541236 
4  	 5 	 12 	 4.013336 	 0.056438 	 14257.367618 
4  	 5 	 40 	 4.034169 	 0.193999 	 46044.195763 
4  	 5 	 2 	 2.896217 	 0.774796 	 148977.529857 
4  	 5 	 11 	 1.975620 	 3.575456 	 394904.816041 
5  	 5 	 1 	 1.044886 	 46.141066 	 1000604.244343 
5  	 5 	 21 	 5.549277 	 0.057428 	 14500.643824 
5  	 5 	 23 	 3.293930 	 0.342223 	 76432.420223 
5  	 5 	 50 	 6.852525 	 0.023857 	 6122.462545 
5  	 5 	 25 	 2.216682 	 2.241356 	 305387.541236 
5  	 5 	 12 	 4.013336 	 0.056438 	 14257.367618 
5  	 5 	 40 	 4.034169 	 0.193999 	 46044.195763 
5  	 5 	 2 	 2.896217 	 0.774796 	 148977.529857 
5  	 5 	 11 	 1.975620 	 3.575456 	 394904.816041 
6  	 5 	 1 	 1.044886 	 46.141066 	 1000604.244343 
6  	 5 	 21 	 5.549277 	 0.057428 	 14500.643824 
6  	 5 	 23 	 3.293930 	 0.342223 	 76432.420223 
6  	 5 	 50 	 6.852525 	 0.023857 	 6122.462545 
6  	 5 	 25 	 2.216682 	 2.241356 	 305387.541236 
6  	 5 	 12 	 4.013336 	 0.056438 	 14257.367618 
6  	 5 	 40 	 4.034169 	 0.193999 	 46044.195763 
6  	 5 	 2 	 2.896217 	 0.774796 	 148977.529857 
6  	 5 	 11 	 1.975620 	 3.575456 	 394904.816041 
7  	 5 	 1 	 1.044886 	 46.141066 	 1000604.244343 
7  	 5 	 21 	 5.549277 	 0.057428 	 14500.643824 
7  	 5 	 23 	 3.293930 	 0.342223 	 76432.420223 
7  	 5 	 50 	 6.852525 	 0.023857 	 6122.462545 
7  	 5 	 25 	 2.216682 	 2.241356 	 305387.541236 
7  	 5 	 12 	 4.013336 	 0.056438 	 14257.367618 
7  	 5 	 40 	 4.034169 	 0.193999 	 46044.195763 
7  	 5 	 2 	 2.896217 	 0.774796 	 148977.529857 
7  	 5 	 11 	 1.975620 	 3.575456 	 394904.816041 
8  	 5 	 1 	 1.044886 	 46.141066 	 1000604.244343 
8  	 5 	 21 	 5.549277 	 0.057428 	 14500.643824 
8  	 5 	 23 	 3.293930 	 0.342223 	 76432.420223 
8  	 5 	 50 	 6.852525 	 0.023857 	 6122.462545 
8  	 5 	 25 	 2.216682 	 2.241356 	 305387.541236 
8  	 5 	 12 	 4.013336 	 0.056438 	 14257.367618 
8  	 5 	 40 	 4.034169 	 0.193999 	 46044.195763 
8  	 5 	 2 	 2.896217 	 0.774796 	 148977.529857 
8  	 5 	 11 	 1.975620 	 3.575456 	 394904.816041 
9  	 5 	 1 	 1.044886 	 46.141066 	 1000604.244343 
9  	 5 	 21 	 5.549277 	 0.057428 	 14500.643824 
9  	 5 	 23 	 3.293930 	 0.342223 	 76432.420223 
9  	 5 	 50 	 6.852525 	 0.023857 	 6122.462545 
9  	 5 	 25 	 2.216682 	 2.241356 	 305387.541236 
9  	 5 	 12 	 4.013336 	 0.056438 	 14257.367618 
9  	 5 	 40 	 4.034169 	 0.193999 	 46044.195763 
9  	 5 	 2 	 2.896217 	 0.774796 	 148977.529857 
9  	 5 	 11 	 1.975620 	 3.575456 	 394904.816041 
10  	 5 	 1 	 1.044886 	 46.141066 	 1000604.244343 
10  	 5 	 21 	 5.549277 	 0.057428 	 14500.643824 
10  	 5 	 23 	 3.293930 	 0.342223 	 76432.420223 
10  	 5 	 50 	 6.852525 	 0.023857 	 6122.462545 
10  	 5 	 25 	 2.216682 	 2.241356 	 305387.541236 
10  	 5 	 12 	 4.013336 	 0.056438 	 14257.367618 
10  	 5 	 40 	 4.034169 	 0.193999 	 46044.195763 
10  	 5 	 2 	 2.896217 	 0.774796 	 148977.529857 
10  	 5 	 11 	 1.975620 	 3.575456 	 394904.816041 
11  	 5 	 1 	 1.044886 	 46.141066 	 1000604.244343 
11  	 5 	 21 	 5.549277 	 0.057428 	 14500.643824 
11  	 5 	 23 	 3.293930 	 0.342223 	 76432.420223 
11  	 5 	 50 	 6.852525 	 0.023857 	 6122.462545 
11  	 5 	 25 	 2.216682 	 2.241356 	 305387.541236 
11  	 5 	 12 	 4.013336 	 0.056438 	 14257.367618 
11  	 5 	 40 	 4.034169 	 0.193999 	 46044.195763 
11  	 5 	 2 	 2.896217 	 0.774796 	 148977.529857 
11  	 5 	 11 	 1.975620 	 3.575456 	 394904.816041 
12  	 5 	 1 	 1.044886 	 46.141066 	 1000604.244343 
12  	 5 	 21 	 5.549277 	 0.057428 	 14500.643824 
12  	 5 	 23 	 3.293930 	 0.342223 	 76432.420223 
12  	 5 	 50 	 6.852525 	 0.023857 	 6122.462545 
12  	 5 	 25 	 2.216682 	 2.241356 	 305387.541236 
12  	 5 	 12 	 4.013336 	 0.056438 	 14257.367618 
12  	 5 	 40 	 4.034169 	 0.193999 	 46044.195763 
12  	 5 	 2 	 2.896217 	 0.774796 	 148977.529857 
12  	 5 	 11 	 1.975620 	 3.575456 	 394904.816041 
13  	 5 	 1 	 1.044886 	 46.141066 	 1000604.244343 
13  	 5 	 21 	 5.549277 	 0.057428 	 14500.643824 
13  	 5 	 23 	 3.293930 	 0.342223 	 76432.420223 
13  	 5 	 50 	 6.852525 	 0.023857 	 6122.462545 
13  	 5 	 25 	 2.216682 	 2.241356 	 305387.541236 
13  	 5 	 12 	 4.013336 	 0.056438 	 14257.367618 
13  	 5 	 40 	 4.034169 	 0.193999 	 46044.195763 
13  	 5 	 2 	 2.896217 	 0.774796 	 148977.529857 
13  	 5 	 11 	 1.975620 	 3.575456 	 394904.816041 
14  	 5 	 1 	 1.044886 	 46.141066 	 1000604.244343 
14  	 5 	 21 	 5.549277 	 0.057428 	 14500.643824 
14  	 5 	 23 	 3.293930 	 0.342223 	 76432.420223 
14  	 5 	 50 	 6.852525 	 0.023857 	 6122.462545 
14  	 5 	 25 	 2.216682 	 2.241356 	 305387.541236 
14  	 5 	 12 	 4.013336 	 0.056438 	 14257.367618 
14  	 5 	 40 	 4.034169 	 0.193999 	 46044.195763 
14  	 5 	 2 	 2.896217 	 0.774796 	 148977.529857 
14  	 5 	 11 	 1.975620 	 3.575456 	 394904.816041 
15  	 5 	 1 	 1.044886 	 46.141066 	 1000604.244343 
15  	 5 	 21 	 5.549277 	 0.057428 	 14500.643824 
15  	 5 	 23 	 3.293930 	 0.342223 	 76432.420223 
15  	 5 	 50 	 6.852525 	 0.023857 	 6122.462545 
15  	 5 	 25 	 2.216682 	 2.241356 	 305387.541236 
15  	 5 	 12 	 4.013336 	 0.056438 	 14257.367618 
15  	 5 	 40 	 4.034169 	 0.193999 	 46044.195763 
15  	 5 	 2 	 2.896217 	 0.774796 	 148977.529857 
15  	 5 	 11 	 1.975620 	 3.575456 	 394904.816041 
16  	 5 	 1 	 1.044886 	 46.141066 	 1000604.244343 
16  	 5 	 21 	 5.549277 	 0.057428 	 14500.643824 
16  	 5 	 23 	 3.293930 	 0.342223 	 76432.420223 
16  	 5 	 50 	 6.852525 	 0.023857 	 6122.462545 
16  	 5 	 25 	 2.216682 	 2.241356 	 305387.541236 
16  	 5 	 12 	 4.013336 	 0.056438 	 14257.367618 
16  	 5 	 40 	 4.034169 	 0.193999 	 46044.195763 
16  	 5 	 2 	 2.896217 	 0.774796 	 148977.529857 
16  	 5 	 11 	 1.975620 	 3.575456 	 394904.816041 
17  	 5 	 1 	 1.044886 	 46.141066 	 1000604.244343 
17  	 5 	 21 	 5.549277 	 0.057428 	 14500.643824 
17  	 5 	 23 	 3.293930 	 0.342223 	 76432.420223 
17  	 5 	 50 	 6.852525 	 0.023857 	 6122.462545 
17  	 5 	 25 	 2.216682 	 2.241356 	 305387.541236 
17  	 5 	 12 	 4.013336 	 0.056438 	 14257.367618 
17  	 5 	 40 	 4.034169 	 0.193999 	 46044.195763 
17  	 5 	 2 	 2.896217 	 0.774796 	 148977.529857 
17  	 5 	 11 	 1.975620 	 3.575456 	 394904.816041 
18  	 5 	 1 	 1.044886 	 46.141066 	 1000604.244343 
18  	 5 	 21 	 5.549277 	 0.057428 	 14500.643824 
18  	 5 	 23 	 3.293930 	 0.342223 	 76432.420223 
18  	 5 	 50 	 6.852525 	 0.023857 	 6122.462545 
18  	 5 	 25 	 2.216682 	 2.241356 	 305387.541236 
18  	 5 	 12 	 4.013336 	 0.056438 	 14257.367618 
18  	 5 	 40 	 4.034169 	 0.193999 	 46044.195763 
18  	 5 	 2 	 2.896217 	 0.774796 	 148977.529857 
18  	 5 	 11 	 1.975620 	 3.575456 	 394904.816041 
19  	 5 	 1 	 1.044886 	 46.141066 	 1000604.244343 
19  	 5 	 21 	 5.549277 	 0.057428 	 14500.643824 
19  	 5 	 23 	 3.293930 	 0.342223 	 76432.420223 
19  	 5 	 50 	 6.852525 	 0.023857 	 6122.462545 
19  	 5 	 25 	 2.216682 	 2.241356 	 305387.541236 
19  	 5 	 12 	 4.013336 	 0.056438 	 14257.367618 
19  	 5 	 40 	 4.034169 	 0.193999 	 46044.195763 
19  	 5 	 2 	 2.896217 	 0.774796 	 148977.529857 
19  	 5 	 11 	 1.975620 	 3.575456 	 394904.816041 
20  	 5 	 1 	 1.044886 	 46.141066 	 1000604.244343 
20  	 5 	 21 	 5.549277 	 0.057428 	 14500.643824 
20  	 5 	 23 	 3.293930 	 0.342223 	 76432.420223 
20  	 5 	 50 	 6.852525 	 0.023857 	 6122.462545 
20  	 5 	 25 	 2.216682 	 2.241356 	 305387.541236 
20  	 5 	 12 	 4.013336 	 0.056438 	 14257.367618 
20  	 5 	 40 	 4.034169 	 0.193999 	 46044.195763 
20  	 5 	 2 	 2.896217 	 0.774796 	 148977.529857 
20  	 5 	 11 	 1.975620 	 3.575456 	 394904.816041 
21  	 5 	 1 	 1.044886 	 46.141066 	 1000604.244343 
21  	 5 	 21 	 5.549277 	 0.057428 	 14500.643824 
21  	 5 	 23 	 3.293930 	 0.342223 	 76432.420223 
21  	 5 	 50 	 6.852525 	 0.023857 	 6122.462545 
21  	 5 	 25 	 2.216682 	 2.241356 	 305387.541236 
21  	 5 	 12 	 4.013336 	 0.056438 	 14257.367618 
21  	 5 	 40 	 4.034169 	 0.193999 	 46044.195763 
21  	 5 	 2 	 2.896217 	 0.774796 	 148977.529857 
21  	 5 	 11 	 1.975620 	 3.575456 	 394904.816041 
22  	 5 	 1 	 1.044886 	 46.141066 	 1000604.244343 
22  	 5 	 21 	 5.549277 	 0.057428 	 14500.643824 
22  	 5 	 23 	 3.293930 	 0.342223 	 76432.420223 
22  	 5 	 50 	 6.852525 	 0.023857 	 6122.462545 
22  	 5 	 25 	 2.216682 	 2.241356 	 305387.541236 
22  	 5 	 12 	 4.013336 	 0.056438 	 14257.367618 
22  	 5 	 40 	 4.034169 	 0.193999 	 46044.195763 
22  	 5 	 2 	 2.896217 	 0.774796 	 148977.529857 
22  	 5 	 11 	 1.975620 	 3.575456 	 394904.816041 
23  	 5 	 1 	 1.044886 	 46.141066 	 1000604.244343 
23  	 5 	 21 	 5.549277 	 0.057428 	 14500.643824 
23  	 5 	 23 	 3.293930 	 0.342223 	 76432.420223 
23  	 5 	 50 	 6.852525 	 0.023857 	 6122.462545 
23  	 5 	 25 	 2.216682 	 2.241356 	 305387.541236 
23  	 5 	 12 	 4.013336 	 0.056438 	 14257.367618 
23  	 5 	 40 	 4.034169 	 0.193999 	 46044.195763 
23  	 5 	 2 	 2.896217 	 0.774796 	 148977.529857 
23  	 5 	 11 	 1.975620 	 3.575456 	 394904.816041 
24  	 5 	 1 	 1.044886 	 46.141066 	 1000604.244343 
24  	 5 	 21 	 5.549277 	 0.057428 	 14500.643824 
24  	 5 	 23 	 3.293930 	 0.342223 	 76432.420223 
24  	 5 	 50 	 6.852525 	 0.023857 	 6122.462545 
24  	 5 	 25 	 2.216682 	 2.241356 	 305387.541236 
24  	 5 	 12 	 4.013336 	 0.056438 	 14257.367618 
24  	 5 	 40 	 4.034169 	 0.193999 	 46044.195763 
24  	 5 	 2 	 2.896217 	 0.774796 	 148977.529857 
24  	 5 	 11 	 1.975620 	 3.575456 	 394904.816041 
25  	 5 	 1 	 1.044886 	 46.141066 	 1000604.244343 
25  	 5 	 21 	 5.549277 	 0.057428 	 14500.643824 
25  	 5 	 23 	 3.293930 	 0.342223 	 76432.420223 
25  	 5 	 50 	 6.852525 	 0.023857 	 6122.462545 
25  	 5 	 25 	 2.216682 	 2.241356 	 305387.541236 
25  	 5 	 12 	 4.013336 	 0.056438 	 14257.367618 
25  	 5 	 40 	 4.034169 	 0.193999 	 46044.195763 
25  	 5 	 2 	 2.896217 	 0.774796 	 148977.529857 
25  	 5 	 11 	 1.975620 	 3.575456 	 394904.816041 
26  	 5 	 1 	 1.044886 	 46.141066 	 1000604.244343 
26  	 5 	 21 	 5.549277 	 0.057428 	 14500.643824 
26  	 5 	 23 	 3.293930 	 0.342223 	 76432.420223 
26  	 5 	 50 	 6.852525 	 0.023857 	 6122.462545 
26  	 5 	 25 	 2.216682 	 2.241356 	 305387.541236 
26  	 5 	 12 	 4.013336 	 0.056438 	 14257.367618 
26  	 5 	 40 	 4.034169 	 0.193999 	 46044.195763 
26  	 5 	 2 	 2.896217 	 0.774796 	 148977.529857 
26  	 5 	 11 	 1.975620 	 3.575456 	 394904.816041 
27  	 5 	 1 	 1.044886 	 46.141066 	 1000604.244343 
27  	 5 	 21 	 5.549277 	 0.057428 	 14500.643824 
27  	 5 	 23 	 3.293930 	 0.342223 	 76432.420223 
27  	 5 	 50 	 6.852525 	 0.023857 	 6122.462545 
27  	 5 	 25 	 2.216682 	 2.241356 	 305387.541236 
27  	 5 	 12 	 4.013336 	 0.056438 	 14257.367618 
27  	 5 	 40 	 4.034169 	 0.193999 	 46044.195763 
27  	 5 	 2 	 2.896217 	 0.774796 	 148977.529857 
27  	 5 	 11 	 1.975620 	 3.575456 	 394904.816041 
28  	 5 	 1 	 1.044886 	 46.141066 	 1000604.244343 
28  	 5 	 21 	 5.549277 	 0.057428 	 14500.643824 
28  	 5 	 23 	 3.293930 	 0.342223 	 76432.420223 
28  	 5 	 50 	 6.852525 	 0.023857 	 6122.462545 
28  	 5 	 25 	 2.216682 	 2.241356 	 305387.541236 
28  	 5 	 12 	 4.013336 	 0.056438 	 14257.367618 
28  	 5 	 40 	 4.034169 	 0.193999 	 46044.195763 
28  	 5 	 2 	 2.896217 	 0.774796 	 148977.529857 
28  	 5 	 11 	 1.975620 	 3.575456 	 394904.816041 
29  	 5 	 1 	 1.044886 	 46.141066 	 1000604.244343 
29  	 5 	 21 	 5.549277 	 0.057428 	 14500.643824 
29  	 5 	 23 	 3.293930 	 0.342223 	 76432.420223 
29  	 5 	 50 	 6.852525 	 0.023857 	 6122.462545 
29  	 5 	 25 	 2.216682 	 2.241356 	 305387.541236 
29  	 5 	 12 	 4.013336 	 0.056438 	 14257.367618 
29  	 5 	 40 	 4.034169 	 0.193999 	 46044.195763 
29  	 5 	 2 	 2.896217 	 0.774796 	 148977.529857 
29  	 5 	 11 	 1.975620 	 3.575456 	 394904.816041 
30  	 5 	 1 	 1.044886 	 46.141066 	 1000604.244343 
30  	 5 	 21 	 5.549277 	 0.057428 	 14500.643824 
30  	 5 	 23 	 3.293930 	 0.342223 	 76432.420223 
30  	 5 	 50 	 6.852525 	 0.023857 	 6122.462545 
30  	 5 	 25 	 2.216682 	 2.241356 	 305387.541236 
30  	 5 	 12 	 4.013336 	 0.056438 	 14257.367618 
30  	 5 	 40 	 4.034169 	 0.193999 	 46044.195763 
30  	 5 	 2 	 2.896217 	 0.774796 	 148977.529857 
30  	 5 	 11 	 1.975620 	 3.575456 	 394904.816041 
31  	 5 	 1 	 1.044886 	 46.141066 	 1000604.244343 
31  	 5 	 21 	 5.549277 	 0.057428 	 14500.643824 
31  	 5 	 23 	 3.293930 	 0.342223 	 76432.420223 
31  	 5 	 50 	 6.852525 	 0.023857 	 6122.462545 
31  	 5 	 25 	 2.216682 	 2.241356 	 305387.541236 
31  	 5 	 12 	 4.013336 	 0.056438 	 14257.367618 
31  	 5 	 40 	 4.034169 	 0.193999 	 46044.195763 
31  	 5 	 2 	 2.896217 	 0.774796 	 148977.529857 
31  	 5 	 11 	 1.975620 	 3.575456 	 394904.816041 
32  	 5 	 1 	 1.044886 	 46.141066 	 1000604.244343 
32  	 5 	 21 	 5.549277 	 0.057428 	 14500.643824 
32  	 5 	 23 	 3.293930 	 0.342223 	 76432.420223 
32  	 5 	 50 	 6.852525 	 0.023857 	 6122.462545 
32  	 5 	 25 	 2.216682 	 2.241356 	 305387.541236 
32  	 5 	 12 	 4.013336 	 0.056438 	 14257.367618 
32  	 5 	 40 	 4.034169 	 0.193999 	 46044.195763 
32  	 5 	 2 	 2.896217 	 0.774796 	 148977.529857 
32  	 5 	 11 	 1.975620 	 3.575456 	 394904.816041 
33  	 5 	 1 	 1.044886 	 46.141066 	 1000604.244343 
33  	 5 	 21 	 5.549277 	 0.057428 	 14500.643824 
33  	 5 	 23 	 3.293930 	 0.342223 	 76432.420223 
33  	 5 	 50 	 6.852525 	 0.023857 	 6122.462545 
33  	 5 	 25 	 2.216682 	 2.241356 	 305387.541236 
33  	 5 	 12 	 4.013336 	 0.056438 	 14257.367618 
33  	 5 	 40 	 4.034169 	 0.193999 	 46044.195763 
33  	 5 	 2 	 2.896217 	 0.774796 	 148977.529857 
33  	 5 	 11 	 1.975620 	 3.575456 	 394904.816041 
34  	 5 	 1 	 1.044886 	 46.141066 	 1000604.244343 
34  	 5 	 21 	 5.549277 	 0.057428 	 14500.643824 
34  	 5 	 23 	 3.293930 	 0.342223 	 76432.420223 
34  	 5 	 50 	 6.852525 	 0.023857 	 6122.462545 
34  	 5 	 25 	 2.216682 	 2.241356 	 305387.541236 
34  	 5 	 12 	 4.013336 	 0.056438 	 14257.367618 
34  	 5 	 40 	 4.034169 	 0.193999 	 46044.195763 
34  	 5 	 2 	 2.896217 	 0.774796 	 148977.529857 
34  	 5 	 11 	 1.975620 	 3.575456 	 394904.816041 
35  	 5 	 1 	 1.044886 	 46.141066 	 1000604.244343 
35  	 5 	 21 	 5.549277 	 0.057428 	 14500.643824 
35  	 5 	 23 	 3.293930 	 0.342223 	 76432.420223 
35  	 5 	 50 	 6.852525 	 0.023857 	 6122.462545 
35  	 5 	 25 	 2.216682 	 2.241356 	 305387.541236 
35  	 5 	 12 	 4.013336 	 0.056438 	 14257.367618 
35  	 5 	 40 	 4.034169 	 0.193999 	 46044.195763 
35  	 5 	 2 	 2.896217 	 0.774796 	 148977.529857 
35  	 5 	 11 	 1.975620 	 3.575456 	 394904.816041 
36  	 5 	 1 	 1.044886 	 46.141066 	 1000604.244343 
36  	 5 	 21 	 5.549277 	 0.057428 	 14500.643824 
36  	 5 	 23 	 3.293930 	 0.342223 	 76432.420223 
36  	 5 	 50 	 6.852525 	 0.023857 	 6122.462545 
36  	 5 	 25 	 2.216682 	 2.241356 	 305387.541236 
36  	 5 	 12 	 4.013336 	 0.056438 	 14257.367618 
36  	 5 	 40 	 4.034169 	 0.193999 	 46044.195763 
36  	 5 	 2 	 2.896217 	 0.774796 	 148977.529857 
36  	 5 	 11 	 1.975620 	 3.575456 	 394904.816041 
37  	 5 	 1 	 1.044886 	 46.141066 	 1000604.244343 
37  	 5 	 21 	 5.549277 	 0.057428 	 14500.643824 
37  	 5 	 23 	 3.293930 	 0.342223 	 76432.420223 
37  	 5 	 50 	 6.852525 	 0.023857 	 6122.462545 
37  	 5 	 25 	 2.216682 	 2.241356 	 305387.541236 
37  	 5 	 12 	 4.013336 	 0.056438 	 14257.367618 
37  	 5 	 40 	 4.034169 	 0.193999 	 46044.195763 
37  	 5 	 2 	 2.896217 	 0.774796 	 148977.529857 
37  	 5 	 11 	 1.975620 	 3.575456 	 394904.816041 
38  	 5 	 1 	 1.044886 	 46.141066 	 1000604.244343 
38  	 5 	 21 	 5.549277 	 0.057428 	 14500.643824 
38  	 5 	 23 	 3.293930 	 0.342223 	 76432.420223 
38  	 5 	 50 	 6.852525 	 0.023857 	 6122.462545 
38  	 5 	 25 	 2.216682 	 2.241356 	 305387.541236 
38  	 5 	 12 	 4.013336 	 0.056438 	 14257.367618 
38  	 5 	 40 	 4.034169 	 0.193999 	 46044.195763 
38  	 5 	 2 	 2.896217 	 0.774796 	 148977.529857 
38  	 5 	 11 	 1.975620 	 3.575456 	 394904.816041 
39  	 5 	 1 	 1.044886 	 46.141066 	 1000604.244343 
39  	 5 	 21 	 5.549277 	 0.057428 	 14500.643824 
39  	 5 	 23 	 3.293930 	 0.342223 	 76432.420223 
39  	 5 	 50 	 6.852525 	 0.023857 	 6122.462545 
39  	 5 	 25 	 2.216682 	 2.241356 	 305387.541236 
39  	 5 	 12 	 4.013336 	 0.056438 	 14257.367618 
39  	 5 	 40 	 4.034169 	 0.193999 	 46044.195763 
39  	 5 	 2 	 2.896217 	 0.774796 	 148977.529857 
39  	 5 	 11 	 1.975620 	 3.575456 	 394904.816041 
40  	 5 	 1 	 1.044886 	 46.141066 	 1000604.244343 
40  	 5 	 21 	 5.549277 	 0.057428 	 14500.643824 
40  	 5 	 23 	 3.293930 	 0.342223 	 76432.420223 
40  	 5 	 50 	 6.852525 	 0.023857 	 6122.462545 
40  	 5 	 25 	 2.216682 	 2.241356 	 305387.541236 
40  	 5 	 12 	 4.013336 	 0.056438 	 14257.367618 
40  	 5 	 40 	 4.034169 	 0.193999 	 46044.195763 
40  	 5 	 2 	 2.896217 	 0.774796 	 148977.529857 
40  	 5 	 11 	 1.975620 	 3.575456 	 394904.816041 
41  	 5 	 1 	 1.044886 	 46.141066 	 1000604.244343 
41  	 5 	 21 	 5.549277 	 0.057428 	 14500.643824 
41  	 5 	 23 	 3.293930 	 0.342223 	 76432.420223 
41  	 5 	 50 	 6.852525 	 0.023857 	 6122.462545 
41  	 5 	 25 	 2.216682 	 2.241356 	 305387.541236 
41  	 5 	 12 	 4.013336 	 0.056438 	 14257.367618 
41  	 5 	 40 	 4.034169 	 0.193999 	 46044.195763 
41  	 5 	 2 	 2.896217 	 0.774796 	 148977.529857 
41  	 5 	 11 	 1.975620 	 3.575456 	 394904.816041 
42  	 5 	 1 	 1.044886 	 46.141066 	 1000604.244343 
42  	 5 	 21 	 5.549277 	 0.057428 	 14500.643824 
42  	 5 	 23 	 3.293930 	 0.342223 	 76432.420223 
42  	 5 	 50 	 6.852525 	 0.023857 	 6122.462545 
42  	 5 	 25 	 2.216682 	 2.241356 	 305387.541236 
42  	 5 	 12 	 4.013336 	 0.056438 	 14257.367618 
42  	 5 	 40 	 4.034169 	 0.193999 	 46044.195763 
42  	 5 	 2 	 2.896217 	 0.774796 	 148977.529857 
42  	 5 	 11 	 1.975620 	 3.575456 	 394904.816041 
43  	 5 	 1 	 1.044886 	 46.141066 	 1000604.244343 
43  	 5 	 21 	 5.549277 	 0.057428 	 14500.643824 
43  	 5 	 23 	 3.293930 	 0.342223 	 76432.420223 
43  	 5 	 50 	 6.852525 	 0.023857 	 6122.462545 
43  	 5 	 25 	 2.216682 	 2.241356 	 305387.541236 
43  	 5 	 12 	 4.013336 	 0.056438 	 14257.367618 
43  	 5 	 40 	 4.034169 	 0.193999 	 46044.195763 
43  	 5 	 2 	 2.896217 	 0.774796 	 148977.529857 
43  	 5 	 11 	 1.975620 	 3.575456 	 394904.816041 
44  	 5 	 1 	 1.044886 	 46.141066 	 1000604.244343 
44  	 5 	 21 	 5.549277 	 0.057428 	 14500.643824 
44  	 5 	 23 	 3.293930 	 0.342223 	 76432.420223 
44  	 5 	 50 	 6.852525 	 0.023857 	 6122.462545 
44  	 5 	 25 	 2.216682 	 2.241356 	 305387.541236 
44  	 5 	 12 	 4.013336 	 0.056438 	 14257.367618 
44  	 5 	 40 	 4.034169 	 0.193999 	 46044.195763 
44  	 5 	 2 	 2.896217 	 0.774796 	 148977.529857 
44  	 5 	 11 	 1.975620 	 3.575456 	 394904.816041 
45  	 5 	 1 	 1.044886 	 46.141066 	 1000604.244343 
45  	 5 	 21 	 5.549277 	 0.057428 	 14500.643824 
45  	 5 	 23 	 3.293930 	 0.342223 	 76432.420223 
45  	 5 	 50 	 6.852525 	 0.023857 	 6122.462545 
45  	 5 	 25 	 2.216682 	 2.241356 	 305387.541236 
45  	 5 	 12 	 4.013336 	 0.056438 	 14257.367618 
45  	 5 	 40 	 4.034169 	 0.193999 	 46044.195763 
45  	 5 	 2 	 2.896217 	 0.774796 	 148977.529857 
45  	 5 	 11 	 1.975620 	 3.575456 	 394904.816041 
46  	 5 	 1 	 1.044886 	 46.141066 	 1000604.244343 
46  	 5 	 21 	 5.549277 	 0.057428 	 14500.643824 
46  	 5 	 23 	 3.293930 	 0.342223 	 76432.420223 
46  	 5 	 50 	 6.852525 	 0.023857 	 6122.462545 
46  	 5 	 25 	 2.216682 	 2.241356 	 305387.541236 
46  	 5 	 12 	 4.013336 	 0.056438 	 14257.367618 
46  	 5 	 40 	 4.034169 	 0.193999 	 46044.195763 
46  	 5 	 2 	 2.896217 	 0.774796 	 148977.529857 
46  	 5 	 11 	 1.975620 	 3.575456 	 394904.816041 
47  	 5 	 1 	 1.044886 	 46.141066 	 1000604.244343 
47  	 5 	 21 	 5.549277 	 0.057428 	 14500.643824 
47  	 5 	 23 	 3.293930 	 0.342223 	 76432.420223 
47  	 5 	 50 	 6.852525 	 0.023857 	 6122.462545 
47  	 5 	 25 	 2.216682 	 2.241356 	 305387.541236 
47  	 5 	 12 	 4.013336 	 0.056438 	 14257.367618 
47  	 5 	 40 	 4.034169 	 0.193999 	 46044.195763 
47  	 5 	 2 	 2.896217 	 0.774796 	 148977.529857 
47  	 5 	 11 	 1.975620 	 3.575456 	 394904.816041 
48  	 5 	 1 	 1.044886 	 46.141066 	 1000604.244343 
48  	 5 	 21 	 5.549277 	 0.057428 	 14500.643824 
48  	 5 	 23 	 3.293930 	 0.342223 	 76432.420223 
48  	 5 	 50 	 6.852525 	 0.023857 	 6122.462545 
48  	 5 	 25 	 2.216682 	 2.241356 	 305387.541236 
48  	 5 	 12 	 4.013336 	 0.056438 	 14257.367618 
48  	 5 	 40 	 4.034169 	 0.193999 	 46044.195763 
48  	 5 	 2 	 2.896217 	 0.774796 	 148977.529857 
48  	 5 	 11 	 1.975620 	 3.575456 	 394904.816041 
49  	 5 	 1 	 1.044886 	 46.141066 	 1000604.244343 
49  	 5 	 21 	 5.549277 	 0.057428 	 14500.643824 
49  	 5 	 23 	 3.293930 	 0.342223 	 76432.420223 
49  	 5 	 50 	 6.852525 	 0.023857 	 6122.462545 
49  	 5 	 25 	 2.216682 	 2.241356 	 305387.541236 
49  	 5 	 12 	 4.013336 	 0.056438 	 14257.367618 
49  	 5 	 40 	 4.034169 	 0.193999 	 46044.195763 
49  	 5 	 2 	 2.896217 	 0.774796 	 148977.529857 
49  	 5 	 11 	 1.975620 	 3.575456 	 394904.816041 
50  	 5 	 1 	 1.044886 	 46.141066 	 1000604.244343 
50  	 5 	 21 	 5.549277 	 0.057428 	 14500.643824 
50  	 5 	 23 	 3.293930 	 0.342223 	 76432.420223 
50  	 5 	 50 	 6.852525 	 0.023857 	 6122.462545 
50  	 5 	 25 	 2.216682 	 2.241356 	 305387.541236 
50  	 5 	 12 	 4.013336 	 0.056438 	 14257.367618 
50  	 5 	 40 	 4.034169 	 0.193999 	 46044.195763 
50  	 5 	 2 	 2.896217 	 0.774796 	 148977.529857 
50  	 5 	 11 	 1.975620 	 3.575456 	 394904.816041 
51  	 5 	 1 	 1.044886 	 46.141066 	 1000604.244343 
51  	 5 	 21 	 5.549277 	 0.057428 	 14500.643824 
51  	 5 	 23 	 3.293930 	 0.342223 	 76432.420223 
51  	 5 	 50 	 6.852525 	 0.023857 	 6122.462545 
51  	 5 	 25 	 2.216682 	 2.241356 	 305387.541236 
51  	 5 	 12 	 4.013336 	 0.056438 	 14257.367618 
51  	 5 	 40 	 4.034169 	 0.193999 	 46044.195763 
51  	 5 	 2 	 2.896217 	 0.774796 	 148977.529857 
51  	 5 	 11 	 1.975620 	 3.575456 	 394904.816041 
52  	 5 	 1 	 1.044886 	 46.141066 	 1000604.244343 
52  	 5 	 21 	 5.549277 	 0.057428 	 14500.643824 
52  	 5 	 23 	 3.293930 	 0.342223 	 76432.420223 
52  	 5 	 50 	 6.852525 	 0.023857 	 6122.462545 
52  	 5 	 25 	 2.216682 	 2.241356 	 305387.541236 
52  	 5 	 12 	 4.013336 	 0.056438 	 14257.367618 
52  	 5 	 40 	 4.034169 	 0.193999 	 46044.195763 
52  	 5 	 2 	 2.896217 	 0.774796 	 148977.529857 
52  	 5 	 11 	 1.975620 	 3.575456 	 394904.816041 
53  	 5 	 1 	 1.044886 	 46.141066 	 1000604.244343 
53  	 5 	 21 	 5.549277 	 0.057428 	 14500.643824 
53  	 5 	 23 	 3.293930 	 0.342223 	 76432.420223 
53  	 5 	 50 	 6.852525 	 0.023857 	 6122.462545 
53  	 5 	 25 	 2.216682 	 2.241356 	 305387.541236 
53  	 5 	 12 	 4.013336 	 0.056438 	 14257.367618 
53  	 5 	 40 	 4.034169 	 0.193999 	 46044.195763 
53  	 5 	 2 	 2.896217 	 0.774796 	 148977.529857 
53  	 5 	 11 	 1.975620 	 3.575456 	 394904.816041 
54  	 5 	 1 	 1.044886 	 46.141066 	 1000604.244343 
54  	 5 	 21 	 5.549277 	 0.057428 	 14500.643824 
54  	 5 	 23 	 3.293930 	 0.342223 	 76432.420223 
54  	 5 	 50 	 6.852525 	 0.023857 	 6122.462545 
54  	 5 	 25 	 2.216682 	 2.241356 	 305387.541236 
54  	 5 	 12 	 4.013336 	 0.056438 	 14257.367618 
54  	 5 	 40 	 4.034169 	 0.193999 	 46044.195763 
54  	 5 	 2 	 2.896217 	 0.774796 	 148977.529857 
54  	 5 	 11 	 1.975620 	 3.575456 	 394904.816041 
55  	 5 	 1 	 1.044886 	 46.141066 	 1000604.244343 
55  	 5 	 21 	 5.549277 	 0.057428 	 14500.643824 
55  	 5 	 23 	 3.293930 	 0.342223 	 76432.420223 
55  	 5 	 50 	 6.852525 	 0.023857 	 6122.462545 
55  	 5 	 25 	 2.216682 	 2.241356 	 305387.541236 
55  	 5 	 12 	 4.013336 	 0.056438 	 14257.367618 
55  	 5 	 40 	 4.034169 	 0.193999 	 46044.195763 
55  	 5 	 2 	 2.896217 	 0.774796 	 148977.529857 
55  	 5 	 11 	 1.975620 	 3.575456 	 394904.816041 
56  	 5 	 1 	 1.044886 	 46.141066 	 1000604.244343 
56  	 5 	 21 	 5.549277 	 0.057428 	 14500.643824 
56  	 5 	 23 	 3.293930 	 0.342223 	 76432.420223 
56  	 5 	 50 	 6.852525 	 0.023857 	 6122.462545 
56  	 5 	 25 	 2.216682 	 2.241356 	 305387.541236 
56  	 5 	 12 	 4.013336 	 0.056438 	 14257.367618 
56  	 5 	 40 	 4.034169 	 0.193999 	 46044.195763 
56  	 5 	 2 	 2.896217 	 0.774796 	 148977.529857 
56  	 5 	 11 	 1.975620 	 3.575456 	 394904.816041 
57  	 5 	 1 	 1.044886 	 46.141066 	 1000604.244343 
57  	 5 	 21 	 5.549277 	 0.057428 	 14500.643824 
57  	 5 	 23 	 3.293930 	 0.342223 	 76432.420223 
57  	 5 	 50 	 6.852525 	 0.023857 	 6122.462545 
57  	 5 	 25 	 2.216682 	 2.241356 	 305387.541236 
57  	 5 	 12 	 4.013336 	 0.056438 	 14257.367618 
57  	 5 	 40 	 4.034169 	 0.193999 	 46044.195763 
57  	 5 	 2 	 2.896217 	 0.774796 	 148977.529857 
57  	 5 	 11 	 1.975620 	 3.575456 	 394904.816041 
58  	 5 	 1 	 1.044886 	 46.141066 	 1000604.244343 
58  	 5 	 21 	 5.549277 	 0.057428 	 14500.643824 
58  	 5 	 23 	 3.293930 	 0.342223 	 76432.420223 
58  	 5 	 50 	 6.852525 	 0.023857 	 6122.462545 
58  	 5 	 25 	 2.216682 	 2.241356 	 305387.541236 
58  	 5 	 12 	 4.013336 	 0.056438 	 14257.367618 
58  	 5 	 40 	 4.034169 	 0.193999 	 46044.195763 
58  	 5 	 2 	 2.896217 	 0.774796 	 148977.529857 
58  	 5 	 11 	 1.975620 	 3.575456 	 394904.816041 
59  	 5 	 1 	 1.044886 	 46.141066 	 1000604.244343 
59  	 5 	 21 	 5.549277 	 0.057428 	 14500.643824 
59  	 5 	 23 	 3.293930 	 0.342223 	 76432.420223 
59  	 5 	 50 	 6.852525 	 0.023857 	 6122.462545 
59  	 5 	 25 	 2.216682 	 2.241356 	 305387.541236 
59  	 5 	 12 	 4.013336 	 0.056438 	 14257.367618 
59  	 5 	 40 	 4.034169 	 0.193999 	 46044.195763 
59  	 5 	 2 	 2.896217 	 0.774796 	 148977.529857 
59  	 5 	 11 	 1.975620 	 3.575456 	 394904.816041 
60  	 5 	 1 	 1.044886 	 46.141066 	 1000604.244343 
60  	 5 	 21 	 5.549277 	 0.057428 	 14500.643824 
60  	 5 	 23 	 3.293930 	 0.342223 	 76432.420223 
60  	 5 	 50 	 6.852525 	 0.023857 	 6122.462545 
60  	 5 	 25 	 2.216682 	 2.241356 	 305387.541236 
60  	 5 	 12 	 4.013336 	 0.056438 	 14257.367618 
60  	 5 	 40 	 4.034169 	 0.193999 	 46044.195763 
60  	 5 	 2 	 2.896217 	 0.774796 	 148977.529857 
60  	 5 	 11 	 1.975620 	 3.575456 	 394904.816041 
61  	 5 	 1 	 1.044886 	 46.141066 	 1000604.244343 
61  	 5 	 21 	 5.549277 	 0.057428 	 14500.643824 
61  	 5 	 23 	 3.293930 	 0.342223 	 76432.420223 
61  	 5 	 50 	 6.852525 	 0.023857 	 6122.462545 
61  	 5 	 25 	 2.216682 	 2.241356 	 305387.541236 
61  	 5 	 12 	 4.013336 	 0.056438 	 14257.367618 
61  	 5 	 40 	 4.034169 	 0.193999 	 46044.195763 
61  	 5 	 2 	 2.896217 	 0.774796 	 148977.529857 
61  	 5 	 11 	 1.975620 	 3.575456 	 394904.816041 
62  	 5 	 1 	 1.044886 	 46.141066 	 1000604.244343 
62  	 5 	 21 	 5.549277 	 0.057428 	 14500.643824 
62  	 5 	 23 	 3.293930 	 0.342223 	 76432.420223 
62  	 5 	 50 	 6.852525 	 0.023857 	 6122.462545 
62  	 5 	 25 	 2.216682 	 2.241356 	 305387.541236 
62  	 5 	 12 	 4.013336 	 0.056438 	 14257.367618 
62  	 5 	 40 	 4.034169 	 0.193999 	 46044.195763 
62  	 5 	 2 	 2.896217 	 0.774796 	 148977.529857 
62  	 5 	 11 	 1.975620 	 3.575456 	 394904.816041 
63  	 5 	 1 	 1.044886 	 46.141066 	 1000604.244343 
63  	 5 	 21 	 5.549277 	 0.057428 	 14500.643824 
63  	 5 	 23 	 3.293930 	 0.342223 	 76432.420223 
63  	 5 	 50 	 6.852525 	 0.023857 	 6122.462545 
63  	 5 	 25 	 2.216682 	 2.241356 	 305387.541236 
63  	 5 	 12 	 4.013336 	 0.056438 	 14257.367618 
63  	 5 	 40 	 4.034169 	 0.193999 	 46044.195763 
63  	 5 	 2 	 2.896217 	 0.774796 	 148977.529857 
63  	 5 	 11 	 1.975620 	 3.575456 	 394904.816041 
64  	 5 	 1 	 1.044886 	 46.141066 	 1000604.244343 
64  	 5 	 21 	 5.549277 	 0.057428 	 14500.643824 
64  	 5 	 23 	 3.293930 	 0.342223 	 76432.420223 
64  	 5 	 50 	 6.852525 	 0.023857 	 6122.462545 
64  	 5 	 25 	 2.216682 	 2.241356 	 305387.541236 
64  	 5 	 12 	 4.013336 	 0.056438 	 14257.367618 
64  	 5 	 40 	 4.034169 	 0.193999 	 46044.195763 
64  	 5 	 2 	 2.896217 	 0.774796 	 148977.529857 
64  	 5 	 11 	 1.975620 	 3.575456 	 394904.816041 
65  	 5 	 1 	 1.044886 	 46.141066 	 1000604.244343 
65  	 5 	 21 	 5.549277 	 0.057428 	 14500.643824 
65  	 5 	 23 	 3.293930 	 0.342223 	 76432.420223 
65  	 5 	 50 	 6.852525 	 0.023857 	 6122.462545 
65  	 5 	 25 	 2.216682 	 2.241356 	 305387.541236 
65  	 5 	 12 	 4.013336 	 0.056438 	 14257.367618 
65  	 5 	 40 	 4.034169 	 0.193999 	 46044.195763 
65  	 5 	 2 	 2.896217 	 0.774796 	 148977.529857 
65  	 5 	 11 	 1.975620 	 3.575456 	 394904.816041 
66  	 5 	 1 	 1.044886 	 46.141066 	 1000604.244343 
66  	 5 	 21 	 5.549277 	 0.057428 	 14500.643824 
66  	 5 	 23 	 3.293930 	 0.342223 	 76432.420223 
66  	 5 	 50 	 6.852525 	 0.023857 	 6122.462545 
66  	 5 	 25 	 2.216682 	 2.241356 	 305387.541236 
66  	 5 	 12 	 4.013336 	 0.056438 	 14257.367618 
66  	 5 	 40 	 4.034169 	 0.193999 	 46044.195763 
66  	 5 	 2 	 2.896217 	 0.774796 	 148977.529857 
66  	 5 	 11 	 1.975620 	 3.575456 	 394904.816041 
67  	 5 	 1 	 1.044886 	 46.141066 	 1000604.244343 
67  	 5 	 21 	 5.549277 	 0.057428 	 14500.643824 
67  	 5 	 23 	 3.293930 	 0.342223 	 76432.420223 
67  	 5 	 50 	 6.852525 	 0.023857 	 6122.462545 
67  	 5 	 25 	 2.216682 	 2.241356 	 305387.541236 
67  	 5 	 12 	 4.013336 	 0.056438 	 14257.367618 
67  	 5 	 40 	 4.034169 	 0.193999 	 46044.195763 
67  	 5 	 2 	 2.896217 	 0.774796 	 148977.529857 
67  	 5 	 11 	 1.975620 	 3.575456 	 394904.816041 
68  	 5 	 1 	 1.044886 	 46.141066 	 1000604.244343 
68  	 5 	 21 	 5.549277 	 0.057428 	 14500.643824 
68  	 5 	 23 	 3.293930 	 0.342223 	 76432.420223 
68  	 5 	 50 	 6.852525 	 0.023857 	 6122.462545 
68  	 5 	 25 	 2.216682 	 2.241356 	 305387.541236 
68  	 5 	 12 	 4.013336 	 0.056438 	 14257.367618 
68  	 5 	 40 	 4.034169 	 0.193999 	 46044.195763 
68  	 5 	 2 	 2.896217 	 0.774796 	 148977.529857 
68  	 5 	 11 	 1.975620 	 3.575456 	 394904.816041 
69  	 5 	 1 	 1.044886 	 46.141066 	 1000604.244343 
69  	 5 	 21 	 5.549277 	 0.057428 	 14500.643824 
69  	 5 	 23 	 3.293930 	 0.342223 	 76432.420223 
69  	 5 	 50 	 6.852525 	 0.023857 	 6122.462545 
69  	 5 	 25 	 2.216682 	 2.241356 	 305387.541236 
69  	 5 	 12 	 4.013336 	 0.056438 	 14257.367618 
69  	 5 	 40 	 4.034169 	 0.193999 	 46044.195763 
69  	 5 	 2 	 2.896217 	 0.774796 	 148977.529857 
69  	 5 	 11 	 1.975620 	 3.575456 	 394904.816041 
70  	 5 	 1 	 1.044886 	 46.141066 	 1000604.244343 
70  	 5 	 21 	 5.549277 	 0.057428 	 14500.643824 
70  	 5 	 23 	 3.293930 	 0.342223 	 76432.420223 
70  	 5 	 50 	 6.852525 	 0.023857 	 6122.462545 
70  	 5 	 25 	 2.216682 	 2.241356 	 305387.541236 
70  	 5 	 12 	 4.013336 	 0.056438 	 14257.367618 
70  	 5 	 40 	 4.034169 	 0.193999 	 46044.195763 
70  	 5 	 2 	 2.896217 	 0.774796 	 148977.529857 
70  	 5 	 11 	 1.975620 	 3.575456 	 394904.816041 
71  	 5 	 1 	 1.044886 	 46.141066 	 1000604.244343 
71  	 5 	 21 	 5.549277 	 0.057428 	 14500.643824 
71  	 5 	 23 	 3.293930 	 0.342223 	 76432.420223 
71  	 5 	 50 	 6.852525 	 0.023857 	 6122.462545 
71  	 5 	 25 	 2.216682 	 2.241356 	 305387.541236 
71  	 5 	 12 	 4.013336 	 0.056438 	 14257.367618 
71  	 5 	 40 	 4.034169 	 0.193999 	 46044.195763 
71  	 5 	 2 	 2.896217 	 0.774796 	 148977.529857 
71  	 5 	 11 	 1.975620 	 3.575456 	 394904.816041 
72  	 5 	 1 	 1.044886 	 46.141066 	 1000604.244343 
72  	 5 	 21 	 5.549277 	 0.057428 	 14500.643824 
72  	 5 	 23 	 3.293930 	 0.342223 	 76432.420223 
72  	 5 	 50 	 6.852525 	 0.023857 	 6122.462545 
72  	 5 	 25 	 2.216682 	 2.241356 	 305387.541236 
72  	 5 	 12 	 4.013336 	 0.056438 	 14257.367618 
72  	 5 	 40 	 4.034169 	 0.193999 	 46044.195763 
72  	 5 	 2 	 2.896217 	 0.774796 	 148977.529857 
72  	 5 	 11 	 1.975620 	 3.575456 	 394904.816041 
73  	 5 	 1 	 1.044886 	 46.141066 	 1000604.244343 
73  	 5 	 21 	 5.549277 	 0.057428 	 14500.643824 
73  	 5 	 23 	 3.293930 	 0.342223 	 76432.420223 
73  	 5 	 50 	 6.852525 	 0.023857 	 6122.462545 
73  	 5 	 25 	 2.216682 	 2.241356 	 305387.541236 
73  	 5 	 12 	 4.013336 	 0.056438 	 14257.367618 
73  	 5 	 40 	 4.034169 	 0.193999 	 46044.195763 
73  	 5 	 2 	 2.896217 	 0.774796 	 148977.529857 
73  	 5 	 11 	 1.975620 	 3.575456 	 394904.816041 
74  	 5 	 1 	 1.044886 	 46.141066 	 1000604.244343 
74  	 5 	 21 	 5.549277 	 0.057428 	 14500.643824 
74  	 5 	 23 	 3.293930 	 0.342223 	 76432.420223 
74  	 5 	 50 	 6.852525 	 0.023857 	 6122.462545 
74  	 5 	 25 	 2.216682 	 2.241356 	 305387.541236 
74  	 5 	 12 	 4.013336 	 0.056438 	 14257.367618 
74  	 5 	 40 	 4.034169 	 0.193999 	 46044.195763 
74  	 5 	 2 	 2.896217 	 0.774796 	 148977.529857 
74  	 5 	 11 	 1.975620 	 3.575456 	 394904.816041 
75  	 5 	 1 	 1.044886 	 46.141066 	 1000604.244343 
75  	 5 	 21 	 5.549277 	 0.057428 	 14500.643824 
75  	 5 	 23 	 3.293930 	 0.342223 	 76432.420223 
75  	 5 	 50 	 6.852525 	 0.023857 	 6122.462545 
75  	 5 	 25 	 2.216682 	 2.241356 	 305387.541236 
75  	 5 	 12 	 4.013336 	 0.056438 	 14257.367618 
75  	 5 	 40 	 4.034169 	 0.193999 	 46044.195763 
75  	 5 	 2 	 2.896217 	 0.774796 	 148977.529857 
75  	 5 	 11 	 1.975620 	 3.575456 	 394904.816041 
76  	 5 	 1 	 1.044886 	 46.141066 	 1000604.244343 
76  	 5 	 21 	 5.549277 	 0.057428 	 14500.643824 
76  	 5 	 23 	 3.293930 	 0.342223 	 76432.420223 
76  	 5 	 50 	 6.852525 	 0.023857 	 6122.462545 
76  	 5 	 25 	 2.216682 	 2.241356 	 305387.541236 
76  	 5 	 12 	 4.013336 	 0.056438 	 14257.367618 
76  	 5 	 40 	 4.034169 	 0.193999 	 46044.195763 
76  	 5 	 2 	 2.896217 	 0.774796 	 148977.529857 
76  	 5 	 11 	 1.975620 	 3.575456 	 394904.816041 
77  	 5 	 1 	 1.044886 	 46.141066 	 1000604.244343 
77  	 5 	 21 	 5.549277 	 0.057428 	 14500.643824 
77  	 5 	 23 	 3.293930 	 0.342223 	 76432.420223 
77  	 5 	 50 	 6.852525 	 0.023857 	 6122.462545 
77  	 5 	 25 	 2.216682 	 2.241356 	 305387.541236 
77  	 5 	 12 	 4.013336 	 0.056438 	 14257.367618 
77  	 5 	 40 	 4.034169 	 0.193999 	 46044.195763 
77  	 5 	 2 	 2.896217 	 0.774796 	 148977.529857 
77  	 5 	 11 	 1.975620 	 3.575456 	 394904.816041 
78  	 5 	 1 	 1.044886 	 46.141066 	 1000604.244343 
78  	 5 	 21 	 5.549277 	 0.057428 	 14500.643824 
78  	 5 	 23 	 3.293930 	 0.342223 	 76432.420223 
78  	 5 	 50 	 6.852525 	 0.023857 	 6122.462545 
78  	 5 	 25 	 2.216682 	 2.241356 	 305387.541236 
78  	 5 	 12 	 4.013336 	 0.056438 	 14257.367618 
78  	 5 	 40 	 4.034169 	 0.193999 	 46044.195763 
78  	 5 	 2 	 2.896217 	 0.774796 	 148977.529857 
78  	 5 	 11 	 1.975620 	 3.575456 	 394904.816041 
79  	 5 	 1 	 1.044886 	 46.141066 	 1000604.244343 
79  	 5 	 21 	 5.549277 	 0.057428 	 14500.643824 
79  	 5 	 23 	 3.293930 	 0.342223 	 76432.420223 
79  	 5 	 50 	 6.852525 	 0.023857 	 6122.462545 
79  	 5 	 25 	 2.216682 	 2.241356 	 305387.541236 
79  	 5 	 12 	 4.013336 	 0.056438 	 14257.367618 
79  	 5 	 40 	 4.034169 	 0.193999 	 46044.195763 
79  	 5 	 2 	 2.896217 	 0.774796 	 148977.529857 
79  	 5 	 11 	 1.975620 	 3.575456 	 394904.816041 
80  	 5 	 1 	 1.044886 	 46.141066 	 1000604.244343 
80  	 5 	 21 	 5.549277 	 0.057428 	 14500.643824 
80  	 5 	 23 	 3.293930 	 0.342223 	 76432.420223 
80  	 5 	 50 	 6.852525 	 0.023857 	 6122.462545 
80  	 5 	 25 	 2.216682 	 2.241356 	 305387.541236 
80  	 5 	 12 	 4.013336 	 0.056438 	 14257.367618 
80  	 5 	 40 	 4.034169 	 0.193999 	 46044.195763 
80  	 5 	 2 	 2.896217 	 0.774796 	 148977.529857 
80  	 5 	 11 	 1.975620 	 3.575456 	 394904.816041 
81  	 5 	 1 	 1.044886 	 46.141066 	 1000604.244343 
81  	 5 	 21 	 5.549277 	 0.057428 	 14500.643824 
81  	 5 	 23 	 3.293930 	 0.342223 	 76432.420223 
81  	 5 	 50 	 6.852525 	 0.023857 	 6122.462545 
81  	 5 	 25 	 2.216682 	 2.241356 	 305387.541236 
81  	 5 	 12 	 4.013336 	 0.056438 	 14257.367618 
81  	 5 	 40 	 4.034169 	 0.193999 	 46044.195763 
81  	 5 	 2 	 2.896217 	 0.774796 	 148977.529857 
81  	 5 	 11 	 1.975620 	 3.575456 	 394904.816041 
82  	 5 	 1 	 1.044886 	 46.141066 	 1000604.244343 
82  	 5 	 21 	 5.549277 	 0.057428 	 14500.643824 
82  	 5 	 23 	 3.293930 	 0.342223 	 76432.420223 
82  	 5 	 50 	 6.852525 	 0.023857 	 6122.462545 
82  	 5 	 25 	 2.216682 	 2.241356 	 305387.541236 
82  	 5 	 12 	 4.013336 	 0.056438 	 14257.367618 
82  	 5 	 40 	 4.034169 	 0.193999 	 46044.195763 
82  	 5 	 2 	 2.896217 	 0.774796 	 148977.529857 
82  	 5 	 11 	 1.975620 	 3.575456 	 394904.816041 
83  	 5 	 1 	 1.044886 	 46.141066 	 1000604.244343 
83  	 5 	 21 	 5.549277 	 0.057428 	 14500.643824 
83  	 5 	 23 	 3.293930 	 0.342223 	 76432.420223 
83  	 5 	 50 	 6.852525 	 0.023857 	 6122.462545 
83  	 5 	 25 	 2.216682 	 2.241356 	 305387.541236 
83  	 5 	 12 	 4.013336 	 0.056438 	 14257.367618 
83  	 5 	 40 	 4.034169 	 0.193999 	 46044.195763 
83  	 5 	 2 	 2.896217 	 0.774796 	 148977.529857 
83  	 5 	 11 	 1.975620 	 3.575456 	 394904.816041 
84  	 5 	 1 	 1.044886 	 46.141066 	 1000604.244343 
84  	 5 	 21 	 5.549277 	 0.057428 	 14500.643824 
84  	 5 	 23 	 3.293930 	 0.342223 	 76432.420223 
84  	 5 	 50 	 6.852525 	 0.023857 	 6122.462545 
84  	 5 	 25 	 2.216682 	 2.241356 	 305387.541236 
84  	 5 	 12 	 4.013336 	 0.056438 	 14257.367618 
84  	 5 	 40 	 4.034169 	 0.193999 	 46044.195763 
84  	 5 	 2 	 2.896217 	 0.774796 	 148977.529857 
84  	 5 	 11 	 1.975620 	 3.575456 	 394904.816041 
85  	 5 	 1 	 1.044886 	 46.141066 	 1000604.244343 
85  	 5 	 21 	 5.549277 	 0.057428 	 14500.643824 
85  	 5 	 23 	 3.293930 	 0.342223 	 76432.420223 
85  	 5 	 50 	 6.852525 	 0.023857 	 6122.462545 
85  	 5 	 25 	 2.216682 	 2.241356 	 305387.541236 
85  	 5 	 12 	 4.013336 	 0.056438 	 14257.367618 
85  	 5 	 40 	 4.034169 	 0.193999 	 46044.195763 
85  	 5 	 2 	 2.896217 	 0.774796 	 148977.529857 
85  	 5 	 11 	 1.975620 	 3.575456 	 394904.816041 
86  	 5 	 1 	 1.044886 	 46.141066 	 1000604.244343 
86  	 5 	 21 	 5.549277 	 0.057428 	 14500.643824 
86  	 5 	 23 	 3.293930 	 0.342223 	 76432.420223 
86  	 5 	 50 	 6.852525 	 0.023857 	 6122.462545 
86  	 5 	 25 	 2.216682 	 2.241356 	 305387.541236 
86  	 5 	 12 	 4.013336 	 0.056438 	 14257.367618 
86  	 5 	 40 	 4.034169 	 0.193999 	 46044.195763 
86  	 5 	 2 	 2.896217 	 0.774796 	 148977.529857 
86  	 5 	 11 	 1.975620 	 3.575456 	 394904.816041 
87  	 5 	 1 	 1.044886 	 46.141066 	 1000604.244343 
87  	 5 	 21 	 5.549277 	 0.057428 	 14500.643824 
87  	 5 	 23 	 3.293930 	 0.342223 	 76432.420223 
87  	 5 	 50 	 6.852525 	 0.023857 	 6122.462545 
87  	 5 	 25 	 2.216682 	 2.241356 	 305387.541236 
87  	 5 	 12 	 4.013336 	 0.056438 	 14257.367618 
87  	 5 	 40 	 4.034169 	 0.193999 	 46044.195763 
87  	 5 	 2 	 2.896217 	 0.774796 	 148977.529857 
87  	 5 	 11 	 1.975620 	 3.575456 	 394904.816041 
88  	 5 	 1 	 1.044886 	 46.141066 	 1000604.244343 
88  	 5 	 21 	 5.549277 	 0.057428 	 14500.643824 
88  	 5 	 23 	 3.293930 	 0.342223 	 76432.420223 
88  	 5 	 50 	 6.852525 	 0.023857 	 6122.462545 
88  	 5 	 25 	 2.216682 	 2.241356 	 305387.541236 
88  	 5 	 12 	 4.013336 	 0.056438 	 14257.367618 
88  	 5 	 40 	 4.034169 	 0.193999 	 46044.195763 
88  	 5 	 2 	 2.896217 	 0.774796 	 148977.529857 
88  	 5 	 11 	 1.975620 	 3.575456 	 394904.816041 
89  	 5 	 1 	 1.044886 	 46.141066 	 1000604.244343 
89  	 5 	 21 	 5.549277 	 0.057428 	 14500.643824 
89  	 5 	 23 	 3.293930 	 0.342223 	 76432.420223 
89  	 5 	 50 	 6.852525 	 0.023857 	 6122.462545 
89  	 5 	 25 	 2.216682 	 2.241356 	 305387.541236 
89  	 5 	 12 	 4.013336 	 0.056438 	 14257.367618 
89  	 5 	 40 	 4.034169 	 0.193999 	 46044.195763 
89  	 5 	 2 	 2.896217 	 0.774796 	 148977.529857 
89  	 5 	 11 	 1.975620 	 3.575456 	 394904.816041 
90  	 5 	 1 	 1.044886 	 46.141066 	 1000604.244343 
90  	 5 	 21 	 5.549277 	 0.057428 	 14500.643824 
90  	 5 	 23 	 3.293930 	 0.342223 	 76432.420223 
90  	 5 	 50 	 6.852525 	 0.023857 	 6122.462545 
90  	 5 	 25 	 2.216682 	 2.241356 	 305387.541236 
90  	 5 	 12 	 4.013336 	 0.056438 	 14257.367618 
90  	 5 	 40 	 4.034169 	 0.193999 	 46044.195763 
90  	 5 	 2 	 2.896217 	 0.774796 	 148977.529857 
90  	 5 	 11 	 1.975620 	 3.575456 	 394904.816041 
91  	 5 	 1 	 1.044886 	 46.141066 	 1000604.244343 
91  	 5 	 21 	 5.549277 	 0.057428 	 14500.643824 
91  	 5 	 23 	 3.293930 	 0.342223 	 76432.420223 
91  	 5 	 50 	 6.852525 	 0.023857 	 6122.462545 
91  	 5 	 25 	 2.216682 	 2.241356 	 305387.541236 
91  	 5 	 12 	 4.013336 	 0.056438 	 14257.367618 
91  	 5 	 40 	 4.034169 	 0.193999 	 46044.195763 
91  	 5 	 2 	 2.896217 	 0.774796 	 148977.529857 
91  	 5 	 11 	 1.975620 	 3.575456 	 394904.816041 
92  	 5 	 1 	 1.044886 	 46.141066 	 1000604.244343 
92  	 5 	 21 	 5.549277 	 0.057428 	 14500.643824 
92  	 5 	 23 	 3.293930 	 0.342223 	 76432.420223 
92  	 5 	 50 	 6.852525 	 0.023857 	 6122.462545 
92  	 5 	 25 	 2.216682 	 2.241356 	 305387.541236 
92  	 5 	 12 	 4.013336 	 0.056438 	 14257.367618 
92  	 5 	 40 	 4.034169 	 0.193999 	 46044.195763 
92  	 5 	 2 	 2.896217 	 0.774796 	 148977.529857 
92  	 5 	 11 	 1.975620 	 3.575456 	 394904.816041 
93  	 5 	 1 	 1.044886 	 46.141066 	 1000604.244343 
93  	 5 	 21 	 5.549277 	 0.057428 	 14500.643824 
93  	 5 	 23 	 3.293930 	 0.342223 	 76432.420223 
93  	 5 	 50 	 6.852525 	 0.023857 	 6122.462545 
93  	 5 	 25 	 2.216682 	 2.241356 	 305387.541236 
93  	 5 	 12 	 4.013336 	 0.056438 	 14257.367618 
93  	 5 	 40 	 4.034169 	 0.193999 	 46044.195763 
93  	 5 	 2 	 2.896217 	 0.774796 	 148977.529857 
93  	 5 	 11 	 1.975620 	 3.575456 	 394904.816041 
94  	 5 	 1 	 1.044886 	 46.141066 	 1000604.244343 
94  	 5 	 21 	 5.549277 	 0.057428 	 14500.643824 
94  	 5 	 23 	 3.293930 	 0.342223 	 76432.420223 
94  	 5 	 50 	 6.852525 	 0.023857 	 6122.462545 
94  	 5 	 25 	 2.216682 	 2.241356 	 305387.541236 
94  	 5 	 12 	 4.013336 	 0.056438 	 14257.367618 
94  	 5 	 40 	 4.034169 	 0.193999 	 46044.195763 
94  	 5 	 2 	 2.896217 	 0.774796 	 148977.529857 
94  	 5 	 11 	 1.975620 	 3.575456 	 394904.816041 
95  	 5 	 1 	 1.044886 	 46.141066 	 1000604.244343 
95  	 5 	 21 	 5.549277 	 0.057428 	 14500.643824 
95  	 5 	 23 	 3.293930 	 0.342223 	 76432.420223 
95  	 5 	 50 	 6.852525 	 0.023857 	 6122.462545 
95  	 5 	 25 	 2.216682 	 2.241356 	 305387.541236 
95  	 5 	 12 	 4.013336 	 0.056438 	 14257.367618 
95  	 5 	 40 	 4.034169 	 0.193999 	 46044.195763 
95  	 5 	 2 	 2.896217 	 0.774796 	 148977.529857 
95  	 5 	 11 	 1.975620 	 3.575456 	 394904.816041 
96  	 5 	 1 	 1.044886 	 46.141066 	 1000604.244343 
96  	 5 	 21 	 5.549277 	 0.057428 	 14500.643824 
96  	 5 	 23 	 3.293930 	 0.342223 	 76432.420223 
96  	 5 	 50 	 6.852525 	 0.023857 	 6122.462545 
96  	 5 	 25 	 2.216682 	 2.241356 	 305387.541236 
96  	 5 	 12 	 4.013336 	 0.056438 	 14257.367618 
96  	 5 	 40 	 4.034169 	 0.193999 	 46044.195763 
96  	 5 	 2 	 2.896217 	 0.774796 	 148977.529857 
96  	 5 	 11 	 1.975620 	 3.575456 	 394904.816041 
97  	 5 	 1 	 1.044886 	 46.141066 	 1000604.244343 
97  	 5 	 21 	 5.549277 	 0.057428 	 14500.643824 
97  	 5 	 23 	 3.293930 	 0.342223 	 76432.420223 
97  	 5 	 50 	 6.852525 	 0.023857 	 6122.462545 
97  	 5 	 25 	 2.216682 	 2.241356 	 305387.541236 
97  	 5 	 12 	 4.013336 	 0.056438 	 14257.367618 
97  	 5 	 40 	 4.034169 	 0.193999 	 46044.195763 
97  	 5 	 2 	 2.896217 	 0.774796 	 148977.529857 
97  	 5 	 11 	 1.975620 	 3.575456 	 394904.816041 
98  	 5 	 1 	 1.044886 	 46.141066 	 1000604.244343 
98  	 5 	 21 	 5.549277 	 0.057428 	 14500.643824 
98  	 5 	 23 	 3.293930 	 0.342223 	 76432.420223 
98  	 5 	 50 	 6.852525 	 0.023857 	 6122.462545 
98  	 5 	 25 	 2.216682 	 2.241356 	 305387.541236 
98  	 5 	 12 	 4.013336 	 0.056438 	 14257.367618 
98  	 5 	 40 	 4.034169 	 0.193999 	 46044.195763 
98  	 5 	 2 	 2.896217 	 0.774796 	 148977.529857 
98  	 5 	 11 	 1.975620 	 3.575456 	 394904.816041 
99  	 5 	 1 	 1.044886 	 46.141066 	 1000604.244343 
99  	 5 	 21 	 5.549277 	 0.057428 	 14500.643824 
99  	 5 	 23 	 3.293930 	 0.342223 	 76432.420223 
99  	 5 	 50 	 6.852525 	 0.023857 	 6122.462545 
99  	 5 	 25 	 2.216682 	 2.241356 	 305387.541236 
99  	 5 	 12 	 4.013336 	 0.056438 	 14257.367618 
99  	 5 	 40 	 4.034169 	 0.193999 	 46044.195763 
99  	 5 	 2 	 2.896217 	 0.774796 	 148977.529857 
99  	 5 	 11 	 1.975620 	 3.575456 	 394904.816041 
100  	 5 	 1 	 1.044886 	 46.141066 	 1000604.244343 
100  	 5 	 21 	 5.549277 	 0.057428 	 14500.643824 
100  	 5 	 23 	 3.293930 	 0.342223 	 76432.420223 
100  	 5 	 50 	 6.852525 	 0.023857 	 6122.462545 
100  	 5 	 25 	 2.216682 	 2.241356 	 305387.541236 
100  	 5 	 12 	 4.013336 	 0.056438 	 14257.367618 
100  	 5 	 40 	 4.034169 	 0.193999 	 46044.195763 
100  	 5 	 2 	 2.896217 	 0.774796 	 148977.529857 
100  	 5 	 11 	 1.975620 	 3.575456 	 394904.816041 
101  	 5 	 1 	 1.044886 	 46.141066 	 1000604.244343 
101  	 5 	 21 	 5.549277 	 0.057428 	 14500.643824 
101  	 5 	 23 	 3.293930 	 0.342223 	 76432.420223 
101  	 5 	 50 	 6.852525 	 0.023857 	 6122.462545 
101  	 5 	 25 	 2.216682 	 2.241356 	 305387.541236 
101  	 5 	 12 	 4.013336 	 0.056438 	 14257.367618 
101  	 5 	 40 	 4.034169 	 0.193999 	 46044.195763 
101  	 5 	 2 	 2.896217 	 0.774796 	 148977.529857 
101  	 5 	 11 	 1.975620 	 3.575456 	 394904.816041 
102  	 5 	 1 	 1.044886 	 46.141066 	 1000604.244343 
102  	 5 	 21 	 5.549277 	 0.057428 	 14500.643824 
102  	 5 	 23 	 3.293930 	 0.342223 	 76432.420223 
102  	 5 	 50 	 6.852525 	 0.023857 	 6122.462545 
102  	 5 	 25 	 2.216682 	 2.241356 	 305387.541236 
102  	 5 	 12 	 4.013336 	 0.056438 	 14257.367618 
102  	 5 	 40 	 4.034169 	 0.193999 	 46044.195763 
102  	 5 	 2 	 2.896217 	 0.774796 	 148977.529857 
102  	 5 	 11 	 1.975620 	 3.575456 	 394904.816041 
103  	 5 	 1 	 1.044886 	 46.141066 	 1000604.244343 
103  	 5 	 21 	 5.549277 	 0.057428 	 14500.643824 
103  	 5 	 23 	 3.293930 	 0.342223 	 76432.420223 
103  	 5 	 50 	 6.852525 	 0.023857 	 6122.462545 
103  	 5 	 25 	 2.216682 	 2.241356 	 305387.541236 
103  	 5 	 12 	 4.013336 	 0.056438 	 14257.367618 
103  	 5 	 40 	 4.034169 	 0.193999 	 46044.195763 
103  	 5 	 2 	 2.896217 	 0.774796 	 148977.529857 
103  	 5 	 11 	 1.975620 	 3.575456 	 394904.816041 
104  	 5 	 1 	 1.044886 	 46.141066 	 1000604.244343 
104  	 5 	 21 	 5.549277 	 0.057428 	 14500.643824 
104  	 5 	 23 	 3.293930 	 0.342223 	 76432.420223 
104  	 5 	 50 	 6.852525 	 0.023857 	 6122.462545 
104  	 5 	 25 	 2.216682 	 2.241356 	 305387.541236 
104  	 5 	 12 	 4.013336 	 0.056438 	 14257.367618 
104  	 5 	 40 	 4.034169 	 0.193999 	 46044.195763 
104  	 5 	 2 	 2.896217 	 0.774796 	 148977.529857 
104  	 5 	 11 	 1.975620 	 3.575456 	 394904.816041 
