1 	 1 	 1  	 26322.5 	  	 26322.5 	 	 0 	 	 26322.5  
1 	 2 	 2  	 648371 	  	 648371 	 	 0 	 	 648371 
1 	 3 	 3  	 475548 	  	 475548 	 	 0 	 	 475548 
1 	 4 	 4  	 1.65591e+06 	  	 1.65591e+06 	 	 0 	 	 1.65591e+06 
1 	 5 	 5  	 198135 	  	 198135 	 	 0 	 	 198135 
1 	 6 	 6  	 1.1745e+06 	  	 1.1745e+06 	 	 0 	 	 1.1745e+06 
1 	 7 	 7  	 636922 	  	 636922 	 	 0 	 	 636922 
2 	 1 	 8  	 30071.8 	  	 30071.8 	 	 26322.5 	 	 3749.26 
2 	 2 	 9  	 660913 	  	 660913 	 	 648371 	 	 12542.6 
2 	 3 	 10  	 475653 	  	 475653 	 	 475548 	 	 104.201 
2 	 4 	 11  	 1.67735e+06 	  	 1.67735e+06 	 	 1.65591e+06 	 	 21443 
2 	 5 	 12  	 198352 	  	 198352 	 	 198135 	 	 217.485 
2 	 6 	 13  	 1.18247e+06 	  	 1.18247e+06 	 	 1.1745e+06 	 	 7968.51 
2 	 7 	 14  	 637288 	  	 637288 	 	 636922 	 	 365.358 
3 	 1 	 15  	 30311.9 	  	 30311.9 	 	 30071.8 	 	 240.099 
3 	 2 	 16  	 674603 	  	 674603 	 	 660913 	 	 13689.8 
3 	 3 	 17  	 475759 	  	 475759 	 	 475653 	 	 106.496 
3 	 4 	 18  	 1.67761e+06 	  	 1.67761e+06 	 	 1.67735e+06 	 	 262.7 
3 	 5 	 19  	 198691 	  	 198691 	 	 198352 	 	 338.933 
3 	 6 	 20  	 1.18316e+06 	  	 1.18316e+06 	 	 1.18247e+06 	 	 697.757 
3 	 7 	 21  	 642354 	  	 642354 	 	 637288 	 	 5066.69 
4 	 1 	 22  	 30313.7 	  	 30313.7 	 	 30311.9 	 	 1.848 
4 	 2 	 23  	 674695 	  	 674695 	 	 674603 	 	 91.9664 
4 	 3 	 24  	 475764 	  	 475764 	 	 475759 	 	 4.59495 
4 	 4 	 25  	 1.67761e+06 	  	 1.67761e+06 	 	 1.67761e+06 	 	 0 
4 	 5 	 26  	 198693 	  	 198693 	 	 198691 	 	 1.9907 
4 	 6 	 27  	 1.18339e+06 	  	 1.18339e+06 	 	 1.18316e+06 	 	 224.001 
4 	 7 	 28  	 642354 	  	 642354 	 	 642354 	 	 0 
5 	 1 	 29  	 30313.7 	  	 30313.7 	 	 30313.7 	 	 0 
5 	 2 	 30  	 674695 	  	 674695 	 	 674695 	 	 0 
5 	 3 	 31  	 475764 	  	 475764 	 	 475764 	 	 0 
5 	 4 	 32  	 1.67761e+06 	  	 1.67761e+06 	 	 1.67761e+06 	 	 0 
5 	 5 	 33  	 198693 	  	 198693 	 	 198693 	 	 0 
5 	 6 	 34  	 1.18339e+06 	  	 1.18339e+06 	 	 1.18339e+06 	 	 0 
5 	 7 	 35  	 642354 	  	 642354 	 	 642354 	 	 0 
6 	 1 	 36  	 30313.7 	  	 30313.7 	 	 30313.7 	 	 0 
6 	 2 	 37  	 674695 	  	 674695 	 	 674695 	 	 0 
6 	 3 	 38  	 475764 	  	 475764 	 	 475764 	 	 0 
6 	 4 	 39  	 1.67761e+06 	  	 1.67761e+06 	 	 1.67761e+06 	 	 0 
6 	 5 	 40  	 198693 	  	 198693 	 	 198693 	 	 0 
6 	 6 	 41  	 1.18339e+06 	  	 1.18339e+06 	 	 1.18339e+06 	 	 0 
6 	 7 	 42  	 642354 	  	 642354 	 	 642354 	 	 0 
7 	 1 	 43  	 30313.7 	  	 30313.7 	 	 30313.7 	 	 0 
7 	 2 	 44  	 674695 	  	 674695 	 	 674695 	 	 0 
7 	 3 	 45  	 475764 	  	 475764 	 	 475764 	 	 0 
7 	 4 	 46  	 1.67761e+06 	  	 1.67761e+06 	 	 1.67761e+06 	 	 0 
7 	 5 	 47  	 198693 	  	 198693 	 	 198693 	 	 0 
7 	 6 	 48  	 1.18339e+06 	  	 1.18339e+06 	 	 1.18339e+06 	 	 0 
7 	 7 	 49  	 642354 	  	 642354 	 	 642354 	 	 0 
8 	 1 	 50  	 30313.7 	  	 30313.7 	 	 30313.7 	 	 0 
8 	 2 	 51  	 674695 	  	 674695 	 	 674695 	 	 0 
8 	 3 	 52  	 475764 	  	 475764 	 	 475764 	 	 0 
8 	 4 	 53  	 1.67761e+06 	  	 1.67761e+06 	 	 1.67761e+06 	 	 0 
8 	 5 	 54  	 198693 	  	 198693 	 	 198693 	 	 0 
8 	 6 	 55  	 1.18339e+06 	  	 1.18339e+06 	 	 1.18339e+06 	 	 0 
8 	 7 	 56  	 642354 	  	 642354 	 	 642354 	 	 0 
9 	 1 	 57  	 30313.7 	  	 30313.7 	 	 30313.7 	 	 0 
9 	 2 	 58  	 674695 	  	 674695 	 	 674695 	 	 0 
9 	 3 	 59  	 475764 	  	 475764 	 	 475764 	 	 0 
9 	 4 	 60  	 1.67761e+06 	  	 1.67761e+06 	 	 1.67761e+06 	 	 0 
9 	 5 	 61  	 198693 	  	 198693 	 	 198693 	 	 0 
9 	 6 	 62  	 1.18339e+06 	  	 1.18339e+06 	 	 1.18339e+06 	 	 0 
9 	 7 	 63  	 642354 	  	 642354 	 	 642354 	 	 0 
10 	 1 	 64  	 30313.7 	  	 30313.7 	 	 30313.7 	 	 0 
10 	 2 	 65  	 674695 	  	 674695 	 	 674695 	 	 0 
10 	 3 	 66  	 475764 	  	 475764 	 	 475764 	 	 0 
10 	 4 	 67  	 1.67761e+06 	  	 1.67761e+06 	 	 1.67761e+06 	 	 0 
10 	 5 	 68  	 198693 	  	 198693 	 	 198693 	 	 0 
10 	 6 	 69  	 1.18339e+06 	  	 1.18339e+06 	 	 1.18339e+06 	 	 0 
10 	 7 	 70  	 642354 	  	 642354 	 	 642354 	 	 0 
11 	 1 	 71  	 30313.7 	  	 30313.7 	 	 30313.7 	 	 0 
11 	 2 	 72  	 674695 	  	 674695 	 	 674695 	 	 0 
11 	 3 	 73  	 475764 	  	 475764 	 	 475764 	 	 0 
11 	 4 	 74  	 1.67761e+06 	  	 1.67761e+06 	 	 1.67761e+06 	 	 0 
11 	 5 	 75  	 198693 	  	 198693 	 	 198693 	 	 0 
11 	 6 	 76  	 1.18339e+06 	  	 1.18339e+06 	 	 1.18339e+06 	 	 0 
11 	 7 	 77  	 642354 	  	 642354 	 	 642354 	 	 0 
12 	 1 	 78  	 30313.7 	  	 30313.7 	 	 30313.7 	 	 0 
12 	 2 	 79  	 674695 	  	 674695 	 	 674695 	 	 0 
12 	 3 	 80  	 475764 	  	 475764 	 	 475764 	 	 0 
12 	 4 	 81  	 1.67761e+06 	  	 1.67761e+06 	 	 1.67761e+06 	 	 0 
12 	 5 	 82  	 198693 	  	 198693 	 	 198693 	 	 0 
12 	 6 	 83  	 1.18339e+06 	  	 1.18339e+06 	 	 1.18339e+06 	 	 0 
12 	 7 	 84  	 642354 	  	 642354 	 	 642354 	 	 0 
13 	 1 	 85  	 30313.7 	  	 30313.7 	 	 30313.7 	 	 0 
13 	 2 	 86  	 674695 	  	 674695 	 	 674695 	 	 0 
13 	 3 	 87  	 475764 	  	 475764 	 	 475764 	 	 0 
13 	 4 	 88  	 1.67761e+06 	  	 1.67761e+06 	 	 1.67761e+06 	 	 0 
13 	 5 	 89  	 198693 	  	 198693 	 	 198693 	 	 0 
13 	 6 	 90  	 1.18339e+06 	  	 1.18339e+06 	 	 1.18339e+06 	 	 0 
13 	 7 	 91  	 642354 	  	 642354 	 	 642354 	 	 0 
14 	 1 	 92  	 30313.7 	  	 30313.7 	 	 30313.7 	 	 0 
14 	 2 	 93  	 674695 	  	 674695 	 	 674695 	 	 0 
14 	 3 	 94  	 475764 	  	 475764 	 	 475764 	 	 0 
14 	 4 	 95  	 1.67761e+06 	  	 1.67761e+06 	 	 1.67761e+06 	 	 0 
14 	 5 	 96  	 198693 	  	 198693 	 	 198693 	 	 0 
14 	 6 	 97  	 1.18339e+06 	  	 1.18339e+06 	 	 1.18339e+06 	 	 0 
14 	 7 	 98  	 642354 	  	 642354 	 	 642354 	 	 0 
15 	 1 	 99  	 30313.7 	  	 30313.7 	 	 30313.7 	 	 0 
15 	 2 	 100  	 674695 	  	 674695 	 	 674695 	 	 0 
15 	 3 	 101  	 475764 	  	 475764 	 	 475764 	 	 0 
15 	 4 	 102  	 1.67761e+06 	  	 1.67761e+06 	 	 1.67761e+06 	 	 0 
15 	 5 	 103  	 198693 	  	 198693 	 	 198693 	 	 0 
15 	 6 	 104  	 1.18339e+06 	  	 1.18339e+06 	 	 1.18339e+06 	 	 0 
15 	 7 	 105  	 642354 	  	 642354 	 	 642354 	 	 0 
16 	 1 	 106  	 30313.7 	  	 30313.7 	 	 30313.7 	 	 0 
16 	 2 	 107  	 674695 	  	 674695 	 	 674695 	 	 0 
16 	 3 	 108  	 475764 	  	 475764 	 	 475764 	 	 0 
16 	 4 	 109  	 1.67761e+06 	  	 1.67761e+06 	 	 1.67761e+06 	 	 0 
16 	 5 	 110  	 198693 	  	 198693 	 	 198693 	 	 0 
16 	 6 	 111  	 1.18339e+06 	  	 1.18339e+06 	 	 1.18339e+06 	 	 0 
16 	 7 	 112  	 642354 	  	 642354 	 	 642354 	 	 0 
17 	 1 	 113  	 30313.7 	  	 30313.7 	 	 30313.7 	 	 0 
17 	 2 	 114  	 674695 	  	 674695 	 	 674695 	 	 0 
17 	 3 	 115  	 475764 	  	 475764 	 	 475764 	 	 0 
17 	 4 	 116  	 1.67761e+06 	  	 1.67761e+06 	 	 1.67761e+06 	 	 0 
17 	 5 	 117  	 198693 	  	 198693 	 	 198693 	 	 0 
17 	 6 	 118  	 1.18339e+06 	  	 1.18339e+06 	 	 1.18339e+06 	 	 0 
17 	 7 	 119  	 642354 	  	 642354 	 	 642354 	 	 0 
18 	 1 	 120  	 30313.7 	  	 30313.7 	 	 30313.7 	 	 0 
18 	 2 	 121  	 674695 	  	 674695 	 	 674695 	 	 0 
18 	 3 	 122  	 475764 	  	 475764 	 	 475764 	 	 0 
18 	 4 	 123  	 1.67761e+06 	  	 1.67761e+06 	 	 1.67761e+06 	 	 0 
18 	 5 	 124  	 198693 	  	 198693 	 	 198693 	 	 0 
18 	 6 	 125  	 1.18339e+06 	  	 1.18339e+06 	 	 1.18339e+06 	 	 0 
18 	 7 	 126  	 642354 	  	 642354 	 	 642354 	 	 0 
19 	 1 	 127  	 30313.7 	  	 30313.7 	 	 30313.7 	 	 0 
19 	 2 	 128  	 674695 	  	 674695 	 	 674695 	 	 0 
19 	 3 	 129  	 475764 	  	 475764 	 	 475764 	 	 0 
19 	 4 	 130  	 1.67761e+06 	  	 1.67761e+06 	 	 1.67761e+06 	 	 0 
19 	 5 	 131  	 198693 	  	 198693 	 	 198693 	 	 0 
19 	 6 	 132  	 1.18339e+06 	  	 1.18339e+06 	 	 1.18339e+06 	 	 0 
19 	 7 	 133  	 642354 	  	 642354 	 	 642354 	 	 0 
20 	 1 	 134  	 30313.7 	  	 30313.7 	 	 30313.7 	 	 0 
20 	 2 	 135  	 674695 	  	 674695 	 	 674695 	 	 0 
20 	 3 	 136  	 475764 	  	 475764 	 	 475764 	 	 0 
20 	 4 	 137  	 1.67761e+06 	  	 1.67761e+06 	 	 1.67761e+06 	 	 0 
20 	 5 	 138  	 198693 	  	 198693 	 	 198693 	 	 0 
20 	 6 	 139  	 1.18339e+06 	  	 1.18339e+06 	 	 1.18339e+06 	 	 0 
20 	 7 	 140  	 642354 	  	 642354 	 	 642354 	 	 0 
21 	 1 	 141  	 30313.7 	  	 30313.7 	 	 30313.7 	 	 0 
21 	 2 	 142  	 674695 	  	 674695 	 	 674695 	 	 0 
21 	 3 	 143  	 475764 	  	 475764 	 	 475764 	 	 0 
21 	 4 	 144  	 1.67761e+06 	  	 1.67761e+06 	 	 1.67761e+06 	 	 0 
21 	 5 	 145  	 198693 	  	 198693 	 	 198693 	 	 0 
21 	 6 	 146  	 1.18339e+06 	  	 1.18339e+06 	 	 1.18339e+06 	 	 0 
21 	 7 	 147  	 642354 	  	 642354 	 	 642354 	 	 0 
22 	 1 	 148  	 30313.7 	  	 30313.7 	 	 30313.7 	 	 0 
22 	 2 	 149  	 674695 	  	 674695 	 	 674695 	 	 0 
22 	 3 	 150  	 475764 	  	 475764 	 	 475764 	 	 0 
22 	 4 	 151  	 1.67761e+06 	  	 1.67761e+06 	 	 1.67761e+06 	 	 0 
22 	 5 	 152  	 198693 	  	 198693 	 	 198693 	 	 0 
22 	 6 	 153  	 1.18339e+06 	  	 1.18339e+06 	 	 1.18339e+06 	 	 0 
22 	 7 	 154  	 642354 	  	 642354 	 	 642354 	 	 0 
23 	 1 	 155  	 30313.7 	  	 30313.7 	 	 30313.7 	 	 0 
23 	 2 	 156  	 674695 	  	 674695 	 	 674695 	 	 0 
23 	 3 	 157  	 475764 	  	 475764 	 	 475764 	 	 0 
23 	 4 	 158  	 1.67761e+06 	  	 1.67761e+06 	 	 1.67761e+06 	 	 0 
23 	 5 	 159  	 198693 	  	 198693 	 	 198693 	 	 0 
23 	 6 	 160  	 1.18339e+06 	  	 1.18339e+06 	 	 1.18339e+06 	 	 0 
23 	 7 	 161  	 642354 	  	 642354 	 	 642354 	 	 0 
24 	 1 	 162  	 30313.7 	  	 30313.7 	 	 30313.7 	 	 0 
24 	 2 	 163  	 674695 	  	 674695 	 	 674695 	 	 0 
24 	 3 	 164  	 475764 	  	 475764 	 	 475764 	 	 0 
24 	 4 	 165  	 1.67761e+06 	  	 1.67761e+06 	 	 1.67761e+06 	 	 0 
24 	 5 	 166  	 198693 	  	 198693 	 	 198693 	 	 0 
24 	 6 	 167  	 1.18339e+06 	  	 1.18339e+06 	 	 1.18339e+06 	 	 0 
24 	 7 	 168  	 642354 	  	 642354 	 	 642354 	 	 0 
25 	 1 	 169  	 30313.7 	  	 30313.7 	 	 30313.7 	 	 0 
25 	 2 	 170  	 674695 	  	 674695 	 	 674695 	 	 0 
25 	 3 	 171  	 475764 	  	 475764 	 	 475764 	 	 0 
25 	 4 	 172  	 1.67761e+06 	  	 1.67761e+06 	 	 1.67761e+06 	 	 0 
25 	 5 	 173  	 198693 	  	 198693 	 	 198693 	 	 0 
25 	 6 	 174  	 1.18339e+06 	  	 1.18339e+06 	 	 1.18339e+06 	 	 0 
25 	 7 	 175  	 642354 	  	 642354 	 	 642354 	 	 0 
26 	 1 	 176  	 30313.7 	  	 30313.7 	 	 30313.7 	 	 0 
26 	 2 	 177  	 674695 	  	 674695 	 	 674695 	 	 0 
26 	 3 	 178  	 475764 	  	 475764 	 	 475764 	 	 0 
26 	 4 	 179  	 1.67761e+06 	  	 1.67761e+06 	 	 1.67761e+06 	 	 0 
26 	 5 	 180  	 198693 	  	 198693 	 	 198693 	 	 0 
26 	 6 	 181  	 1.18339e+06 	  	 1.18339e+06 	 	 1.18339e+06 	 	 0 
26 	 7 	 182  	 642354 	  	 642354 	 	 642354 	 	 0 
27 	 1 	 183  	 30313.7 	  	 30313.7 	 	 30313.7 	 	 0 
27 	 2 	 184  	 674695 	  	 674695 	 	 674695 	 	 0 
27 	 3 	 185  	 475764 	  	 475764 	 	 475764 	 	 0 
27 	 4 	 186  	 1.67761e+06 	  	 1.67761e+06 	 	 1.67761e+06 	 	 0 
27 	 5 	 187  	 198693 	  	 198693 	 	 198693 	 	 0 
27 	 6 	 188  	 1.18339e+06 	  	 1.18339e+06 	 	 1.18339e+06 	 	 0 
27 	 7 	 189  	 642354 	  	 642354 	 	 642354 	 	 0 
28 	 1 	 190  	 30313.7 	  	 30313.7 	 	 30313.7 	 	 0 
28 	 2 	 191  	 674695 	  	 674695 	 	 674695 	 	 0 
28 	 3 	 192  	 475764 	  	 475764 	 	 475764 	 	 0 
28 	 4 	 193  	 1.67761e+06 	  	 1.67761e+06 	 	 1.67761e+06 	 	 0 
28 	 5 	 194  	 198693 	  	 198693 	 	 198693 	 	 0 
28 	 6 	 195  	 1.18339e+06 	  	 1.18339e+06 	 	 1.18339e+06 	 	 0 
28 	 7 	 196  	 642354 	  	 642354 	 	 642354 	 	 0 
29 	 1 	 197  	 30313.7 	  	 30313.7 	 	 30313.7 	 	 0 
29 	 2 	 198  	 674695 	  	 674695 	 	 674695 	 	 0 
29 	 3 	 199  	 475764 	  	 475764 	 	 475764 	 	 0 
29 	 4 	 200  	 1.67761e+06 	  	 1.67761e+06 	 	 1.67761e+06 	 	 0 
29 	 5 	 201  	 198693 	  	 198693 	 	 198693 	 	 0 
29 	 6 	 202  	 1.18339e+06 	  	 1.18339e+06 	 	 1.18339e+06 	 	 0 
29 	 7 	 203  	 642354 	  	 642354 	 	 642354 	 	 0 
30 	 1 	 204  	 30313.7 	  	 30313.7 	 	 30313.7 	 	 0 
30 	 2 	 205  	 674695 	  	 674695 	 	 674695 	 	 0 
30 	 3 	 206  	 475764 	  	 475764 	 	 475764 	 	 0 
30 	 4 	 207  	 1.67761e+06 	  	 1.67761e+06 	 	 1.67761e+06 	 	 0 
30 	 5 	 208  	 198693 	  	 198693 	 	 198693 	 	 0 
30 	 6 	 209  	 1.18339e+06 	  	 1.18339e+06 	 	 1.18339e+06 	 	 0 
30 	 7 	 210  	 642354 	  	 642354 	 	 642354 	 	 0 
31 	 1 	 211  	 30313.7 	  	 30313.7 	 	 30313.7 	 	 0 
31 	 2 	 212  	 674695 	  	 674695 	 	 674695 	 	 0 
31 	 3 	 213  	 475764 	  	 475764 	 	 475764 	 	 0 
31 	 4 	 214  	 1.67761e+06 	  	 1.67761e+06 	 	 1.67761e+06 	 	 0 
31 	 5 	 215  	 198693 	  	 198693 	 	 198693 	 	 0 
31 	 6 	 216  	 1.18339e+06 	  	 1.18339e+06 	 	 1.18339e+06 	 	 0 
31 	 7 	 217  	 642354 	  	 642354 	 	 642354 	 	 0 
32 	 1 	 218  	 30313.7 	  	 30313.7 	 	 30313.7 	 	 0 
32 	 2 	 219  	 674695 	  	 674695 	 	 674695 	 	 0 
32 	 3 	 220  	 475764 	  	 475764 	 	 475764 	 	 0 
32 	 4 	 221  	 1.67761e+06 	  	 1.67761e+06 	 	 1.67761e+06 	 	 0 
32 	 5 	 222  	 198693 	  	 198693 	 	 198693 	 	 0 
32 	 6 	 223  	 1.18339e+06 	  	 1.18339e+06 	 	 1.18339e+06 	 	 0 
32 	 7 	 224  	 642354 	  	 642354 	 	 642354 	 	 0 
33 	 1 	 225  	 30313.7 	  	 30313.7 	 	 30313.7 	 	 0 
33 	 2 	 226  	 674695 	  	 674695 	 	 674695 	 	 0 
33 	 3 	 227  	 475764 	  	 475764 	 	 475764 	 	 0 
33 	 4 	 228  	 1.67761e+06 	  	 1.67761e+06 	 	 1.67761e+06 	 	 0 
33 	 5 	 229  	 198693 	  	 198693 	 	 198693 	 	 0 
33 	 6 	 230  	 1.18339e+06 	  	 1.18339e+06 	 	 1.18339e+06 	 	 0 
33 	 7 	 231  	 642354 	  	 642354 	 	 642354 	 	 0 
34 	 1 	 232  	 30313.7 	  	 30313.7 	 	 30313.7 	 	 0 
34 	 2 	 233  	 674695 	  	 674695 	 	 674695 	 	 0 
34 	 3 	 234  	 475764 	  	 475764 	 	 475764 	 	 0 
34 	 4 	 235  	 1.67761e+06 	  	 1.67761e+06 	 	 1.67761e+06 	 	 0 
34 	 5 	 236  	 198693 	  	 198693 	 	 198693 	 	 0 
34 	 6 	 237  	 1.18339e+06 	  	 1.18339e+06 	 	 1.18339e+06 	 	 0 
34 	 7 	 238  	 642354 	  	 642354 	 	 642354 	 	 0 
35 	 1 	 239  	 30313.7 	  	 30313.7 	 	 30313.7 	 	 0 
35 	 2 	 240  	 674695 	  	 674695 	 	 674695 	 	 0 
35 	 3 	 241  	 475764 	  	 475764 	 	 475764 	 	 0 
35 	 4 	 242  	 1.67761e+06 	  	 1.67761e+06 	 	 1.67761e+06 	 	 0 
35 	 5 	 243  	 198693 	  	 198693 	 	 198693 	 	 0 
35 	 6 	 244  	 1.18339e+06 	  	 1.18339e+06 	 	 1.18339e+06 	 	 0 
35 	 7 	 245  	 642354 	  	 642354 	 	 642354 	 	 0 
36 	 1 	 246  	 30313.7 	  	 30313.7 	 	 30313.7 	 	 0 
36 	 2 	 247  	 674695 	  	 674695 	 	 674695 	 	 0 
36 	 3 	 248  	 475764 	  	 475764 	 	 475764 	 	 0 
36 	 4 	 249  	 1.67761e+06 	  	 1.67761e+06 	 	 1.67761e+06 	 	 0 
36 	 5 	 250  	 198693 	  	 198693 	 	 198693 	 	 0 
36 	 6 	 251  	 1.18339e+06 	  	 1.18339e+06 	 	 1.18339e+06 	 	 0 
36 	 7 	 252  	 642354 	  	 642354 	 	 642354 	 	 0 
37 	 1 	 253  	 30313.7 	  	 30313.7 	 	 30313.7 	 	 0 
37 	 2 	 254  	 674695 	  	 674695 	 	 674695 	 	 0 
37 	 3 	 255  	 475764 	  	 475764 	 	 475764 	 	 0 
37 	 4 	 256  	 1.67761e+06 	  	 1.67761e+06 	 	 1.67761e+06 	 	 0 
37 	 5 	 257  	 198693 	  	 198693 	 	 198693 	 	 0 
37 	 6 	 258  	 1.18339e+06 	  	 1.18339e+06 	 	 1.18339e+06 	 	 0 
37 	 7 	 259  	 642354 	  	 642354 	 	 642354 	 	 0 
38 	 1 	 260  	 30313.7 	  	 30313.7 	 	 30313.7 	 	 0 
38 	 2 	 261  	 674695 	  	 674695 	 	 674695 	 	 0 
38 	 3 	 262  	 475764 	  	 475764 	 	 475764 	 	 0 
38 	 4 	 263  	 1.67761e+06 	  	 1.67761e+06 	 	 1.67761e+06 	 	 0 
38 	 5 	 264  	 198693 	  	 198693 	 	 198693 	 	 0 
38 	 6 	 265  	 1.18339e+06 	  	 1.18339e+06 	 	 1.18339e+06 	 	 0 
38 	 7 	 266  	 642354 	  	 642354 	 	 642354 	 	 0 
39 	 1 	 267  	 30313.7 	  	 30313.7 	 	 30313.7 	 	 0 
39 	 2 	 268  	 674695 	  	 674695 	 	 674695 	 	 0 
39 	 3 	 269  	 475764 	  	 475764 	 	 475764 	 	 0 
39 	 4 	 270  	 1.67761e+06 	  	 1.67761e+06 	 	 1.67761e+06 	 	 0 
39 	 5 	 271  	 198693 	  	 198693 	 	 198693 	 	 0 
39 	 6 	 272  	 1.18339e+06 	  	 1.18339e+06 	 	 1.18339e+06 	 	 0 
39 	 7 	 273  	 642354 	  	 642354 	 	 642354 	 	 0 
40 	 1 	 274  	 30313.7 	  	 30313.7 	 	 30313.7 	 	 0 
40 	 2 	 275  	 674695 	  	 674695 	 	 674695 	 	 0 
40 	 3 	 276  	 475764 	  	 475764 	 	 475764 	 	 0 
40 	 4 	 277  	 1.67761e+06 	  	 1.67761e+06 	 	 1.67761e+06 	 	 0 
40 	 5 	 278  	 198693 	  	 198693 	 	 198693 	 	 0 
40 	 6 	 279  	 1.18339e+06 	  	 1.18339e+06 	 	 1.18339e+06 	 	 0 
40 	 7 	 280  	 642354 	  	 642354 	 	 642354 	 	 0 
41 	 1 	 281  	 30313.7 	  	 30313.7 	 	 30313.7 	 	 0 
41 	 2 	 282  	 674695 	  	 674695 	 	 674695 	 	 0 
41 	 3 	 283  	 475764 	  	 475764 	 	 475764 	 	 0 
41 	 4 	 284  	 1.67761e+06 	  	 1.67761e+06 	 	 1.67761e+06 	 	 0 
41 	 5 	 285  	 198693 	  	 198693 	 	 198693 	 	 0 
41 	 6 	 286  	 1.18339e+06 	  	 1.18339e+06 	 	 1.18339e+06 	 	 0 
41 	 7 	 287  	 642354 	  	 642354 	 	 642354 	 	 0 
42 	 1 	 288  	 30313.7 	  	 30313.7 	 	 30313.7 	 	 0 
42 	 2 	 289  	 674695 	  	 674695 	 	 674695 	 	 0 
42 	 3 	 290  	 475764 	  	 475764 	 	 475764 	 	 0 
42 	 4 	 291  	 1.67761e+06 	  	 1.67761e+06 	 	 1.67761e+06 	 	 0 
42 	 5 	 292  	 198693 	  	 198693 	 	 198693 	 	 0 
42 	 6 	 293  	 1.18339e+06 	  	 1.18339e+06 	 	 1.18339e+06 	 	 0 
42 	 7 	 294  	 642354 	  	 642354 	 	 642354 	 	 0 
43 	 1 	 295  	 30313.7 	  	 30313.7 	 	 30313.7 	 	 0 
43 	 2 	 296  	 674695 	  	 674695 	 	 674695 	 	 0 
43 	 3 	 297  	 475764 	  	 475764 	 	 475764 	 	 0 
43 	 4 	 298  	 1.67761e+06 	  	 1.67761e+06 	 	 1.67761e+06 	 	 0 
43 	 5 	 299  	 198693 	  	 198693 	 	 198693 	 	 0 
43 	 6 	 300  	 1.18339e+06 	  	 1.18339e+06 	 	 1.18339e+06 	 	 0 
43 	 7 	 301  	 642354 	  	 642354 	 	 642354 	 	 0 
44 	 1 	 302  	 30313.7 	  	 30313.7 	 	 30313.7 	 	 0 
44 	 2 	 303  	 674695 	  	 674695 	 	 674695 	 	 0 
44 	 3 	 304  	 475764 	  	 475764 	 	 475764 	 	 0 
44 	 4 	 305  	 1.67761e+06 	  	 1.67761e+06 	 	 1.67761e+06 	 	 0 
44 	 5 	 306  	 198693 	  	 198693 	 	 198693 	 	 0 
44 	 6 	 307  	 1.18339e+06 	  	 1.18339e+06 	 	 1.18339e+06 	 	 0 
44 	 7 	 308  	 642354 	  	 642354 	 	 642354 	 	 0 
45 	 1 	 309  	 30313.7 	  	 30313.7 	 	 30313.7 	 	 0 
45 	 2 	 310  	 674695 	  	 674695 	 	 674695 	 	 0 
45 	 3 	 311  	 475764 	  	 475764 	 	 475764 	 	 0 
45 	 4 	 312  	 1.67761e+06 	  	 1.67761e+06 	 	 1.67761e+06 	 	 0 
45 	 5 	 313  	 198693 	  	 198693 	 	 198693 	 	 0 
45 	 6 	 314  	 1.18339e+06 	  	 1.18339e+06 	 	 1.18339e+06 	 	 0 
45 	 7 	 315  	 642354 	  	 642354 	 	 642354 	 	 0 
46 	 1 	 316  	 30313.7 	  	 30313.7 	 	 30313.7 	 	 0 
46 	 2 	 317  	 674695 	  	 674695 	 	 674695 	 	 0 
46 	 3 	 318  	 475764 	  	 475764 	 	 475764 	 	 0 
46 	 4 	 319  	 1.67761e+06 	  	 1.67761e+06 	 	 1.67761e+06 	 	 0 
46 	 5 	 320  	 198693 	  	 198693 	 	 198693 	 	 0 
46 	 6 	 321  	 1.18339e+06 	  	 1.18339e+06 	 	 1.18339e+06 	 	 0 
46 	 7 	 322  	 642354 	  	 642354 	 	 642354 	 	 0 
47 	 1 	 323  	 30313.7 	  	 30313.7 	 	 30313.7 	 	 0 
47 	 2 	 324  	 674695 	  	 674695 	 	 674695 	 	 0 
47 	 3 	 325  	 475764 	  	 475764 	 	 475764 	 	 0 
47 	 4 	 326  	 1.67761e+06 	  	 1.67761e+06 	 	 1.67761e+06 	 	 0 
47 	 5 	 327  	 198693 	  	 198693 	 	 198693 	 	 0 
47 	 6 	 328  	 1.18339e+06 	  	 1.18339e+06 	 	 1.18339e+06 	 	 0 
47 	 7 	 329  	 642354 	  	 642354 	 	 642354 	 	 0 
48 	 1 	 330  	 30313.7 	  	 30313.7 	 	 30313.7 	 	 0 
48 	 2 	 331  	 674695 	  	 674695 	 	 674695 	 	 0 
48 	 3 	 332  	 475764 	  	 475764 	 	 475764 	 	 0 
48 	 4 	 333  	 1.67761e+06 	  	 1.67761e+06 	 	 1.67761e+06 	 	 0 
48 	 5 	 334  	 198693 	  	 198693 	 	 198693 	 	 0 
48 	 6 	 335  	 1.18339e+06 	  	 1.18339e+06 	 	 1.18339e+06 	 	 0 
48 	 7 	 336  	 642354 	  	 642354 	 	 642354 	 	 0 
49 	 1 	 337  	 30313.7 	  	 30313.7 	 	 30313.7 	 	 0 
49 	 2 	 338  	 674695 	  	 674695 	 	 674695 	 	 0 
49 	 3 	 339  	 475764 	  	 475764 	 	 475764 	 	 0 
49 	 4 	 340  	 1.67761e+06 	  	 1.67761e+06 	 	 1.67761e+06 	 	 0 
49 	 5 	 341  	 198693 	  	 198693 	 	 198693 	 	 0 
49 	 6 	 342  	 1.18339e+06 	  	 1.18339e+06 	 	 1.18339e+06 	 	 0 
49 	 7 	 343  	 642354 	  	 642354 	 	 642354 	 	 0 
50 	 1 	 344  	 30313.7 	  	 30313.7 	 	 30313.7 	 	 0 
50 	 2 	 345  	 674695 	  	 674695 	 	 674695 	 	 0 
50 	 3 	 346  	 475764 	  	 475764 	 	 475764 	 	 0 
50 	 4 	 347  	 1.67761e+06 	  	 1.67761e+06 	 	 1.67761e+06 	 	 0 
50 	 5 	 348  	 198693 	  	 198693 	 	 198693 	 	 0 
50 	 6 	 349  	 1.18339e+06 	  	 1.18339e+06 	 	 1.18339e+06 	 	 0 
50 	 7 	 350  	 642354 	  	 642354 	 	 642354 	 	 0 
51 	 1 	 351  	 30313.7 	  	 30313.7 	 	 30313.7 	 	 0 
51 	 2 	 352  	 674695 	  	 674695 	 	 674695 	 	 0 
51 	 3 	 353  	 475764 	  	 475764 	 	 475764 	 	 0 
51 	 4 	 354  	 1.67761e+06 	  	 1.67761e+06 	 	 1.67761e+06 	 	 0 
51 	 5 	 355  	 198693 	  	 198693 	 	 198693 	 	 0 
51 	 6 	 356  	 1.18339e+06 	  	 1.18339e+06 	 	 1.18339e+06 	 	 0 
51 	 7 	 357  	 642354 	  	 642354 	 	 642354 	 	 0 
52 	 1 	 358  	 30313.7 	  	 30313.7 	 	 30313.7 	 	 0 
52 	 2 	 359  	 674695 	  	 674695 	 	 674695 	 	 0 
52 	 3 	 360  	 475764 	  	 475764 	 	 475764 	 	 0 
52 	 4 	 361  	 1.67761e+06 	  	 1.67761e+06 	 	 1.67761e+06 	 	 0 
52 	 5 	 362  	 198693 	  	 198693 	 	 198693 	 	 0 
52 	 6 	 363  	 1.18339e+06 	  	 1.18339e+06 	 	 1.18339e+06 	 	 0 
52 	 7 	 364  	 642354 	  	 642354 	 	 642354 	 	 0 
53 	 1 	 365  	 30313.7 	  	 30313.7 	 	 30313.7 	 	 0 
53 	 2 	 366  	 674695 	  	 674695 	 	 674695 	 	 0 
53 	 3 	 367  	 475764 	  	 475764 	 	 475764 	 	 0 
53 	 4 	 368  	 1.67761e+06 	  	 1.67761e+06 	 	 1.67761e+06 	 	 0 
53 	 5 	 369  	 198693 	  	 198693 	 	 198693 	 	 0 
53 	 6 	 370  	 1.18339e+06 	  	 1.18339e+06 	 	 1.18339e+06 	 	 0 
53 	 7 	 371  	 642354 	  	 642354 	 	 642354 	 	 0 
54 	 1 	 372  	 30313.7 	  	 30313.7 	 	 30313.7 	 	 0 
54 	 2 	 373  	 674695 	  	 674695 	 	 674695 	 	 0 
54 	 3 	 374  	 475764 	  	 475764 	 	 475764 	 	 0 
54 	 4 	 375  	 1.67761e+06 	  	 1.67761e+06 	 	 1.67761e+06 	 	 0 
54 	 5 	 376  	 198693 	  	 198693 	 	 198693 	 	 0 
54 	 6 	 377  	 1.18339e+06 	  	 1.18339e+06 	 	 1.18339e+06 	 	 0 
54 	 7 	 378  	 642354 	  	 642354 	 	 642354 	 	 0 
55 	 1 	 379  	 30313.7 	  	 30313.7 	 	 30313.7 	 	 0 
55 	 2 	 380  	 674695 	  	 674695 	 	 674695 	 	 0 
55 	 3 	 381  	 475764 	  	 475764 	 	 475764 	 	 0 
55 	 4 	 382  	 1.67761e+06 	  	 1.67761e+06 	 	 1.67761e+06 	 	 0 
55 	 5 	 383  	 198693 	  	 198693 	 	 198693 	 	 0 
55 	 6 	 384  	 1.18339e+06 	  	 1.18339e+06 	 	 1.18339e+06 	 	 0 
55 	 7 	 385  	 642354 	  	 642354 	 	 642354 	 	 0 
56 	 1 	 386  	 30313.7 	  	 30313.7 	 	 30313.7 	 	 0 
56 	 2 	 387  	 674695 	  	 674695 	 	 674695 	 	 0 
56 	 3 	 388  	 475764 	  	 475764 	 	 475764 	 	 0 
56 	 4 	 389  	 1.67761e+06 	  	 1.67761e+06 	 	 1.67761e+06 	 	 0 
56 	 5 	 390  	 198693 	  	 198693 	 	 198693 	 	 0 
56 	 6 	 391  	 1.18339e+06 	  	 1.18339e+06 	 	 1.18339e+06 	 	 0 
56 	 7 	 392  	 642354 	  	 642354 	 	 642354 	 	 0 
57 	 1 	 393  	 30313.7 	  	 30313.7 	 	 30313.7 	 	 0 
57 	 2 	 394  	 674695 	  	 674695 	 	 674695 	 	 0 
57 	 3 	 395  	 475764 	  	 475764 	 	 475764 	 	 0 
57 	 4 	 396  	 1.67761e+06 	  	 1.67761e+06 	 	 1.67761e+06 	 	 0 
57 	 5 	 397  	 198693 	  	 198693 	 	 198693 	 	 0 
57 	 6 	 398  	 1.18339e+06 	  	 1.18339e+06 	 	 1.18339e+06 	 	 0 
57 	 7 	 399  	 642354 	  	 642354 	 	 642354 	 	 0 
58 	 1 	 400  	 30313.7 	  	 30313.7 	 	 30313.7 	 	 0 
58 	 2 	 401  	 674695 	  	 674695 	 	 674695 	 	 0 
58 	 3 	 402  	 475764 	  	 475764 	 	 475764 	 	 0 
58 	 4 	 403  	 1.67761e+06 	  	 1.67761e+06 	 	 1.67761e+06 	 	 0 
58 	 5 	 404  	 198693 	  	 198693 	 	 198693 	 	 0 
58 	 6 	 405  	 1.18339e+06 	  	 1.18339e+06 	 	 1.18339e+06 	 	 0 
58 	 7 	 406  	 642354 	  	 642354 	 	 642354 	 	 0 
59 	 1 	 407  	 30313.7 	  	 30313.7 	 	 30313.7 	 	 0 
59 	 2 	 408  	 674695 	  	 674695 	 	 674695 	 	 0 
59 	 3 	 409  	 475764 	  	 475764 	 	 475764 	 	 0 
59 	 4 	 410  	 1.67761e+06 	  	 1.67761e+06 	 	 1.67761e+06 	 	 0 
59 	 5 	 411  	 198693 	  	 198693 	 	 198693 	 	 0 
59 	 6 	 412  	 1.18339e+06 	  	 1.18339e+06 	 	 1.18339e+06 	 	 0 
59 	 7 	 413  	 642354 	  	 642354 	 	 642354 	 	 0 
60 	 1 	 414  	 30313.7 	  	 30313.7 	 	 30313.7 	 	 0 
60 	 2 	 415  	 674695 	  	 674695 	 	 674695 	 	 0 
60 	 3 	 416  	 475764 	  	 475764 	 	 475764 	 	 0 
60 	 4 	 417  	 1.67761e+06 	  	 1.67761e+06 	 	 1.67761e+06 	 	 0 
60 	 5 	 418  	 198693 	  	 198693 	 	 198693 	 	 0 
60 	 6 	 419  	 1.18339e+06 	  	 1.18339e+06 	 	 1.18339e+06 	 	 0 
60 	 7 	 420  	 642354 	  	 642354 	 	 642354 	 	 0 
61 	 1 	 421  	 30313.7 	  	 30313.7 	 	 30313.7 	 	 0 
61 	 2 	 422  	 674695 	  	 674695 	 	 674695 	 	 0 
61 	 3 	 423  	 475764 	  	 475764 	 	 475764 	 	 0 
61 	 4 	 424  	 1.67761e+06 	  	 1.67761e+06 	 	 1.67761e+06 	 	 0 
61 	 5 	 425  	 198693 	  	 198693 	 	 198693 	 	 0 
61 	 6 	 426  	 1.18339e+06 	  	 1.18339e+06 	 	 1.18339e+06 	 	 0 
61 	 7 	 427  	 642354 	  	 642354 	 	 642354 	 	 0 
62 	 1 	 428  	 30313.7 	  	 30313.7 	 	 30313.7 	 	 0 
62 	 2 	 429  	 674695 	  	 674695 	 	 674695 	 	 0 
62 	 3 	 430  	 475764 	  	 475764 	 	 475764 	 	 0 
62 	 4 	 431  	 1.67761e+06 	  	 1.67761e+06 	 	 1.67761e+06 	 	 0 
62 	 5 	 432  	 198693 	  	 198693 	 	 198693 	 	 0 
62 	 6 	 433  	 1.18339e+06 	  	 1.18339e+06 	 	 1.18339e+06 	 	 0 
62 	 7 	 434  	 642354 	  	 642354 	 	 642354 	 	 0 
63 	 1 	 435  	 30313.7 	  	 30313.7 	 	 30313.7 	 	 0 
63 	 2 	 436  	 674695 	  	 674695 	 	 674695 	 	 0 
63 	 3 	 437  	 475764 	  	 475764 	 	 475764 	 	 0 
63 	 4 	 438  	 1.67761e+06 	  	 1.67761e+06 	 	 1.67761e+06 	 	 0 
63 	 5 	 439  	 198693 	  	 198693 	 	 198693 	 	 0 
63 	 6 	 440  	 1.18339e+06 	  	 1.18339e+06 	 	 1.18339e+06 	 	 0 
63 	 7 	 441  	 642354 	  	 642354 	 	 642354 	 	 0 
64 	 1 	 442  	 30313.7 	  	 30313.7 	 	 30313.7 	 	 0 
64 	 2 	 443  	 674695 	  	 674695 	 	 674695 	 	 0 
64 	 3 	 444  	 475764 	  	 475764 	 	 475764 	 	 0 
64 	 4 	 445  	 1.67761e+06 	  	 1.67761e+06 	 	 1.67761e+06 	 	 0 
64 	 5 	 446  	 198693 	  	 198693 	 	 198693 	 	 0 
64 	 6 	 447  	 1.18339e+06 	  	 1.18339e+06 	 	 1.18339e+06 	 	 0 
64 	 7 	 448  	 642354 	  	 642354 	 	 642354 	 	 0 
65 	 1 	 449  	 30313.7 	  	 30313.7 	 	 30313.7 	 	 0 
65 	 2 	 450  	 674695 	  	 674695 	 	 674695 	 	 0 
65 	 3 	 451  	 475764 	  	 475764 	 	 475764 	 	 0 
65 	 4 	 452  	 1.67761e+06 	  	 1.67761e+06 	 	 1.67761e+06 	 	 0 
65 	 5 	 453  	 198693 	  	 198693 	 	 198693 	 	 0 
65 	 6 	 454  	 1.18339e+06 	  	 1.18339e+06 	 	 1.18339e+06 	 	 0 
65 	 7 	 455  	 642354 	  	 642354 	 	 642354 	 	 0 
66 	 1 	 456  	 30313.7 	  	 30313.7 	 	 30313.7 	 	 0 
66 	 2 	 457  	 674695 	  	 674695 	 	 674695 	 	 0 
66 	 3 	 458  	 475764 	  	 475764 	 	 475764 	 	 0 
66 	 4 	 459  	 1.67761e+06 	  	 1.67761e+06 	 	 1.67761e+06 	 	 0 
66 	 5 	 460  	 198693 	  	 198693 	 	 198693 	 	 0 
66 	 6 	 461  	 1.18339e+06 	  	 1.18339e+06 	 	 1.18339e+06 	 	 0 
66 	 7 	 462  	 642354 	  	 642354 	 	 642354 	 	 0 
67 	 1 	 463  	 30313.7 	  	 30313.7 	 	 30313.7 	 	 0 
67 	 2 	 464  	 674695 	  	 674695 	 	 674695 	 	 0 
67 	 3 	 465  	 475764 	  	 475764 	 	 475764 	 	 0 
67 	 4 	 466  	 1.67761e+06 	  	 1.67761e+06 	 	 1.67761e+06 	 	 0 
67 	 5 	 467  	 198693 	  	 198693 	 	 198693 	 	 0 
67 	 6 	 468  	 1.18339e+06 	  	 1.18339e+06 	 	 1.18339e+06 	 	 0 
67 	 7 	 469  	 642354 	  	 642354 	 	 642354 	 	 0 
68 	 1 	 470  	 30313.7 	  	 30313.7 	 	 30313.7 	 	 0 
68 	 2 	 471  	 674695 	  	 674695 	 	 674695 	 	 0 
68 	 3 	 472  	 475764 	  	 475764 	 	 475764 	 	 0 
68 	 4 	 473  	 1.67761e+06 	  	 1.67761e+06 	 	 1.67761e+06 	 	 0 
68 	 5 	 474  	 198693 	  	 198693 	 	 198693 	 	 0 
68 	 6 	 475  	 1.18339e+06 	  	 1.18339e+06 	 	 1.18339e+06 	 	 0 
68 	 7 	 476  	 642354 	  	 642354 	 	 642354 	 	 0 
69 	 1 	 477  	 30313.7 	  	 30313.7 	 	 30313.7 	 	 0 
69 	 2 	 478  	 674695 	  	 674695 	 	 674695 	 	 0 
69 	 3 	 479  	 475764 	  	 475764 	 	 475764 	 	 0 
69 	 4 	 480  	 1.67761e+06 	  	 1.67761e+06 	 	 1.67761e+06 	 	 0 
69 	 5 	 481  	 198693 	  	 198693 	 	 198693 	 	 0 
69 	 6 	 482  	 1.18339e+06 	  	 1.18339e+06 	 	 1.18339e+06 	 	 0 
69 	 7 	 483  	 642354 	  	 642354 	 	 642354 	 	 0 
70 	 1 	 484  	 30313.7 	  	 30313.7 	 	 30313.7 	 	 0 
70 	 2 	 485  	 674695 	  	 674695 	 	 674695 	 	 0 
70 	 3 	 486  	 475764 	  	 475764 	 	 475764 	 	 0 
70 	 4 	 487  	 1.67761e+06 	  	 1.67761e+06 	 	 1.67761e+06 	 	 0 
70 	 5 	 488  	 198693 	  	 198693 	 	 198693 	 	 0 
70 	 6 	 489  	 1.18339e+06 	  	 1.18339e+06 	 	 1.18339e+06 	 	 0 
70 	 7 	 490  	 642354 	  	 642354 	 	 642354 	 	 0 
71 	 1 	 491  	 30313.7 	  	 30313.7 	 	 30313.7 	 	 0 
71 	 2 	 492  	 674695 	  	 674695 	 	 674695 	 	 0 
71 	 3 	 493  	 475764 	  	 475764 	 	 475764 	 	 0 
71 	 4 	 494  	 1.67761e+06 	  	 1.67761e+06 	 	 1.67761e+06 	 	 0 
71 	 5 	 495  	 198693 	  	 198693 	 	 198693 	 	 0 
71 	 6 	 496  	 1.18339e+06 	  	 1.18339e+06 	 	 1.18339e+06 	 	 0 
71 	 7 	 497  	 642354 	  	 642354 	 	 642354 	 	 0 
72 	 1 	 498  	 30313.7 	  	 30313.7 	 	 30313.7 	 	 0 
72 	 2 	 499  	 674695 	  	 674695 	 	 674695 	 	 0 
72 	 3 	 500  	 475764 	  	 475764 	 	 475764 	 	 0 
72 	 4 	 501  	 1.67761e+06 	  	 1.67761e+06 	 	 1.67761e+06 	 	 0 
72 	 5 	 502  	 198693 	  	 198693 	 	 198693 	 	 0 
72 	 6 	 503  	 1.18339e+06 	  	 1.18339e+06 	 	 1.18339e+06 	 	 0 
72 	 7 	 504  	 642354 	  	 642354 	 	 642354 	 	 0 
73 	 1 	 505  	 30313.7 	  	 30313.7 	 	 30313.7 	 	 0 
73 	 2 	 506  	 674695 	  	 674695 	 	 674695 	 	 0 
73 	 3 	 507  	 475764 	  	 475764 	 	 475764 	 	 0 
73 	 4 	 508  	 1.67761e+06 	  	 1.67761e+06 	 	 1.67761e+06 	 	 0 
73 	 5 	 509  	 198693 	  	 198693 	 	 198693 	 	 0 
73 	 6 	 510  	 1.18339e+06 	  	 1.18339e+06 	 	 1.18339e+06 	 	 0 
73 	 7 	 511  	 642354 	  	 642354 	 	 642354 	 	 0 
74 	 1 	 512  	 30313.7 	  	 30313.7 	 	 30313.7 	 	 0 
74 	 2 	 513  	 674695 	  	 674695 	 	 674695 	 	 0 
74 	 3 	 514  	 475764 	  	 475764 	 	 475764 	 	 0 
74 	 4 	 515  	 1.67761e+06 	  	 1.67761e+06 	 	 1.67761e+06 	 	 0 
74 	 5 	 516  	 198693 	  	 198693 	 	 198693 	 	 0 
74 	 6 	 517  	 1.18339e+06 	  	 1.18339e+06 	 	 1.18339e+06 	 	 0 
74 	 7 	 518  	 642354 	  	 642354 	 	 642354 	 	 0 
75 	 1 	 519  	 30313.7 	  	 30313.7 	 	 30313.7 	 	 0 
75 	 2 	 520  	 674695 	  	 674695 	 	 674695 	 	 0 
75 	 3 	 521  	 475764 	  	 475764 	 	 475764 	 	 0 
75 	 4 	 522  	 1.67761e+06 	  	 1.67761e+06 	 	 1.67761e+06 	 	 0 
75 	 5 	 523  	 198693 	  	 198693 	 	 198693 	 	 0 
75 	 6 	 524  	 1.18339e+06 	  	 1.18339e+06 	 	 1.18339e+06 	 	 0 
75 	 7 	 525  	 642354 	  	 642354 	 	 642354 	 	 0 
76 	 1 	 526  	 30313.7 	  	 30313.7 	 	 30313.7 	 	 0 
76 	 2 	 527  	 674695 	  	 674695 	 	 674695 	 	 0 
76 	 3 	 528  	 475764 	  	 475764 	 	 475764 	 	 0 
76 	 4 	 529  	 1.67761e+06 	  	 1.67761e+06 	 	 1.67761e+06 	 	 0 
76 	 5 	 530  	 198693 	  	 198693 	 	 198693 	 	 0 
76 	 6 	 531  	 1.18339e+06 	  	 1.18339e+06 	 	 1.18339e+06 	 	 0 
76 	 7 	 532  	 642354 	  	 642354 	 	 642354 	 	 0 
77 	 1 	 533  	 30313.7 	  	 30313.7 	 	 30313.7 	 	 0 
77 	 2 	 534  	 674695 	  	 674695 	 	 674695 	 	 0 
77 	 3 	 535  	 475764 	  	 475764 	 	 475764 	 	 0 
77 	 4 	 536  	 1.67761e+06 	  	 1.67761e+06 	 	 1.67761e+06 	 	 0 
77 	 5 	 537  	 198693 	  	 198693 	 	 198693 	 	 0 
77 	 6 	 538  	 1.18339e+06 	  	 1.18339e+06 	 	 1.18339e+06 	 	 0 
77 	 7 	 539  	 642354 	  	 642354 	 	 642354 	 	 0 
78 	 1 	 540  	 30313.7 	  	 30313.7 	 	 30313.7 	 	 0 
78 	 2 	 541  	 674695 	  	 674695 	 	 674695 	 	 0 
78 	 3 	 542  	 475764 	  	 475764 	 	 475764 	 	 0 
78 	 4 	 543  	 1.67761e+06 	  	 1.67761e+06 	 	 1.67761e+06 	 	 0 
78 	 5 	 544  	 198693 	  	 198693 	 	 198693 	 	 0 
78 	 6 	 545  	 1.18339e+06 	  	 1.18339e+06 	 	 1.18339e+06 	 	 0 
78 	 7 	 546  	 642354 	  	 642354 	 	 642354 	 	 0 
79 	 1 	 547  	 30313.7 	  	 30313.7 	 	 30313.7 	 	 0 
79 	 2 	 548  	 674695 	  	 674695 	 	 674695 	 	 0 
79 	 3 	 549  	 475764 	  	 475764 	 	 475764 	 	 0 
79 	 4 	 550  	 1.67761e+06 	  	 1.67761e+06 	 	 1.67761e+06 	 	 0 
79 	 5 	 551  	 198693 	  	 198693 	 	 198693 	 	 0 
79 	 6 	 552  	 1.18339e+06 	  	 1.18339e+06 	 	 1.18339e+06 	 	 0 
79 	 7 	 553  	 642354 	  	 642354 	 	 642354 	 	 0 
80 	 1 	 554  	 30313.7 	  	 30313.7 	 	 30313.7 	 	 0 
80 	 2 	 555  	 674695 	  	 674695 	 	 674695 	 	 0 
80 	 3 	 556  	 475764 	  	 475764 	 	 475764 	 	 0 
80 	 4 	 557  	 1.67761e+06 	  	 1.67761e+06 	 	 1.67761e+06 	 	 0 
80 	 5 	 558  	 198693 	  	 198693 	 	 198693 	 	 0 
80 	 6 	 559  	 1.18339e+06 	  	 1.18339e+06 	 	 1.18339e+06 	 	 0 
80 	 7 	 560  	 642354 	  	 642354 	 	 642354 	 	 0 
81 	 1 	 561  	 30313.7 	  	 30313.7 	 	 30313.7 	 	 0 
81 	 2 	 562  	 674695 	  	 674695 	 	 674695 	 	 0 
81 	 3 	 563  	 475764 	  	 475764 	 	 475764 	 	 0 
81 	 4 	 564  	 1.67761e+06 	  	 1.67761e+06 	 	 1.67761e+06 	 	 0 
81 	 5 	 565  	 198693 	  	 198693 	 	 198693 	 	 0 
81 	 6 	 566  	 1.18339e+06 	  	 1.18339e+06 	 	 1.18339e+06 	 	 0 
81 	 7 	 567  	 642354 	  	 642354 	 	 642354 	 	 0 
82 	 1 	 568  	 30313.7 	  	 30313.7 	 	 30313.7 	 	 0 
82 	 2 	 569  	 674695 	  	 674695 	 	 674695 	 	 0 
82 	 3 	 570  	 475764 	  	 475764 	 	 475764 	 	 0 
82 	 4 	 571  	 1.67761e+06 	  	 1.67761e+06 	 	 1.67761e+06 	 	 0 
82 	 5 	 572  	 198693 	  	 198693 	 	 198693 	 	 0 
82 	 6 	 573  	 1.18339e+06 	  	 1.18339e+06 	 	 1.18339e+06 	 	 0 
82 	 7 	 574  	 642354 	  	 642354 	 	 642354 	 	 0 
83 	 1 	 575  	 30313.7 	  	 30313.7 	 	 30313.7 	 	 0 
83 	 2 	 576  	 674695 	  	 674695 	 	 674695 	 	 0 
83 	 3 	 577  	 475764 	  	 475764 	 	 475764 	 	 0 
83 	 4 	 578  	 1.67761e+06 	  	 1.67761e+06 	 	 1.67761e+06 	 	 0 
83 	 5 	 579  	 198693 	  	 198693 	 	 198693 	 	 0 
83 	 6 	 580  	 1.18339e+06 	  	 1.18339e+06 	 	 1.18339e+06 	 	 0 
83 	 7 	 581  	 642354 	  	 642354 	 	 642354 	 	 0 
84 	 1 	 582  	 30313.7 	  	 30313.7 	 	 30313.7 	 	 0 
84 	 2 	 583  	 674695 	  	 674695 	 	 674695 	 	 0 
84 	 3 	 584  	 475764 	  	 475764 	 	 475764 	 	 0 
84 	 4 	 585  	 1.67761e+06 	  	 1.67761e+06 	 	 1.67761e+06 	 	 0 
84 	 5 	 586  	 198693 	  	 198693 	 	 198693 	 	 0 
84 	 6 	 587  	 1.18339e+06 	  	 1.18339e+06 	 	 1.18339e+06 	 	 0 
84 	 7 	 588  	 642354 	  	 642354 	 	 642354 	 	 0 
85 	 1 	 589  	 30313.7 	  	 30313.7 	 	 30313.7 	 	 0 
85 	 2 	 590  	 674695 	  	 674695 	 	 674695 	 	 0 
85 	 3 	 591  	 475764 	  	 475764 	 	 475764 	 	 0 
85 	 4 	 592  	 1.67761e+06 	  	 1.67761e+06 	 	 1.67761e+06 	 	 0 
85 	 5 	 593  	 198693 	  	 198693 	 	 198693 	 	 0 
85 	 6 	 594  	 1.18339e+06 	  	 1.18339e+06 	 	 1.18339e+06 	 	 0 
85 	 7 	 595  	 642354 	  	 642354 	 	 642354 	 	 0 
86 	 1 	 596  	 30313.7 	  	 30313.7 	 	 30313.7 	 	 0 
86 	 2 	 597  	 674695 	  	 674695 	 	 674695 	 	 0 
86 	 3 	 598  	 475764 	  	 475764 	 	 475764 	 	 0 
86 	 4 	 599  	 1.67761e+06 	  	 1.67761e+06 	 	 1.67761e+06 	 	 0 
86 	 5 	 600  	 198693 	  	 198693 	 	 198693 	 	 0 
86 	 6 	 601  	 1.18339e+06 	  	 1.18339e+06 	 	 1.18339e+06 	 	 0 
86 	 7 	 602  	 642354 	  	 642354 	 	 642354 	 	 0 
87 	 1 	 603  	 30313.7 	  	 30313.7 	 	 30313.7 	 	 0 
87 	 2 	 604  	 674695 	  	 674695 	 	 674695 	 	 0 
87 	 3 	 605  	 475764 	  	 475764 	 	 475764 	 	 0 
87 	 4 	 606  	 1.67761e+06 	  	 1.67761e+06 	 	 1.67761e+06 	 	 0 
87 	 5 	 607  	 198693 	  	 198693 	 	 198693 	 	 0 
87 	 6 	 608  	 1.18339e+06 	  	 1.18339e+06 	 	 1.18339e+06 	 	 0 
87 	 7 	 609  	 642354 	  	 642354 	 	 642354 	 	 0 
88 	 1 	 610  	 30313.7 	  	 30313.7 	 	 30313.7 	 	 0 
88 	 2 	 611  	 674695 	  	 674695 	 	 674695 	 	 0 
88 	 3 	 612  	 475764 	  	 475764 	 	 475764 	 	 0 
88 	 4 	 613  	 1.67761e+06 	  	 1.67761e+06 	 	 1.67761e+06 	 	 0 
88 	 5 	 614  	 198693 	  	 198693 	 	 198693 	 	 0 
88 	 6 	 615  	 1.18339e+06 	  	 1.18339e+06 	 	 1.18339e+06 	 	 0 
88 	 7 	 616  	 642354 	  	 642354 	 	 642354 	 	 0 
89 	 1 	 617  	 30313.7 	  	 30313.7 	 	 30313.7 	 	 0 
89 	 2 	 618  	 674695 	  	 674695 	 	 674695 	 	 0 
89 	 3 	 619  	 475764 	  	 475764 	 	 475764 	 	 0 
89 	 4 	 620  	 1.67761e+06 	  	 1.67761e+06 	 	 1.67761e+06 	 	 0 
89 	 5 	 621  	 198693 	  	 198693 	 	 198693 	 	 0 
89 	 6 	 622  	 1.18339e+06 	  	 1.18339e+06 	 	 1.18339e+06 	 	 0 
89 	 7 	 623  	 642354 	  	 642354 	 	 642354 	 	 0 
90 	 1 	 624  	 30313.7 	  	 30313.7 	 	 30313.7 	 	 0 
90 	 2 	 625  	 674695 	  	 674695 	 	 674695 	 	 0 
90 	 3 	 626  	 475764 	  	 475764 	 	 475764 	 	 0 
90 	 4 	 627  	 1.67761e+06 	  	 1.67761e+06 	 	 1.67761e+06 	 	 0 
90 	 5 	 628  	 198693 	  	 198693 	 	 198693 	 	 0 
90 	 6 	 629  	 1.18339e+06 	  	 1.18339e+06 	 	 1.18339e+06 	 	 0 
90 	 7 	 630  	 642354 	  	 642354 	 	 642354 	 	 0 
91 	 1 	 631  	 30313.7 	  	 30313.7 	 	 30313.7 	 	 0 
91 	 2 	 632  	 674695 	  	 674695 	 	 674695 	 	 0 
91 	 3 	 633  	 475764 	  	 475764 	 	 475764 	 	 0 
91 	 4 	 634  	 1.67761e+06 	  	 1.67761e+06 	 	 1.67761e+06 	 	 0 
91 	 5 	 635  	 198693 	  	 198693 	 	 198693 	 	 0 
91 	 6 	 636  	 1.18339e+06 	  	 1.18339e+06 	 	 1.18339e+06 	 	 0 
91 	 7 	 637  	 642354 	  	 642354 	 	 642354 	 	 0 
92 	 1 	 638  	 30313.7 	  	 30313.7 	 	 30313.7 	 	 0 
92 	 2 	 639  	 674695 	  	 674695 	 	 674695 	 	 0 
92 	 3 	 640  	 475764 	  	 475764 	 	 475764 	 	 0 
92 	 4 	 641  	 1.67761e+06 	  	 1.67761e+06 	 	 1.67761e+06 	 	 0 
92 	 5 	 642  	 198693 	  	 198693 	 	 198693 	 	 0 
92 	 6 	 643  	 1.18339e+06 	  	 1.18339e+06 	 	 1.18339e+06 	 	 0 
92 	 7 	 644  	 642354 	  	 642354 	 	 642354 	 	 0 
93 	 1 	 645  	 30313.7 	  	 30313.7 	 	 30313.7 	 	 0 
93 	 2 	 646  	 674695 	  	 674695 	 	 674695 	 	 0 
93 	 3 	 647  	 475764 	  	 475764 	 	 475764 	 	 0 
93 	 4 	 648  	 1.67761e+06 	  	 1.67761e+06 	 	 1.67761e+06 	 	 0 
93 	 5 	 649  	 198693 	  	 198693 	 	 198693 	 	 0 
93 	 6 	 650  	 1.18339e+06 	  	 1.18339e+06 	 	 1.18339e+06 	 	 0 
93 	 7 	 651  	 642354 	  	 642354 	 	 642354 	 	 0 
94 	 1 	 652  	 30313.7 	  	 30313.7 	 	 30313.7 	 	 0 
94 	 2 	 653  	 674695 	  	 674695 	 	 674695 	 	 0 
94 	 3 	 654  	 475764 	  	 475764 	 	 475764 	 	 0 
94 	 4 	 655  	 1.67761e+06 	  	 1.67761e+06 	 	 1.67761e+06 	 	 0 
94 	 5 	 656  	 198693 	  	 198693 	 	 198693 	 	 0 
94 	 6 	 657  	 1.18339e+06 	  	 1.18339e+06 	 	 1.18339e+06 	 	 0 
94 	 7 	 658  	 642354 	  	 642354 	 	 642354 	 	 0 
95 	 1 	 659  	 30313.7 	  	 30313.7 	 	 30313.7 	 	 0 
95 	 2 	 660  	 674695 	  	 674695 	 	 674695 	 	 0 
95 	 3 	 661  	 475764 	  	 475764 	 	 475764 	 	 0 
95 	 4 	 662  	 1.67761e+06 	  	 1.67761e+06 	 	 1.67761e+06 	 	 0 
95 	 5 	 663  	 198693 	  	 198693 	 	 198693 	 	 0 
95 	 6 	 664  	 1.18339e+06 	  	 1.18339e+06 	 	 1.18339e+06 	 	 0 
95 	 7 	 665  	 642354 	  	 642354 	 	 642354 	 	 0 
96 	 1 	 666  	 30313.7 	  	 30313.7 	 	 30313.7 	 	 0 
96 	 2 	 667  	 674695 	  	 674695 	 	 674695 	 	 0 
96 	 3 	 668  	 475764 	  	 475764 	 	 475764 	 	 0 
96 	 4 	 669  	 1.67761e+06 	  	 1.67761e+06 	 	 1.67761e+06 	 	 0 
96 	 5 	 670  	 198693 	  	 198693 	 	 198693 	 	 0 
96 	 6 	 671  	 1.18339e+06 	  	 1.18339e+06 	 	 1.18339e+06 	 	 0 
96 	 7 	 672  	 642354 	  	 642354 	 	 642354 	 	 0 
97 	 1 	 673  	 30313.7 	  	 30313.7 	 	 30313.7 	 	 0 
97 	 2 	 674  	 674695 	  	 674695 	 	 674695 	 	 0 
97 	 3 	 675  	 475764 	  	 475764 	 	 475764 	 	 0 
97 	 4 	 676  	 1.67761e+06 	  	 1.67761e+06 	 	 1.67761e+06 	 	 0 
97 	 5 	 677  	 198693 	  	 198693 	 	 198693 	 	 0 
97 	 6 	 678  	 1.18339e+06 	  	 1.18339e+06 	 	 1.18339e+06 	 	 0 
97 	 7 	 679  	 642354 	  	 642354 	 	 642354 	 	 0 
98 	 1 	 680  	 30313.7 	  	 30313.7 	 	 30313.7 	 	 0 
98 	 2 	 681  	 674695 	  	 674695 	 	 674695 	 	 0 
98 	 3 	 682  	 475764 	  	 475764 	 	 475764 	 	 0 
98 	 4 	 683  	 1.67761e+06 	  	 1.67761e+06 	 	 1.67761e+06 	 	 0 
98 	 5 	 684  	 198693 	  	 198693 	 	 198693 	 	 0 
98 	 6 	 685  	 1.18339e+06 	  	 1.18339e+06 	 	 1.18339e+06 	 	 0 
98 	 7 	 686  	 642354 	  	 642354 	 	 642354 	 	 0 
99 	 1 	 687  	 30313.7 	  	 30313.7 	 	 30313.7 	 	 0 
99 	 2 	 688  	 674695 	  	 674695 	 	 674695 	 	 0 
99 	 3 	 689  	 475764 	  	 475764 	 	 475764 	 	 0 
99 	 4 	 690  	 1.67761e+06 	  	 1.67761e+06 	 	 1.67761e+06 	 	 0 
99 	 5 	 691  	 198693 	  	 198693 	 	 198693 	 	 0 
99 	 6 	 692  	 1.18339e+06 	  	 1.18339e+06 	 	 1.18339e+06 	 	 0 
99 	 7 	 693  	 642354 	  	 642354 	 	 642354 	 	 0 
100 	 1 	 694  	 30313.7 	  	 30313.7 	 	 30313.7 	 	 0 
100 	 2 	 695  	 674695 	  	 674695 	 	 674695 	 	 0 
100 	 3 	 696  	 475764 	  	 475764 	 	 475764 	 	 0 
100 	 4 	 697  	 1.67761e+06 	  	 1.67761e+06 	 	 1.67761e+06 	 	 0 
100 	 5 	 698  	 198693 	  	 198693 	 	 198693 	 	 0 
100 	 6 	 699  	 1.18339e+06 	  	 1.18339e+06 	 	 1.18339e+06 	 	 0 
100 	 7 	 700  	 642354 	  	 642354 	 	 642354 	 	 0 
101 	 1 	 701  	 30313.7 	  	 30313.7 	 	 30313.7 	 	 0 
101 	 2 	 702  	 674695 	  	 674695 	 	 674695 	 	 0 
101 	 3 	 703  	 475764 	  	 475764 	 	 475764 	 	 0 
101 	 4 	 704  	 1.67761e+06 	  	 1.67761e+06 	 	 1.67761e+06 	 	 0 
101 	 5 	 705  	 198693 	  	 198693 	 	 198693 	 	 0 
101 	 6 	 706  	 1.18339e+06 	  	 1.18339e+06 	 	 1.18339e+06 	 	 0 
101 	 7 	 707  	 642354 	  	 642354 	 	 642354 	 	 0 
102 	 1 	 708  	 30313.7 	  	 30313.7 	 	 30313.7 	 	 0 
102 	 2 	 709  	 674695 	  	 674695 	 	 674695 	 	 0 
102 	 3 	 710  	 475764 	  	 475764 	 	 475764 	 	 0 
102 	 4 	 711  	 1.67761e+06 	  	 1.67761e+06 	 	 1.67761e+06 	 	 0 
102 	 5 	 712  	 198693 	  	 198693 	 	 198693 	 	 0 
102 	 6 	 713  	 1.18339e+06 	  	 1.18339e+06 	 	 1.18339e+06 	 	 0 
102 	 7 	 714  	 642354 	  	 642354 	 	 642354 	 	 0 
103 	 1 	 715  	 30313.7 	  	 30313.7 	 	 30313.7 	 	 0 
103 	 2 	 716  	 674695 	  	 674695 	 	 674695 	 	 0 
103 	 3 	 717  	 475764 	  	 475764 	 	 475764 	 	 0 
103 	 4 	 718  	 1.67761e+06 	  	 1.67761e+06 	 	 1.67761e+06 	 	 0 
103 	 5 	 719  	 198693 	  	 198693 	 	 198693 	 	 0 
103 	 6 	 720  	 1.18339e+06 	  	 1.18339e+06 	 	 1.18339e+06 	 	 0 
103 	 7 	 721  	 642354 	  	 642354 	 	 642354 	 	 0 
104 	 1 	 722  	 30313.7 	  	 30313.7 	 	 30313.7 	 	 0 
104 	 2 	 723  	 674695 	  	 674695 	 	 674695 	 	 0 
104 	 3 	 724  	 475764 	  	 475764 	 	 475764 	 	 0 
104 	 4 	 725  	 1.67761e+06 	  	 1.67761e+06 	 	 1.67761e+06 	 	 0 
104 	 5 	 726  	 198693 	  	 198693 	 	 198693 	 	 0 
104 	 6 	 727  	 1.18339e+06 	  	 1.18339e+06 	 	 1.18339e+06 	 	 0 
104 	 7 	 728  	 642354 	  	 642354 	 	 642354 	 	 0 
