104 	 2 	 1  	 674695 	  	 0 	 	 0 	 	 0 
104 	 2 	 2  	 674695 	  	 648371 	 	 0 	 	 0 
104 	 2 	 3  	 674695 	  	 648371 	 	 648371 	 	 0 
104 	 2 	 4  	 674695 	  	 648371 	 	 648371 	 	 0 
104 	 2 	 5  	 674695 	  	 648371 	 	 648371 	 	 0 
104 	 2 	 6  	 674695 	  	 648371 	 	 648371 	 	 0 
104 	 2 	 7  	 674695 	  	 648371 	 	 648371 	 	 0 
104 	 2 	 8  	 674695 	  	 648371 	 	 648371 	 	 0 
104 	 2 	 9  	 674695 	  	 660913 	 	 648371 	 	 0 
104 	 2 	 10  	 674695 	  	 660913 	 	 660913 	 	 0 
104 	 2 	 11  	 674695 	  	 660913 	 	 660913 	 	 0 
104 	 2 	 12  	 674695 	  	 660913 	 	 660913 	 	 0 
104 	 2 	 13  	 674695 	  	 660913 	 	 660913 	 	 0 
104 	 2 	 14  	 674695 	  	 660913 	 	 660913 	 	 0 
104 	 2 	 15  	 674695 	  	 660913 	 	 660913 	 	 0 
104 	 2 	 16  	 674695 	  	 674603 	 	 660913 	 	 0 
104 	 2 	 17  	 674695 	  	 674603 	 	 674603 	 	 0 
104 	 2 	 18  	 674695 	  	 674603 	 	 674603 	 	 0 
104 	 2 	 19  	 674695 	  	 674603 	 	 674603 	 	 0 
104 	 2 	 20  	 674695 	  	 674603 	 	 674603 	 	 0 
104 	 2 	 21  	 674695 	  	 674603 	 	 674603 	 	 0 
104 	 2 	 22  	 674695 	  	 674603 	 	 674603 	 	 0 
104 	 2 	 23  	 674695 	  	 674695 	 	 674603 	 	 0 
104 	 2 	 24  	 674695 	  	 674695 	 	 674695 	 	 0 
104 	 2 	 25  	 674695 	  	 674695 	 	 674695 	 	 0 
104 	 2 	 26  	 674695 	  	 674695 	 	 674695 	 	 0 
104 	 2 	 27  	 674695 	  	 674695 	 	 674695 	 	 0 
104 	 2 	 28  	 674695 	  	 674695 	 	 674695 	 	 0 
104 	 2 	 29  	 674695 	  	 674695 	 	 674695 	 	 0 
104 	 2 	 30  	 674695 	  	 674695 	 	 674695 	 	 0 
104 	 2 	 31  	 674695 	  	 674695 	 	 674695 	 	 0 
104 	 2 	 32  	 674695 	  	 674695 	 	 674695 	 	 0 
104 	 2 	 33  	 674695 	  	 674695 	 	 674695 	 	 0 
104 	 2 	 34  	 674695 	  	 674695 	 	 674695 	 	 0 
104 	 2 	 35  	 674695 	  	 674695 	 	 674695 	 	 0 
104 	 2 	 36  	 674695 	  	 674695 	 	 674695 	 	 0 
104 	 2 	 37  	 674695 	  	 674695 	 	 674695 	 	 0 
104 	 2 	 38  	 674695 	  	 674695 	 	 674695 	 	 0 
104 	 2 	 39  	 674695 	  	 674695 	 	 674695 	 	 0 
104 	 2 	 40  	 674695 	  	 674695 	 	 674695 	 	 0 
104 	 2 	 41  	 674695 	  	 674695 	 	 674695 	 	 0 
104 	 2 	 42  	 674695 	  	 674695 	 	 674695 	 	 0 
104 	 2 	 43  	 674695 	  	 674695 	 	 674695 	 	 0 
104 	 2 	 44  	 674695 	  	 674695 	 	 674695 	 	 0 
104 	 2 	 45  	 674695 	  	 674695 	 	 674695 	 	 0 
104 	 2 	 46  	 674695 	  	 674695 	 	 674695 	 	 0 
104 	 2 	 47  	 674695 	  	 674695 	 	 674695 	 	 0 
104 	 2 	 48  	 674695 	  	 674695 	 	 674695 	 	 0 
104 	 2 	 49  	 674695 	  	 674695 	 	 674695 	 	 0 
104 	 2 	 50  	 674695 	  	 674695 	 	 674695 	 	 0 
104 	 2 	 51  	 674695 	  	 674695 	 	 674695 	 	 0 
104 	 2 	 52  	 674695 	  	 674695 	 	 674695 	 	 0 
104 	 2 	 53  	 674695 	  	 674695 	 	 674695 	 	 0 
104 	 2 	 54  	 674695 	  	 674695 	 	 674695 	 	 0 
104 	 2 	 55  	 674695 	  	 674695 	 	 674695 	 	 0 
104 	 2 	 56  	 674695 	  	 674695 	 	 674695 	 	 0 
104 	 2 	 57  	 674695 	  	 674695 	 	 674695 	 	 0 
104 	 2 	 58  	 674695 	  	 674695 	 	 674695 	 	 0 
104 	 2 	 59  	 674695 	  	 674695 	 	 674695 	 	 0 
104 	 2 	 60  	 674695 	  	 674695 	 	 674695 	 	 0 
104 	 2 	 61  	 674695 	  	 674695 	 	 674695 	 	 0 
104 	 2 	 62  	 674695 	  	 674695 	 	 674695 	 	 0 
104 	 2 	 63  	 674695 	  	 674695 	 	 674695 	 	 0 
104 	 2 	 64  	 674695 	  	 674695 	 	 674695 	 	 0 
104 	 2 	 65  	 674695 	  	 674695 	 	 674695 	 	 0 
104 	 2 	 66  	 674695 	  	 674695 	 	 674695 	 	 0 
104 	 2 	 67  	 674695 	  	 674695 	 	 674695 	 	 0 
104 	 2 	 68  	 674695 	  	 674695 	 	 674695 	 	 0 
104 	 2 	 69  	 674695 	  	 674695 	 	 674695 	 	 0 
104 	 2 	 70  	 674695 	  	 674695 	 	 674695 	 	 0 
104 	 2 	 71  	 674695 	  	 674695 	 	 674695 	 	 0 
104 	 2 	 72  	 674695 	  	 674695 	 	 674695 	 	 0 
104 	 2 	 73  	 674695 	  	 674695 	 	 674695 	 	 0 
104 	 2 	 74  	 674695 	  	 674695 	 	 674695 	 	 0 
104 	 2 	 75  	 674695 	  	 674695 	 	 674695 	 	 0 
104 	 2 	 76  	 674695 	  	 674695 	 	 674695 	 	 0 
104 	 2 	 77  	 674695 	  	 674695 	 	 674695 	 	 0 
104 	 2 	 78  	 674695 	  	 674695 	 	 674695 	 	 0 
104 	 2 	 79  	 674695 	  	 674695 	 	 674695 	 	 0 
104 	 2 	 80  	 674695 	  	 674695 	 	 674695 	 	 0 
104 	 2 	 81  	 674695 	  	 674695 	 	 674695 	 	 0 
104 	 2 	 82  	 674695 	  	 674695 	 	 674695 	 	 0 
104 	 2 	 83  	 674695 	  	 674695 	 	 674695 	 	 0 
104 	 2 	 84  	 674695 	  	 674695 	 	 674695 	 	 0 
104 	 2 	 85  	 674695 	  	 674695 	 	 674695 	 	 0 
104 	 2 	 86  	 674695 	  	 674695 	 	 674695 	 	 0 
104 	 2 	 87  	 674695 	  	 674695 	 	 674695 	 	 0 
104 	 2 	 88  	 674695 	  	 674695 	 	 674695 	 	 0 
104 	 2 	 89  	 674695 	  	 674695 	 	 674695 	 	 0 
104 	 2 	 90  	 674695 	  	 674695 	 	 674695 	 	 0 
104 	 2 	 91  	 674695 	  	 674695 	 	 674695 	 	 0 
104 	 2 	 92  	 674695 	  	 674695 	 	 674695 	 	 0 
104 	 2 	 93  	 674695 	  	 674695 	 	 674695 	 	 0 
104 	 2 	 94  	 674695 	  	 674695 	 	 674695 	 	 0 
104 	 2 	 95  	 674695 	  	 674695 	 	 674695 	 	 0 
104 	 2 	 96  	 674695 	  	 674695 	 	 674695 	 	 0 
104 	 2 	 97  	 674695 	  	 674695 	 	 674695 	 	 0 
104 	 2 	 98  	 674695 	  	 674695 	 	 674695 	 	 0 
104 	 2 	 99  	 674695 	  	 674695 	 	 674695 	 	 0 
104 	 2 	 100  	 674695 	  	 674695 	 	 674695 	 	 0 
104 	 2 	 101  	 674695 	  	 674695 	 	 674695 	 	 0 
104 	 2 	 102  	 674695 	  	 674695 	 	 674695 	 	 0 
104 	 2 	 103  	 674695 	  	 674695 	 	 674695 	 	 0 
104 	 2 	 104  	 674695 	  	 674695 	 	 674695 	 	 0 
104 	 2 	 105  	 674695 	  	 674695 	 	 674695 	 	 0 
104 	 2 	 106  	 674695 	  	 674695 	 	 674695 	 	 0 
104 	 2 	 107  	 674695 	  	 674695 	 	 674695 	 	 0 
104 	 2 	 108  	 674695 	  	 674695 	 	 674695 	 	 0 
104 	 2 	 109  	 674695 	  	 674695 	 	 674695 	 	 0 
104 	 2 	 110  	 674695 	  	 674695 	 	 674695 	 	 0 
104 	 2 	 111  	 674695 	  	 674695 	 	 674695 	 	 0 
104 	 2 	 112  	 674695 	  	 674695 	 	 674695 	 	 0 
104 	 2 	 113  	 674695 	  	 674695 	 	 674695 	 	 0 
104 	 2 	 114  	 674695 	  	 674695 	 	 674695 	 	 0 
104 	 2 	 115  	 674695 	  	 674695 	 	 674695 	 	 0 
104 	 2 	 116  	 674695 	  	 674695 	 	 674695 	 	 0 
104 	 2 	 117  	 674695 	  	 674695 	 	 674695 	 	 0 
104 	 2 	 118  	 674695 	  	 674695 	 	 674695 	 	 0 
104 	 2 	 119  	 674695 	  	 674695 	 	 674695 	 	 0 
104 	 2 	 120  	 674695 	  	 674695 	 	 674695 	 	 0 
104 	 2 	 121  	 674695 	  	 674695 	 	 674695 	 	 0 
104 	 2 	 122  	 674695 	  	 674695 	 	 674695 	 	 0 
104 	 2 	 123  	 674695 	  	 674695 	 	 674695 	 	 0 
104 	 2 	 124  	 674695 	  	 674695 	 	 674695 	 	 0 
104 	 2 	 125  	 674695 	  	 674695 	 	 674695 	 	 0 
104 	 2 	 126  	 674695 	  	 674695 	 	 674695 	 	 0 
104 	 2 	 127  	 674695 	  	 674695 	 	 674695 	 	 0 
104 	 2 	 128  	 674695 	  	 674695 	 	 674695 	 	 0 
104 	 2 	 129  	 674695 	  	 674695 	 	 674695 	 	 0 
104 	 2 	 130  	 674695 	  	 674695 	 	 674695 	 	 0 
104 	 2 	 131  	 674695 	  	 674695 	 	 674695 	 	 0 
104 	 2 	 132  	 674695 	  	 674695 	 	 674695 	 	 0 
104 	 2 	 133  	 674695 	  	 674695 	 	 674695 	 	 0 
104 	 2 	 134  	 674695 	  	 674695 	 	 674695 	 	 0 
104 	 2 	 135  	 674695 	  	 674695 	 	 674695 	 	 0 
104 	 2 	 136  	 674695 	  	 674695 	 	 674695 	 	 0 
104 	 2 	 137  	 674695 	  	 674695 	 	 674695 	 	 0 
104 	 2 	 138  	 674695 	  	 674695 	 	 674695 	 	 0 
104 	 2 	 139  	 674695 	  	 674695 	 	 674695 	 	 0 
104 	 2 	 140  	 674695 	  	 674695 	 	 674695 	 	 0 
104 	 2 	 141  	 674695 	  	 674695 	 	 674695 	 	 0 
104 	 2 	 142  	 674695 	  	 674695 	 	 674695 	 	 0 
104 	 2 	 143  	 674695 	  	 674695 	 	 674695 	 	 0 
104 	 2 	 144  	 674695 	  	 674695 	 	 674695 	 	 0 
104 	 2 	 145  	 674695 	  	 674695 	 	 674695 	 	 0 
104 	 2 	 146  	 674695 	  	 674695 	 	 674695 	 	 0 
104 	 2 	 147  	 674695 	  	 674695 	 	 674695 	 	 0 
104 	 2 	 148  	 674695 	  	 674695 	 	 674695 	 	 0 
104 	 2 	 149  	 674695 	  	 674695 	 	 674695 	 	 0 
104 	 2 	 150  	 674695 	  	 674695 	 	 674695 	 	 0 
104 	 2 	 151  	 674695 	  	 674695 	 	 674695 	 	 0 
104 	 2 	 152  	 674695 	  	 674695 	 	 674695 	 	 0 
104 	 2 	 153  	 674695 	  	 674695 	 	 674695 	 	 0 
104 	 2 	 154  	 674695 	  	 674695 	 	 674695 	 	 0 
104 	 2 	 155  	 674695 	  	 674695 	 	 674695 	 	 0 
104 	 2 	 156  	 674695 	  	 674695 	 	 674695 	 	 0 
104 	 2 	 157  	 674695 	  	 674695 	 	 674695 	 	 0 
104 	 2 	 158  	 674695 	  	 674695 	 	 674695 	 	 0 
104 	 2 	 159  	 674695 	  	 674695 	 	 674695 	 	 0 
104 	 2 	 160  	 674695 	  	 674695 	 	 674695 	 	 0 
104 	 2 	 161  	 674695 	  	 674695 	 	 674695 	 	 0 
104 	 2 	 162  	 674695 	  	 674695 	 	 674695 	 	 0 
104 	 2 	 163  	 674695 	  	 674695 	 	 674695 	 	 0 
104 	 2 	 164  	 674695 	  	 674695 	 	 674695 	 	 0 
104 	 2 	 165  	 674695 	  	 674695 	 	 674695 	 	 0 
104 	 2 	 166  	 674695 	  	 674695 	 	 674695 	 	 0 
104 	 2 	 167  	 674695 	  	 674695 	 	 674695 	 	 0 
104 	 2 	 168  	 674695 	  	 674695 	 	 674695 	 	 0 
104 	 2 	 169  	 674695 	  	 674695 	 	 674695 	 	 0 
104 	 2 	 170  	 674695 	  	 674695 	 	 674695 	 	 0 
104 	 2 	 171  	 674695 	  	 674695 	 	 674695 	 	 0 
104 	 2 	 172  	 674695 	  	 674695 	 	 674695 	 	 0 
104 	 2 	 173  	 674695 	  	 674695 	 	 674695 	 	 0 
104 	 2 	 174  	 674695 	  	 674695 	 	 674695 	 	 0 
104 	 2 	 175  	 674695 	  	 674695 	 	 674695 	 	 0 
104 	 2 	 176  	 674695 	  	 674695 	 	 674695 	 	 0 
104 	 2 	 177  	 674695 	  	 674695 	 	 674695 	 	 0 
104 	 2 	 178  	 674695 	  	 674695 	 	 674695 	 	 0 
104 	 2 	 179  	 674695 	  	 674695 	 	 674695 	 	 0 
104 	 2 	 180  	 674695 	  	 674695 	 	 674695 	 	 0 
104 	 2 	 181  	 674695 	  	 674695 	 	 674695 	 	 0 
104 	 2 	 182  	 674695 	  	 674695 	 	 674695 	 	 0 
104 	 2 	 183  	 674695 	  	 674695 	 	 674695 	 	 0 
104 	 2 	 184  	 674695 	  	 674695 	 	 674695 	 	 0 
104 	 2 	 185  	 674695 	  	 674695 	 	 674695 	 	 0 
104 	 2 	 186  	 674695 	  	 674695 	 	 674695 	 	 0 
104 	 2 	 187  	 674695 	  	 674695 	 	 674695 	 	 0 
104 	 2 	 188  	 674695 	  	 674695 	 	 674695 	 	 0 
104 	 2 	 189  	 674695 	  	 674695 	 	 674695 	 	 0 
104 	 2 	 190  	 674695 	  	 674695 	 	 674695 	 	 0 
104 	 2 	 191  	 674695 	  	 674695 	 	 674695 	 	 0 
104 	 2 	 192  	 674695 	  	 674695 	 	 674695 	 	 0 
104 	 2 	 193  	 674695 	  	 674695 	 	 674695 	 	 0 
104 	 2 	 194  	 674695 	  	 674695 	 	 674695 	 	 0 
104 	 2 	 195  	 674695 	  	 674695 	 	 674695 	 	 0 
104 	 2 	 196  	 674695 	  	 674695 	 	 674695 	 	 0 
104 	 2 	 197  	 674695 	  	 674695 	 	 674695 	 	 0 
104 	 2 	 198  	 674695 	  	 674695 	 	 674695 	 	 0 
104 	 2 	 199  	 674695 	  	 674695 	 	 674695 	 	 0 
104 	 2 	 200  	 674695 	  	 674695 	 	 674695 	 	 0 
104 	 2 	 201  	 674695 	  	 674695 	 	 674695 	 	 0 
104 	 2 	 202  	 674695 	  	 674695 	 	 674695 	 	 0 
104 	 2 	 203  	 674695 	  	 674695 	 	 674695 	 	 0 
104 	 2 	 204  	 674695 	  	 674695 	 	 674695 	 	 0 
104 	 2 	 205  	 674695 	  	 674695 	 	 674695 	 	 0 
104 	 2 	 206  	 674695 	  	 674695 	 	 674695 	 	 0 
104 	 2 	 207  	 674695 	  	 674695 	 	 674695 	 	 0 
104 	 2 	 208  	 674695 	  	 674695 	 	 674695 	 	 0 
104 	 2 	 209  	 674695 	  	 674695 	 	 674695 	 	 0 
104 	 2 	 210  	 674695 	  	 674695 	 	 674695 	 	 0 
104 	 2 	 211  	 674695 	  	 674695 	 	 674695 	 	 0 
104 	 2 	 212  	 674695 	  	 674695 	 	 674695 	 	 0 
104 	 2 	 213  	 674695 	  	 674695 	 	 674695 	 	 0 
104 	 2 	 214  	 674695 	  	 674695 	 	 674695 	 	 0 
104 	 2 	 215  	 674695 	  	 674695 	 	 674695 	 	 0 
104 	 2 	 216  	 674695 	  	 674695 	 	 674695 	 	 0 
104 	 2 	 217  	 674695 	  	 674695 	 	 674695 	 	 0 
104 	 2 	 218  	 674695 	  	 674695 	 	 674695 	 	 0 
104 	 2 	 219  	 674695 	  	 674695 	 	 674695 	 	 0 
104 	 2 	 220  	 674695 	  	 674695 	 	 674695 	 	 0 
104 	 2 	 221  	 674695 	  	 674695 	 	 674695 	 	 0 
104 	 2 	 222  	 674695 	  	 674695 	 	 674695 	 	 0 
104 	 2 	 223  	 674695 	  	 674695 	 	 674695 	 	 0 
104 	 2 	 224  	 674695 	  	 674695 	 	 674695 	 	 0 
104 	 2 	 225  	 674695 	  	 674695 	 	 674695 	 	 0 
104 	 2 	 226  	 674695 	  	 674695 	 	 674695 	 	 0 
104 	 2 	 227  	 674695 	  	 674695 	 	 674695 	 	 0 
104 	 2 	 228  	 674695 	  	 674695 	 	 674695 	 	 0 
104 	 2 	 229  	 674695 	  	 674695 	 	 674695 	 	 0 
104 	 2 	 230  	 674695 	  	 674695 	 	 674695 	 	 0 
104 	 2 	 231  	 674695 	  	 674695 	 	 674695 	 	 0 
104 	 2 	 232  	 674695 	  	 674695 	 	 674695 	 	 0 
104 	 2 	 233  	 674695 	  	 674695 	 	 674695 	 	 0 
104 	 2 	 234  	 674695 	  	 674695 	 	 674695 	 	 0 
104 	 2 	 235  	 674695 	  	 674695 	 	 674695 	 	 0 
104 	 2 	 236  	 674695 	  	 674695 	 	 674695 	 	 0 
104 	 2 	 237  	 674695 	  	 674695 	 	 674695 	 	 0 
104 	 2 	 238  	 674695 	  	 674695 	 	 674695 	 	 0 
104 	 2 	 239  	 674695 	  	 674695 	 	 674695 	 	 0 
104 	 2 	 240  	 674695 	  	 674695 	 	 674695 	 	 0 
104 	 2 	 241  	 674695 	  	 674695 	 	 674695 	 	 0 
104 	 2 	 242  	 674695 	  	 674695 	 	 674695 	 	 0 
104 	 2 	 243  	 674695 	  	 674695 	 	 674695 	 	 0 
104 	 2 	 244  	 674695 	  	 674695 	 	 674695 	 	 0 
104 	 2 	 245  	 674695 	  	 674695 	 	 674695 	 	 0 
104 	 2 	 246  	 674695 	  	 674695 	 	 674695 	 	 0 
104 	 2 	 247  	 674695 	  	 674695 	 	 674695 	 	 0 
104 	 2 	 248  	 674695 	  	 674695 	 	 674695 	 	 0 
104 	 2 	 249  	 674695 	  	 674695 	 	 674695 	 	 0 
104 	 2 	 250  	 674695 	  	 674695 	 	 674695 	 	 0 
104 	 2 	 251  	 674695 	  	 674695 	 	 674695 	 	 0 
104 	 2 	 252  	 674695 	  	 674695 	 	 674695 	 	 0 
104 	 2 	 253  	 674695 	  	 674695 	 	 674695 	 	 0 
104 	 2 	 254  	 674695 	  	 674695 	 	 674695 	 	 0 
104 	 2 	 255  	 674695 	  	 674695 	 	 674695 	 	 0 
104 	 2 	 256  	 674695 	  	 674695 	 	 674695 	 	 0 
104 	 2 	 257  	 674695 	  	 674695 	 	 674695 	 	 0 
104 	 2 	 258  	 674695 	  	 674695 	 	 674695 	 	 0 
104 	 2 	 259  	 674695 	  	 674695 	 	 674695 	 	 0 
104 	 2 	 260  	 674695 	  	 674695 	 	 674695 	 	 0 
104 	 2 	 261  	 674695 	  	 674695 	 	 674695 	 	 0 
104 	 2 	 262  	 674695 	  	 674695 	 	 674695 	 	 0 
104 	 2 	 263  	 674695 	  	 674695 	 	 674695 	 	 0 
104 	 2 	 264  	 674695 	  	 674695 	 	 674695 	 	 0 
104 	 2 	 265  	 674695 	  	 674695 	 	 674695 	 	 0 
104 	 2 	 266  	 674695 	  	 674695 	 	 674695 	 	 0 
104 	 2 	 267  	 674695 	  	 674695 	 	 674695 	 	 0 
104 	 2 	 268  	 674695 	  	 674695 	 	 674695 	 	 0 
104 	 2 	 269  	 674695 	  	 674695 	 	 674695 	 	 0 
104 	 2 	 270  	 674695 	  	 674695 	 	 674695 	 	 0 
104 	 2 	 271  	 674695 	  	 674695 	 	 674695 	 	 0 
104 	 2 	 272  	 674695 	  	 674695 	 	 674695 	 	 0 
104 	 2 	 273  	 674695 	  	 674695 	 	 674695 	 	 0 
104 	 2 	 274  	 674695 	  	 674695 	 	 674695 	 	 0 
104 	 2 	 275  	 674695 	  	 674695 	 	 674695 	 	 0 
104 	 2 	 276  	 674695 	  	 674695 	 	 674695 	 	 0 
104 	 2 	 277  	 674695 	  	 674695 	 	 674695 	 	 0 
104 	 2 	 278  	 674695 	  	 674695 	 	 674695 	 	 0 
104 	 2 	 279  	 674695 	  	 674695 	 	 674695 	 	 0 
104 	 2 	 280  	 674695 	  	 674695 	 	 674695 	 	 0 
104 	 2 	 281  	 674695 	  	 674695 	 	 674695 	 	 0 
104 	 2 	 282  	 674695 	  	 674695 	 	 674695 	 	 0 
104 	 2 	 283  	 674695 	  	 674695 	 	 674695 	 	 0 
104 	 2 	 284  	 674695 	  	 674695 	 	 674695 	 	 0 
104 	 2 	 285  	 674695 	  	 674695 	 	 674695 	 	 0 
104 	 2 	 286  	 674695 	  	 674695 	 	 674695 	 	 0 
104 	 2 	 287  	 674695 	  	 674695 	 	 674695 	 	 0 
104 	 2 	 288  	 674695 	  	 674695 	 	 674695 	 	 0 
104 	 2 	 289  	 674695 	  	 674695 	 	 674695 	 	 0 
104 	 2 	 290  	 674695 	  	 674695 	 	 674695 	 	 0 
104 	 2 	 291  	 674695 	  	 674695 	 	 674695 	 	 0 
104 	 2 	 292  	 674695 	  	 674695 	 	 674695 	 	 0 
104 	 2 	 293  	 674695 	  	 674695 	 	 674695 	 	 0 
104 	 2 	 294  	 674695 	  	 674695 	 	 674695 	 	 0 
104 	 2 	 295  	 674695 	  	 674695 	 	 674695 	 	 0 
104 	 2 	 296  	 674695 	  	 674695 	 	 674695 	 	 0 
104 	 2 	 297  	 674695 	  	 674695 	 	 674695 	 	 0 
104 	 2 	 298  	 674695 	  	 674695 	 	 674695 	 	 0 
104 	 2 	 299  	 674695 	  	 674695 	 	 674695 	 	 0 
104 	 2 	 300  	 674695 	  	 674695 	 	 674695 	 	 0 
104 	 2 	 301  	 674695 	  	 674695 	 	 674695 	 	 0 
104 	 2 	 302  	 674695 	  	 674695 	 	 674695 	 	 0 
104 	 2 	 303  	 674695 	  	 674695 	 	 674695 	 	 0 
104 	 2 	 304  	 674695 	  	 674695 	 	 674695 	 	 0 
104 	 2 	 305  	 674695 	  	 674695 	 	 674695 	 	 0 
104 	 2 	 306  	 674695 	  	 674695 	 	 674695 	 	 0 
104 	 2 	 307  	 674695 	  	 674695 	 	 674695 	 	 0 
104 	 2 	 308  	 674695 	  	 674695 	 	 674695 	 	 0 
104 	 2 	 309  	 674695 	  	 674695 	 	 674695 	 	 0 
104 	 2 	 310  	 674695 	  	 674695 	 	 674695 	 	 0 
104 	 2 	 311  	 674695 	  	 674695 	 	 674695 	 	 0 
104 	 2 	 312  	 674695 	  	 674695 	 	 674695 	 	 0 
104 	 2 	 313  	 674695 	  	 674695 	 	 674695 	 	 0 
104 	 2 	 314  	 674695 	  	 674695 	 	 674695 	 	 0 
104 	 2 	 315  	 674695 	  	 674695 	 	 674695 	 	 0 
104 	 2 	 316  	 674695 	  	 674695 	 	 674695 	 	 0 
104 	 2 	 317  	 674695 	  	 674695 	 	 674695 	 	 0 
104 	 2 	 318  	 674695 	  	 674695 	 	 674695 	 	 0 
104 	 2 	 319  	 674695 	  	 674695 	 	 674695 	 	 0 
104 	 2 	 320  	 674695 	  	 674695 	 	 674695 	 	 0 
104 	 2 	 321  	 674695 	  	 674695 	 	 674695 	 	 0 
104 	 2 	 322  	 674695 	  	 674695 	 	 674695 	 	 0 
104 	 2 	 323  	 674695 	  	 674695 	 	 674695 	 	 0 
104 	 2 	 324  	 674695 	  	 674695 	 	 674695 	 	 0 
104 	 2 	 325  	 674695 	  	 674695 	 	 674695 	 	 0 
104 	 2 	 326  	 674695 	  	 674695 	 	 674695 	 	 0 
104 	 2 	 327  	 674695 	  	 674695 	 	 674695 	 	 0 
104 	 2 	 328  	 674695 	  	 674695 	 	 674695 	 	 0 
104 	 2 	 329  	 674695 	  	 674695 	 	 674695 	 	 0 
104 	 2 	 330  	 674695 	  	 674695 	 	 674695 	 	 0 
104 	 2 	 331  	 674695 	  	 674695 	 	 674695 	 	 0 
104 	 2 	 332  	 674695 	  	 674695 	 	 674695 	 	 0 
104 	 2 	 333  	 674695 	  	 674695 	 	 674695 	 	 0 
104 	 2 	 334  	 674695 	  	 674695 	 	 674695 	 	 0 
104 	 2 	 335  	 674695 	  	 674695 	 	 674695 	 	 0 
104 	 2 	 336  	 674695 	  	 674695 	 	 674695 	 	 0 
104 	 2 	 337  	 674695 	  	 674695 	 	 674695 	 	 0 
104 	 2 	 338  	 674695 	  	 674695 	 	 674695 	 	 0 
104 	 2 	 339  	 674695 	  	 674695 	 	 674695 	 	 0 
104 	 2 	 340  	 674695 	  	 674695 	 	 674695 	 	 0 
104 	 2 	 341  	 674695 	  	 674695 	 	 674695 	 	 0 
104 	 2 	 342  	 674695 	  	 674695 	 	 674695 	 	 0 
104 	 2 	 343  	 674695 	  	 674695 	 	 674695 	 	 0 
104 	 2 	 344  	 674695 	  	 674695 	 	 674695 	 	 0 
104 	 2 	 345  	 674695 	  	 674695 	 	 674695 	 	 0 
104 	 2 	 346  	 674695 	  	 674695 	 	 674695 	 	 0 
104 	 2 	 347  	 674695 	  	 674695 	 	 674695 	 	 0 
104 	 2 	 348  	 674695 	  	 674695 	 	 674695 	 	 0 
104 	 2 	 349  	 674695 	  	 674695 	 	 674695 	 	 0 
104 	 2 	 350  	 674695 	  	 674695 	 	 674695 	 	 0 
104 	 2 	 351  	 674695 	  	 674695 	 	 674695 	 	 0 
104 	 2 	 352  	 674695 	  	 674695 	 	 674695 	 	 0 
104 	 2 	 353  	 674695 	  	 674695 	 	 674695 	 	 0 
104 	 2 	 354  	 674695 	  	 674695 	 	 674695 	 	 0 
104 	 2 	 355  	 674695 	  	 674695 	 	 674695 	 	 0 
104 	 2 	 356  	 674695 	  	 674695 	 	 674695 	 	 0 
104 	 2 	 357  	 674695 	  	 674695 	 	 674695 	 	 0 
104 	 2 	 358  	 674695 	  	 674695 	 	 674695 	 	 0 
104 	 2 	 359  	 674695 	  	 674695 	 	 674695 	 	 0 
104 	 2 	 360  	 674695 	  	 674695 	 	 674695 	 	 0 
104 	 2 	 361  	 674695 	  	 674695 	 	 674695 	 	 0 
104 	 2 	 362  	 674695 	  	 674695 	 	 674695 	 	 0 
104 	 2 	 363  	 674695 	  	 674695 	 	 674695 	 	 0 
104 	 2 	 364  	 674695 	  	 674695 	 	 674695 	 	 0 
104 	 2 	 365  	 674695 	  	 674695 	 	 674695 	 	 0 
104 	 2 	 366  	 674695 	  	 674695 	 	 674695 	 	 0 
104 	 2 	 367  	 674695 	  	 674695 	 	 674695 	 	 0 
104 	 2 	 368  	 674695 	  	 674695 	 	 674695 	 	 0 
104 	 2 	 369  	 674695 	  	 674695 	 	 674695 	 	 0 
104 	 2 	 370  	 674695 	  	 674695 	 	 674695 	 	 0 
104 	 2 	 371  	 674695 	  	 674695 	 	 674695 	 	 0 
104 	 2 	 372  	 674695 	  	 674695 	 	 674695 	 	 0 
104 	 2 	 373  	 674695 	  	 674695 	 	 674695 	 	 0 
104 	 2 	 374  	 674695 	  	 674695 	 	 674695 	 	 0 
104 	 2 	 375  	 674695 	  	 674695 	 	 674695 	 	 0 
104 	 2 	 376  	 674695 	  	 674695 	 	 674695 	 	 0 
104 	 2 	 377  	 674695 	  	 674695 	 	 674695 	 	 0 
104 	 2 	 378  	 674695 	  	 674695 	 	 674695 	 	 0 
104 	 2 	 379  	 674695 	  	 674695 	 	 674695 	 	 0 
104 	 2 	 380  	 674695 	  	 674695 	 	 674695 	 	 0 
104 	 2 	 381  	 674695 	  	 674695 	 	 674695 	 	 0 
104 	 2 	 382  	 674695 	  	 674695 	 	 674695 	 	 0 
104 	 2 	 383  	 674695 	  	 674695 	 	 674695 	 	 0 
104 	 2 	 384  	 674695 	  	 674695 	 	 674695 	 	 0 
104 	 2 	 385  	 674695 	  	 674695 	 	 674695 	 	 0 
104 	 2 	 386  	 674695 	  	 674695 	 	 674695 	 	 0 
104 	 2 	 387  	 674695 	  	 674695 	 	 674695 	 	 0 
104 	 2 	 388  	 674695 	  	 674695 	 	 674695 	 	 0 
104 	 2 	 389  	 674695 	  	 674695 	 	 674695 	 	 0 
104 	 2 	 390  	 674695 	  	 674695 	 	 674695 	 	 0 
104 	 2 	 391  	 674695 	  	 674695 	 	 674695 	 	 0 
104 	 2 	 392  	 674695 	  	 674695 	 	 674695 	 	 0 
104 	 2 	 393  	 674695 	  	 674695 	 	 674695 	 	 0 
104 	 2 	 394  	 674695 	  	 674695 	 	 674695 	 	 0 
104 	 2 	 395  	 674695 	  	 674695 	 	 674695 	 	 0 
104 	 2 	 396  	 674695 	  	 674695 	 	 674695 	 	 0 
104 	 2 	 397  	 674695 	  	 674695 	 	 674695 	 	 0 
104 	 2 	 398  	 674695 	  	 674695 	 	 674695 	 	 0 
104 	 2 	 399  	 674695 	  	 674695 	 	 674695 	 	 0 
104 	 2 	 400  	 674695 	  	 674695 	 	 674695 	 	 0 
104 	 2 	 401  	 674695 	  	 674695 	 	 674695 	 	 0 
104 	 2 	 402  	 674695 	  	 674695 	 	 674695 	 	 0 
104 	 2 	 403  	 674695 	  	 674695 	 	 674695 	 	 0 
104 	 2 	 404  	 674695 	  	 674695 	 	 674695 	 	 0 
104 	 2 	 405  	 674695 	  	 674695 	 	 674695 	 	 0 
104 	 2 	 406  	 674695 	  	 674695 	 	 674695 	 	 0 
104 	 2 	 407  	 674695 	  	 674695 	 	 674695 	 	 0 
104 	 2 	 408  	 674695 	  	 674695 	 	 674695 	 	 0 
104 	 2 	 409  	 674695 	  	 674695 	 	 674695 	 	 0 
104 	 2 	 410  	 674695 	  	 674695 	 	 674695 	 	 0 
104 	 2 	 411  	 674695 	  	 674695 	 	 674695 	 	 0 
104 	 2 	 412  	 674695 	  	 674695 	 	 674695 	 	 0 
104 	 2 	 413  	 674695 	  	 674695 	 	 674695 	 	 0 
104 	 2 	 414  	 674695 	  	 674695 	 	 674695 	 	 0 
104 	 2 	 415  	 674695 	  	 674695 	 	 674695 	 	 0 
104 	 2 	 416  	 674695 	  	 674695 	 	 674695 	 	 0 
104 	 2 	 417  	 674695 	  	 674695 	 	 674695 	 	 0 
104 	 2 	 418  	 674695 	  	 674695 	 	 674695 	 	 0 
104 	 2 	 419  	 674695 	  	 674695 	 	 674695 	 	 0 
104 	 2 	 420  	 674695 	  	 674695 	 	 674695 	 	 0 
104 	 2 	 421  	 674695 	  	 674695 	 	 674695 	 	 0 
104 	 2 	 422  	 674695 	  	 674695 	 	 674695 	 	 0 
104 	 2 	 423  	 674695 	  	 674695 	 	 674695 	 	 0 
104 	 2 	 424  	 674695 	  	 674695 	 	 674695 	 	 0 
104 	 2 	 425  	 674695 	  	 674695 	 	 674695 	 	 0 
104 	 2 	 426  	 674695 	  	 674695 	 	 674695 	 	 0 
104 	 2 	 427  	 674695 	  	 674695 	 	 674695 	 	 0 
104 	 2 	 428  	 674695 	  	 674695 	 	 674695 	 	 0 
104 	 2 	 429  	 674695 	  	 674695 	 	 674695 	 	 0 
104 	 2 	 430  	 674695 	  	 674695 	 	 674695 	 	 0 
104 	 2 	 431  	 674695 	  	 674695 	 	 674695 	 	 0 
104 	 2 	 432  	 674695 	  	 674695 	 	 674695 	 	 0 
104 	 2 	 433  	 674695 	  	 674695 	 	 674695 	 	 0 
104 	 2 	 434  	 674695 	  	 674695 	 	 674695 	 	 0 
104 	 2 	 435  	 674695 	  	 674695 	 	 674695 	 	 0 
104 	 2 	 436  	 674695 	  	 674695 	 	 674695 	 	 0 
104 	 2 	 437  	 674695 	  	 674695 	 	 674695 	 	 0 
104 	 2 	 438  	 674695 	  	 674695 	 	 674695 	 	 0 
104 	 2 	 439  	 674695 	  	 674695 	 	 674695 	 	 0 
104 	 2 	 440  	 674695 	  	 674695 	 	 674695 	 	 0 
104 	 2 	 441  	 674695 	  	 674695 	 	 674695 	 	 0 
104 	 2 	 442  	 674695 	  	 674695 	 	 674695 	 	 0 
104 	 2 	 443  	 674695 	  	 674695 	 	 674695 	 	 0 
104 	 2 	 444  	 674695 	  	 674695 	 	 674695 	 	 0 
104 	 2 	 445  	 674695 	  	 674695 	 	 674695 	 	 0 
104 	 2 	 446  	 674695 	  	 674695 	 	 674695 	 	 0 
104 	 2 	 447  	 674695 	  	 674695 	 	 674695 	 	 0 
104 	 2 	 448  	 674695 	  	 674695 	 	 674695 	 	 0 
104 	 2 	 449  	 674695 	  	 674695 	 	 674695 	 	 0 
104 	 2 	 450  	 674695 	  	 674695 	 	 674695 	 	 0 
104 	 2 	 451  	 674695 	  	 674695 	 	 674695 	 	 0 
104 	 2 	 452  	 674695 	  	 674695 	 	 674695 	 	 0 
104 	 2 	 453  	 674695 	  	 674695 	 	 674695 	 	 0 
104 	 2 	 454  	 674695 	  	 674695 	 	 674695 	 	 0 
104 	 2 	 455  	 674695 	  	 674695 	 	 674695 	 	 0 
104 	 2 	 456  	 674695 	  	 674695 	 	 674695 	 	 0 
104 	 2 	 457  	 674695 	  	 674695 	 	 674695 	 	 0 
104 	 2 	 458  	 674695 	  	 674695 	 	 674695 	 	 0 
104 	 2 	 459  	 674695 	  	 674695 	 	 674695 	 	 0 
104 	 2 	 460  	 674695 	  	 674695 	 	 674695 	 	 0 
104 	 2 	 461  	 674695 	  	 674695 	 	 674695 	 	 0 
104 	 2 	 462  	 674695 	  	 674695 	 	 674695 	 	 0 
104 	 2 	 463  	 674695 	  	 674695 	 	 674695 	 	 0 
104 	 2 	 464  	 674695 	  	 674695 	 	 674695 	 	 0 
104 	 2 	 465  	 674695 	  	 674695 	 	 674695 	 	 0 
104 	 2 	 466  	 674695 	  	 674695 	 	 674695 	 	 0 
104 	 2 	 467  	 674695 	  	 674695 	 	 674695 	 	 0 
104 	 2 	 468  	 674695 	  	 674695 	 	 674695 	 	 0 
104 	 2 	 469  	 674695 	  	 674695 	 	 674695 	 	 0 
104 	 2 	 470  	 674695 	  	 674695 	 	 674695 	 	 0 
104 	 2 	 471  	 674695 	  	 674695 	 	 674695 	 	 0 
104 	 2 	 472  	 674695 	  	 674695 	 	 674695 	 	 0 
104 	 2 	 473  	 674695 	  	 674695 	 	 674695 	 	 0 
104 	 2 	 474  	 674695 	  	 674695 	 	 674695 	 	 0 
104 	 2 	 475  	 674695 	  	 674695 	 	 674695 	 	 0 
104 	 2 	 476  	 674695 	  	 674695 	 	 674695 	 	 0 
104 	 2 	 477  	 674695 	  	 674695 	 	 674695 	 	 0 
104 	 2 	 478  	 674695 	  	 674695 	 	 674695 	 	 0 
104 	 2 	 479  	 674695 	  	 674695 	 	 674695 	 	 0 
104 	 2 	 480  	 674695 	  	 674695 	 	 674695 	 	 0 
104 	 2 	 481  	 674695 	  	 674695 	 	 674695 	 	 0 
104 	 2 	 482  	 674695 	  	 674695 	 	 674695 	 	 0 
104 	 2 	 483  	 674695 	  	 674695 	 	 674695 	 	 0 
104 	 2 	 484  	 674695 	  	 674695 	 	 674695 	 	 0 
104 	 2 	 485  	 674695 	  	 674695 	 	 674695 	 	 0 
104 	 2 	 486  	 674695 	  	 674695 	 	 674695 	 	 0 
104 	 2 	 487  	 674695 	  	 674695 	 	 674695 	 	 0 
104 	 2 	 488  	 674695 	  	 674695 	 	 674695 	 	 0 
104 	 2 	 489  	 674695 	  	 674695 	 	 674695 	 	 0 
104 	 2 	 490  	 674695 	  	 674695 	 	 674695 	 	 0 
104 	 2 	 491  	 674695 	  	 674695 	 	 674695 	 	 0 
104 	 2 	 492  	 674695 	  	 674695 	 	 674695 	 	 0 
104 	 2 	 493  	 674695 	  	 674695 	 	 674695 	 	 0 
104 	 2 	 494  	 674695 	  	 674695 	 	 674695 	 	 0 
104 	 2 	 495  	 674695 	  	 674695 	 	 674695 	 	 0 
104 	 2 	 496  	 674695 	  	 674695 	 	 674695 	 	 0 
104 	 2 	 497  	 674695 	  	 674695 	 	 674695 	 	 0 
104 	 2 	 498  	 674695 	  	 674695 	 	 674695 	 	 0 
104 	 2 	 499  	 674695 	  	 674695 	 	 674695 	 	 0 
104 	 2 	 500  	 674695 	  	 674695 	 	 674695 	 	 0 
104 	 2 	 501  	 674695 	  	 674695 	 	 674695 	 	 0 
104 	 2 	 502  	 674695 	  	 674695 	 	 674695 	 	 0 
104 	 2 	 503  	 674695 	  	 674695 	 	 674695 	 	 0 
104 	 2 	 504  	 674695 	  	 674695 	 	 674695 	 	 0 
104 	 2 	 505  	 674695 	  	 674695 	 	 674695 	 	 0 
104 	 2 	 506  	 674695 	  	 674695 	 	 674695 	 	 0 
104 	 2 	 507  	 674695 	  	 674695 	 	 674695 	 	 0 
104 	 2 	 508  	 674695 	  	 674695 	 	 674695 	 	 0 
104 	 2 	 509  	 674695 	  	 674695 	 	 674695 	 	 0 
104 	 2 	 510  	 674695 	  	 674695 	 	 674695 	 	 0 
104 	 2 	 511  	 674695 	  	 674695 	 	 674695 	 	 0 
104 	 2 	 512  	 674695 	  	 674695 	 	 674695 	 	 0 
104 	 2 	 513  	 674695 	  	 674695 	 	 674695 	 	 0 
104 	 2 	 514  	 674695 	  	 674695 	 	 674695 	 	 0 
104 	 2 	 515  	 674695 	  	 674695 	 	 674695 	 	 0 
104 	 2 	 516  	 674695 	  	 674695 	 	 674695 	 	 0 
104 	 2 	 517  	 674695 	  	 674695 	 	 674695 	 	 0 
104 	 2 	 518  	 674695 	  	 674695 	 	 674695 	 	 0 
104 	 2 	 519  	 674695 	  	 674695 	 	 674695 	 	 0 
104 	 2 	 520  	 674695 	  	 674695 	 	 674695 	 	 0 
104 	 2 	 521  	 674695 	  	 674695 	 	 674695 	 	 0 
104 	 2 	 522  	 674695 	  	 674695 	 	 674695 	 	 0 
104 	 2 	 523  	 674695 	  	 674695 	 	 674695 	 	 0 
104 	 2 	 524  	 674695 	  	 674695 	 	 674695 	 	 0 
104 	 2 	 525  	 674695 	  	 674695 	 	 674695 	 	 0 
104 	 2 	 526  	 674695 	  	 674695 	 	 674695 	 	 0 
104 	 2 	 527  	 674695 	  	 674695 	 	 674695 	 	 0 
104 	 2 	 528  	 674695 	  	 674695 	 	 674695 	 	 0 
104 	 2 	 529  	 674695 	  	 674695 	 	 674695 	 	 0 
104 	 2 	 530  	 674695 	  	 674695 	 	 674695 	 	 0 
104 	 2 	 531  	 674695 	  	 674695 	 	 674695 	 	 0 
104 	 2 	 532  	 674695 	  	 674695 	 	 674695 	 	 0 
104 	 2 	 533  	 674695 	  	 674695 	 	 674695 	 	 0 
104 	 2 	 534  	 674695 	  	 674695 	 	 674695 	 	 0 
104 	 2 	 535  	 674695 	  	 674695 	 	 674695 	 	 0 
104 	 2 	 536  	 674695 	  	 674695 	 	 674695 	 	 0 
104 	 2 	 537  	 674695 	  	 674695 	 	 674695 	 	 0 
104 	 2 	 538  	 674695 	  	 674695 	 	 674695 	 	 0 
104 	 2 	 539  	 674695 	  	 674695 	 	 674695 	 	 0 
104 	 2 	 540  	 674695 	  	 674695 	 	 674695 	 	 0 
104 	 2 	 541  	 674695 	  	 674695 	 	 674695 	 	 0 
104 	 2 	 542  	 674695 	  	 674695 	 	 674695 	 	 0 
104 	 2 	 543  	 674695 	  	 674695 	 	 674695 	 	 0 
104 	 2 	 544  	 674695 	  	 674695 	 	 674695 	 	 0 
104 	 2 	 545  	 674695 	  	 674695 	 	 674695 	 	 0 
104 	 2 	 546  	 674695 	  	 674695 	 	 674695 	 	 0 
104 	 2 	 547  	 674695 	  	 674695 	 	 674695 	 	 0 
104 	 2 	 548  	 674695 	  	 674695 	 	 674695 	 	 0 
104 	 2 	 549  	 674695 	  	 674695 	 	 674695 	 	 0 
104 	 2 	 550  	 674695 	  	 674695 	 	 674695 	 	 0 
104 	 2 	 551  	 674695 	  	 674695 	 	 674695 	 	 0 
104 	 2 	 552  	 674695 	  	 674695 	 	 674695 	 	 0 
104 	 2 	 553  	 674695 	  	 674695 	 	 674695 	 	 0 
104 	 2 	 554  	 674695 	  	 674695 	 	 674695 	 	 0 
104 	 2 	 555  	 674695 	  	 674695 	 	 674695 	 	 0 
104 	 2 	 556  	 674695 	  	 674695 	 	 674695 	 	 0 
104 	 2 	 557  	 674695 	  	 674695 	 	 674695 	 	 0 
104 	 2 	 558  	 674695 	  	 674695 	 	 674695 	 	 0 
104 	 2 	 559  	 674695 	  	 674695 	 	 674695 	 	 0 
104 	 2 	 560  	 674695 	  	 674695 	 	 674695 	 	 0 
104 	 2 	 561  	 674695 	  	 674695 	 	 674695 	 	 0 
104 	 2 	 562  	 674695 	  	 674695 	 	 674695 	 	 0 
104 	 2 	 563  	 674695 	  	 674695 	 	 674695 	 	 0 
104 	 2 	 564  	 674695 	  	 674695 	 	 674695 	 	 0 
104 	 2 	 565  	 674695 	  	 674695 	 	 674695 	 	 0 
104 	 2 	 566  	 674695 	  	 674695 	 	 674695 	 	 0 
104 	 2 	 567  	 674695 	  	 674695 	 	 674695 	 	 0 
104 	 2 	 568  	 674695 	  	 674695 	 	 674695 	 	 0 
104 	 2 	 569  	 674695 	  	 674695 	 	 674695 	 	 0 
104 	 2 	 570  	 674695 	  	 674695 	 	 674695 	 	 0 
104 	 2 	 571  	 674695 	  	 674695 	 	 674695 	 	 0 
104 	 2 	 572  	 674695 	  	 674695 	 	 674695 	 	 0 
104 	 2 	 573  	 674695 	  	 674695 	 	 674695 	 	 0 
104 	 2 	 574  	 674695 	  	 674695 	 	 674695 	 	 0 
104 	 2 	 575  	 674695 	  	 674695 	 	 674695 	 	 0 
104 	 2 	 576  	 674695 	  	 674695 	 	 674695 	 	 0 
104 	 2 	 577  	 674695 	  	 674695 	 	 674695 	 	 0 
104 	 2 	 578  	 674695 	  	 674695 	 	 674695 	 	 0 
104 	 2 	 579  	 674695 	  	 674695 	 	 674695 	 	 0 
104 	 2 	 580  	 674695 	  	 674695 	 	 674695 	 	 0 
104 	 2 	 581  	 674695 	  	 674695 	 	 674695 	 	 0 
104 	 2 	 582  	 674695 	  	 674695 	 	 674695 	 	 0 
104 	 2 	 583  	 674695 	  	 674695 	 	 674695 	 	 0 
104 	 2 	 584  	 674695 	  	 674695 	 	 674695 	 	 0 
104 	 2 	 585  	 674695 	  	 674695 	 	 674695 	 	 0 
104 	 2 	 586  	 674695 	  	 674695 	 	 674695 	 	 0 
104 	 2 	 587  	 674695 	  	 674695 	 	 674695 	 	 0 
104 	 2 	 588  	 674695 	  	 674695 	 	 674695 	 	 0 
104 	 2 	 589  	 674695 	  	 674695 	 	 674695 	 	 0 
104 	 2 	 590  	 674695 	  	 674695 	 	 674695 	 	 0 
104 	 2 	 591  	 674695 	  	 674695 	 	 674695 	 	 0 
104 	 2 	 592  	 674695 	  	 674695 	 	 674695 	 	 0 
104 	 2 	 593  	 674695 	  	 674695 	 	 674695 	 	 0 
104 	 2 	 594  	 674695 	  	 674695 	 	 674695 	 	 0 
104 	 2 	 595  	 674695 	  	 674695 	 	 674695 	 	 0 
104 	 2 	 596  	 674695 	  	 674695 	 	 674695 	 	 0 
104 	 2 	 597  	 674695 	  	 674695 	 	 674695 	 	 0 
104 	 2 	 598  	 674695 	  	 674695 	 	 674695 	 	 0 
104 	 2 	 599  	 674695 	  	 674695 	 	 674695 	 	 0 
104 	 2 	 600  	 674695 	  	 674695 	 	 674695 	 	 0 
104 	 2 	 601  	 674695 	  	 674695 	 	 674695 	 	 0 
104 	 2 	 602  	 674695 	  	 674695 	 	 674695 	 	 0 
104 	 2 	 603  	 674695 	  	 674695 	 	 674695 	 	 0 
104 	 2 	 604  	 674695 	  	 674695 	 	 674695 	 	 0 
104 	 2 	 605  	 674695 	  	 674695 	 	 674695 	 	 0 
104 	 2 	 606  	 674695 	  	 674695 	 	 674695 	 	 0 
104 	 2 	 607  	 674695 	  	 674695 	 	 674695 	 	 0 
104 	 2 	 608  	 674695 	  	 674695 	 	 674695 	 	 0 
104 	 2 	 609  	 674695 	  	 674695 	 	 674695 	 	 0 
104 	 2 	 610  	 674695 	  	 674695 	 	 674695 	 	 0 
104 	 2 	 611  	 674695 	  	 674695 	 	 674695 	 	 0 
104 	 2 	 612  	 674695 	  	 674695 	 	 674695 	 	 0 
104 	 2 	 613  	 674695 	  	 674695 	 	 674695 	 	 0 
104 	 2 	 614  	 674695 	  	 674695 	 	 674695 	 	 0 
104 	 2 	 615  	 674695 	  	 674695 	 	 674695 	 	 0 
104 	 2 	 616  	 674695 	  	 674695 	 	 674695 	 	 0 
104 	 2 	 617  	 674695 	  	 674695 	 	 674695 	 	 0 
104 	 2 	 618  	 674695 	  	 674695 	 	 674695 	 	 0 
104 	 2 	 619  	 674695 	  	 674695 	 	 674695 	 	 0 
104 	 2 	 620  	 674695 	  	 674695 	 	 674695 	 	 0 
104 	 2 	 621  	 674695 	  	 674695 	 	 674695 	 	 0 
104 	 2 	 622  	 674695 	  	 674695 	 	 674695 	 	 0 
104 	 2 	 623  	 674695 	  	 674695 	 	 674695 	 	 0 
104 	 2 	 624  	 674695 	  	 674695 	 	 674695 	 	 0 
104 	 2 	 625  	 674695 	  	 674695 	 	 674695 	 	 0 
104 	 2 	 626  	 674695 	  	 674695 	 	 674695 	 	 0 
104 	 2 	 627  	 674695 	  	 674695 	 	 674695 	 	 0 
104 	 2 	 628  	 674695 	  	 674695 	 	 674695 	 	 0 
104 	 2 	 629  	 674695 	  	 674695 	 	 674695 	 	 0 
104 	 2 	 630  	 674695 	  	 674695 	 	 674695 	 	 0 
104 	 2 	 631  	 674695 	  	 674695 	 	 674695 	 	 0 
104 	 2 	 632  	 674695 	  	 674695 	 	 674695 	 	 0 
104 	 2 	 633  	 674695 	  	 674695 	 	 674695 	 	 0 
104 	 2 	 634  	 674695 	  	 674695 	 	 674695 	 	 0 
104 	 2 	 635  	 674695 	  	 674695 	 	 674695 	 	 0 
104 	 2 	 636  	 674695 	  	 674695 	 	 674695 	 	 0 
104 	 2 	 637  	 674695 	  	 674695 	 	 674695 	 	 0 
104 	 2 	 638  	 674695 	  	 674695 	 	 674695 	 	 0 
104 	 2 	 639  	 674695 	  	 674695 	 	 674695 	 	 0 
104 	 2 	 640  	 674695 	  	 674695 	 	 674695 	 	 0 
104 	 2 	 641  	 674695 	  	 674695 	 	 674695 	 	 0 
104 	 2 	 642  	 674695 	  	 674695 	 	 674695 	 	 0 
104 	 2 	 643  	 674695 	  	 674695 	 	 674695 	 	 0 
104 	 2 	 644  	 674695 	  	 674695 	 	 674695 	 	 0 
104 	 2 	 645  	 674695 	  	 674695 	 	 674695 	 	 0 
104 	 2 	 646  	 674695 	  	 674695 	 	 674695 	 	 0 
104 	 2 	 647  	 674695 	  	 674695 	 	 674695 	 	 0 
104 	 2 	 648  	 674695 	  	 674695 	 	 674695 	 	 0 
104 	 2 	 649  	 674695 	  	 674695 	 	 674695 	 	 0 
104 	 2 	 650  	 674695 	  	 674695 	 	 674695 	 	 0 
104 	 2 	 651  	 674695 	  	 674695 	 	 674695 	 	 0 
104 	 2 	 652  	 674695 	  	 674695 	 	 674695 	 	 0 
104 	 2 	 653  	 674695 	  	 674695 	 	 674695 	 	 0 
104 	 2 	 654  	 674695 	  	 674695 	 	 674695 	 	 0 
104 	 2 	 655  	 674695 	  	 674695 	 	 674695 	 	 0 
104 	 2 	 656  	 674695 	  	 674695 	 	 674695 	 	 0 
104 	 2 	 657  	 674695 	  	 674695 	 	 674695 	 	 0 
104 	 2 	 658  	 674695 	  	 674695 	 	 674695 	 	 0 
104 	 2 	 659  	 674695 	  	 674695 	 	 674695 	 	 0 
104 	 2 	 660  	 674695 	  	 674695 	 	 674695 	 	 0 
104 	 2 	 661  	 674695 	  	 674695 	 	 674695 	 	 0 
104 	 2 	 662  	 674695 	  	 674695 	 	 674695 	 	 0 
104 	 2 	 663  	 674695 	  	 674695 	 	 674695 	 	 0 
104 	 2 	 664  	 674695 	  	 674695 	 	 674695 	 	 0 
104 	 2 	 665  	 674695 	  	 674695 	 	 674695 	 	 0 
104 	 2 	 666  	 674695 	  	 674695 	 	 674695 	 	 0 
104 	 2 	 667  	 674695 	  	 674695 	 	 674695 	 	 0 
104 	 2 	 668  	 674695 	  	 674695 	 	 674695 	 	 0 
104 	 2 	 669  	 674695 	  	 674695 	 	 674695 	 	 0 
104 	 2 	 670  	 674695 	  	 674695 	 	 674695 	 	 0 
104 	 2 	 671  	 674695 	  	 674695 	 	 674695 	 	 0 
104 	 2 	 672  	 674695 	  	 674695 	 	 674695 	 	 0 
104 	 2 	 673  	 674695 	  	 674695 	 	 674695 	 	 0 
104 	 2 	 674  	 674695 	  	 674695 	 	 674695 	 	 0 
104 	 2 	 675  	 674695 	  	 674695 	 	 674695 	 	 0 
104 	 2 	 676  	 674695 	  	 674695 	 	 674695 	 	 0 
104 	 2 	 677  	 674695 	  	 674695 	 	 674695 	 	 0 
104 	 2 	 678  	 674695 	  	 674695 	 	 674695 	 	 0 
104 	 2 	 679  	 674695 	  	 674695 	 	 674695 	 	 0 
104 	 2 	 680  	 674695 	  	 674695 	 	 674695 	 	 0 
104 	 2 	 681  	 674695 	  	 674695 	 	 674695 	 	 0 
104 	 2 	 682  	 674695 	  	 674695 	 	 674695 	 	 0 
104 	 2 	 683  	 674695 	  	 674695 	 	 674695 	 	 0 
104 	 2 	 684  	 674695 	  	 674695 	 	 674695 	 	 0 
104 	 2 	 685  	 674695 	  	 674695 	 	 674695 	 	 0 
104 	 2 	 686  	 674695 	  	 674695 	 	 674695 	 	 0 
104 	 2 	 687  	 674695 	  	 674695 	 	 674695 	 	 0 
104 	 2 	 688  	 674695 	  	 674695 	 	 674695 	 	 0 
104 	 2 	 689  	 674695 	  	 674695 	 	 674695 	 	 0 
104 	 2 	 690  	 674695 	  	 674695 	 	 674695 	 	 0 
104 	 2 	 691  	 674695 	  	 674695 	 	 674695 	 	 0 
104 	 2 	 692  	 674695 	  	 674695 	 	 674695 	 	 0 
104 	 2 	 693  	 674695 	  	 674695 	 	 674695 	 	 0 
104 	 2 	 694  	 674695 	  	 674695 	 	 674695 	 	 0 
104 	 2 	 695  	 674695 	  	 674695 	 	 674695 	 	 0 
104 	 2 	 696  	 674695 	  	 674695 	 	 674695 	 	 0 
104 	 2 	 697  	 674695 	  	 674695 	 	 674695 	 	 0 
104 	 2 	 698  	 674695 	  	 674695 	 	 674695 	 	 0 
104 	 2 	 699  	 674695 	  	 674695 	 	 674695 	 	 0 
104 	 2 	 700  	 674695 	  	 674695 	 	 674695 	 	 0 
104 	 2 	 701  	 674695 	  	 674695 	 	 674695 	 	 0 
104 	 2 	 702  	 674695 	  	 674695 	 	 674695 	 	 0 
104 	 2 	 703  	 674695 	  	 674695 	 	 674695 	 	 0 
104 	 2 	 704  	 674695 	  	 674695 	 	 674695 	 	 0 
104 	 2 	 705  	 674695 	  	 674695 	 	 674695 	 	 0 
104 	 2 	 706  	 674695 	  	 674695 	 	 674695 	 	 0 
104 	 2 	 707  	 674695 	  	 674695 	 	 674695 	 	 0 
104 	 2 	 708  	 674695 	  	 674695 	 	 674695 	 	 0 
104 	 2 	 709  	 674695 	  	 674695 	 	 674695 	 	 0 
104 	 2 	 710  	 674695 	  	 674695 	 	 674695 	 	 0 
104 	 2 	 711  	 674695 	  	 674695 	 	 674695 	 	 0 
104 	 2 	 712  	 674695 	  	 674695 	 	 674695 	 	 0 
104 	 2 	 713  	 674695 	  	 674695 	 	 674695 	 	 0 
104 	 2 	 714  	 674695 	  	 674695 	 	 674695 	 	 0 
104 	 2 	 715  	 674695 	  	 674695 	 	 674695 	 	 0 
104 	 2 	 716  	 674695 	  	 674695 	 	 674695 	 	 0 
104 	 2 	 717  	 674695 	  	 674695 	 	 674695 	 	 0 
104 	 2 	 718  	 674695 	  	 674695 	 	 674695 	 	 0 
104 	 2 	 719  	 674695 	  	 674695 	 	 674695 	 	 0 
104 	 2 	 720  	 674695 	  	 674695 	 	 674695 	 	 0 
104 	 2 	 721  	 674695 	  	 674695 	 	 674695 	 	 0 
104 	 2 	 722  	 674695 	  	 674695 	 	 674695 	 	 0 
104 	 2 	 723  	 674695 	  	 674695 	 	 674695 	 	 0 
104 	 2 	 724  	 674695 	  	 674695 	 	 674695 	 	 0 
104 	 2 	 725  	 674695 	  	 674695 	 	 674695 	 	 0 
104 	 2 	 726  	 674695 	  	 674695 	 	 674695 	 	 0 
104 	 2 	 727  	 674695 	  	 674695 	 	 674695 	 	 0 
104 	 2 	 728  	 674695 	  	 674695 	 	 674695 	 	 0 
