5 	 1 	 198134.615357 	 198134.615357 	 0.098901 	 198134.615357 	 53.251359 	 198134.615357 
5 	 2 	 198352.100558 	 198352.100558 	 0.098901 	 396473.227993 	 53.401529 	 198338.612636 
5 	 3 	 198691.033581 	 198691.033581 	 0.098901 	 594992.592241 	 53.406699 	 198519.364248 
5 	 4 	 198693.024279 	 198693.024279 	 0.098901 	 793509.965791 	 53.406617 	 198517.373550 
5 	 5 	 198693.024279 	 198693.024279 	 0.098901 	 992027.339341 	 53.406617 	 198517.373550 
5 	 6 	 198693.024279 	 198693.024279 	 0.098901 	 1190544.712891 	 53.406617 	 198517.373550 
5 	 7 	 198693.024279 	 198693.024279 	 0.098901 	 1389062.086441 	 53.406617 	 198517.373550 
5 	 8 	 198693.024279 	 198693.024279 	 0.098901 	 1587579.459991 	 53.406617 	 198517.373550 
5 	 9 	 198693.024279 	 198693.024279 	 0.098901 	 1786096.833541 	 53.406617 	 198517.373550 
5 	 10 	 198693.024279 	 198693.024279 	 0.098901 	 1984614.207091 	 53.406617 	 198517.373550 
5 	 11 	 198693.024279 	 198693.024279 	 0.098901 	 2183131.580641 	 53.406617 	 198517.373550 
5 	 12 	 198693.024279 	 198693.024279 	 0.098901 	 2381648.954191 	 53.406617 	 198517.373550 
5 	 13 	 198693.024279 	 198693.024279 	 0.098901 	 2580166.327741 	 53.406617 	 198517.373550 
5 	 14 	 198693.024279 	 198693.024279 	 0.098901 	 2778683.701290 	 53.406617 	 198517.373550 
5 	 15 	 198693.024279 	 198693.024279 	 0.098901 	 2977201.074840 	 53.406617 	 198517.373550 
5 	 16 	 198693.024279 	 198693.024279 	 0.098901 	 3175718.448390 	 53.406617 	 198517.373550 
5 	 17 	 198693.024279 	 198693.024279 	 0.098901 	 3374235.821940 	 53.406617 	 198517.373550 
5 	 18 	 198693.024279 	 198693.024279 	 0.098901 	 3572753.195490 	 53.406617 	 198517.373550 
5 	 19 	 198693.024279 	 198693.024279 	 0.098901 	 3771270.569040 	 53.406617 	 198517.373550 
5 	 20 	 198693.024279 	 198693.024279 	 0.098901 	 3969787.942590 	 53.406617 	 198517.373550 
5 	 21 	 198693.024279 	 198693.024279 	 0.098901 	 4168305.316140 	 53.406617 	 198517.373550 
5 	 22 	 198693.024279 	 198693.024279 	 0.098901 	 4366822.689690 	 53.406617 	 198517.373550 
5 	 23 	 198693.024279 	 198693.024279 	 0.098901 	 4565340.063240 	 53.406617 	 198517.373550 
5 	 24 	 198693.024279 	 198693.024279 	 0.098901 	 4763857.436790 	 53.406617 	 198517.373550 
5 	 25 	 198693.024279 	 198693.024279 	 0.098901 	 4962374.810340 	 53.406617 	 198517.373550 
5 	 26 	 198693.024279 	 198693.024279 	 0.098901 	 5160892.183890 	 53.406617 	 198517.373550 
5 	 27 	 198693.024279 	 198693.024279 	 0.098901 	 5359409.557440 	 53.406617 	 198517.373550 
5 	 28 	 198693.024279 	 198693.024279 	 0.098901 	 5557926.930989 	 53.406617 	 198517.373550 
5 	 29 	 198693.024279 	 198693.024279 	 0.098901 	 5756444.304539 	 53.406617 	 198517.373550 
5 	 30 	 198693.024279 	 198693.024279 	 0.098901 	 5954961.678089 	 53.406617 	 198517.373550 
5 	 31 	 198693.024279 	 198693.024279 	 0.098901 	 6153479.051639 	 53.406617 	 198517.373550 
5 	 32 	 198693.024279 	 198693.024279 	 0.098901 	 6351996.425189 	 53.406617 	 198517.373550 
5 	 33 	 198693.024279 	 198693.024279 	 0.098901 	 6550513.798739 	 53.406617 	 198517.373550 
5 	 34 	 198693.024279 	 198693.024279 	 0.098901 	 6749031.172289 	 53.406617 	 198517.373550 
5 	 35 	 198693.024279 	 198693.024279 	 0.098901 	 6947548.545839 	 53.406617 	 198517.373550 
5 	 36 	 198693.024279 	 198693.024279 	 0.098901 	 7146065.919389 	 53.406617 	 198517.373550 
5 	 37 	 198693.024279 	 198693.024279 	 0.098901 	 7344583.292939 	 53.406617 	 198517.373550 
5 	 38 	 198693.024279 	 198693.024279 	 0.098901 	 7543100.666489 	 53.406617 	 198517.373550 
5 	 39 	 198693.024279 	 198693.024279 	 0.098901 	 7741618.040039 	 53.406617 	 198517.373550 
5 	 40 	 198693.024279 	 198693.024279 	 0.098901 	 7940135.413589 	 53.406617 	 198517.373550 
5 	 41 	 198693.024279 	 198693.024279 	 0.098901 	 8138652.787139 	 53.406617 	 198517.373550 
5 	 42 	 198693.024279 	 198693.024279 	 0.098901 	 8337170.160689 	 53.406617 	 198517.373550 
5 	 43 	 198693.024279 	 198693.024279 	 0.098901 	 8535687.534238 	 53.406617 	 198517.373550 
5 	 44 	 198693.024279 	 198693.024279 	 0.098901 	 8734204.907788 	 53.406617 	 198517.373550 
5 	 45 	 198693.024279 	 198693.024279 	 0.098901 	 8932722.281338 	 53.406617 	 198517.373550 
5 	 46 	 198693.024279 	 198693.024279 	 0.098901 	 9131239.654888 	 53.406617 	 198517.373550 
5 	 47 	 198693.024279 	 198693.024279 	 0.098901 	 9329757.028438 	 53.406617 	 198517.373550 
5 	 48 	 198693.024279 	 198693.024279 	 0.098901 	 9528274.401988 	 53.406617 	 198517.373550 
5 	 49 	 198693.024279 	 198693.024279 	 0.098901 	 9726791.775538 	 53.406617 	 198517.373550 
5 	 50 	 198693.024279 	 198693.024279 	 0.098901 	 9925309.149088 	 53.406617 	 198517.373550 
5 	 51 	 198693.024279 	 198693.024279 	 0.098901 	 10123826.522638 	 53.406617 	 198517.373550 
5 	 52 	 198693.024279 	 198693.024279 	 0.098901 	 10322343.896188 	 53.406617 	 198517.373550 
5 	 53 	 198693.024279 	 198693.024279 	 0.098901 	 10520861.269738 	 53.406617 	 198517.373550 
5 	 54 	 198693.024279 	 198693.024279 	 0.098901 	 10719378.643288 	 53.406617 	 198517.373550 
5 	 55 	 198693.024279 	 198693.024279 	 0.098901 	 10917896.016838 	 53.406617 	 198517.373550 
5 	 56 	 198693.024279 	 198693.024279 	 0.098901 	 11116413.390388 	 53.406617 	 198517.373550 
5 	 57 	 198693.024279 	 198693.024279 	 0.098901 	 11314930.763937 	 53.406617 	 198517.373550 
5 	 58 	 198693.024279 	 198693.024279 	 0.098901 	 11513448.137487 	 53.406617 	 198517.373550 
5 	 59 	 198693.024279 	 198693.024279 	 0.098901 	 11711965.511037 	 53.406617 	 198517.373550 
5 	 60 	 198693.024279 	 198693.024279 	 0.098901 	 11910482.884587 	 53.406617 	 198517.373550 
5 	 61 	 198693.024279 	 198693.024279 	 0.098901 	 12109000.258137 	 53.406617 	 198517.373550 
5 	 62 	 198693.024279 	 198693.024279 	 0.098901 	 12307517.631687 	 53.406617 	 198517.373550 
5 	 63 	 198693.024279 	 198693.024279 	 0.098901 	 12506035.005237 	 53.406617 	 198517.373550 
5 	 64 	 198693.024279 	 198693.024279 	 0.098901 	 12704552.378787 	 53.406617 	 198517.373550 
5 	 65 	 198693.024279 	 198693.024279 	 0.098901 	 12903069.752337 	 53.406617 	 198517.373550 
5 	 66 	 198693.024279 	 198693.024279 	 0.098901 	 13101587.125887 	 53.406617 	 198517.373550 
5 	 67 	 198693.024279 	 198693.024279 	 0.098901 	 13300104.499437 	 53.406617 	 198517.373550 
5 	 68 	 198693.024279 	 198693.024279 	 0.098901 	 13498621.872987 	 53.406617 	 198517.373550 
5 	 69 	 198693.024279 	 198693.024279 	 0.098901 	 13697139.246537 	 53.406617 	 198517.373550 
5 	 70 	 198693.024279 	 198693.024279 	 0.098901 	 13895656.620087 	 53.406617 	 198517.373550 
5 	 71 	 198693.024279 	 198693.024279 	 0.098901 	 14094173.993637 	 53.406617 	 198517.373550 
5 	 72 	 198693.024279 	 198693.024279 	 0.098901 	 14292691.367186 	 53.406617 	 198517.373550 
5 	 73 	 198693.024279 	 198693.024279 	 0.098901 	 14491208.740736 	 53.406617 	 198517.373550 
5 	 74 	 198693.024279 	 198693.024279 	 0.098901 	 14689726.114286 	 53.406617 	 198517.373550 
5 	 75 	 198693.024279 	 198693.024279 	 0.098901 	 14888243.487836 	 53.406617 	 198517.373550 
5 	 76 	 198693.024279 	 198693.024279 	 0.098901 	 15086760.861386 	 53.406617 	 198517.373550 
5 	 77 	 198693.024279 	 198693.024279 	 0.098901 	 15285278.234936 	 53.406617 	 198517.373550 
5 	 78 	 198693.024279 	 198693.024279 	 0.098901 	 15483795.608486 	 53.406617 	 198517.373550 
5 	 79 	 198693.024279 	 198693.024279 	 0.098901 	 15682312.982036 	 53.406617 	 198517.373550 
5 	 80 	 198693.024279 	 198693.024279 	 0.098901 	 15880830.355586 	 53.406617 	 198517.373550 
5 	 81 	 198693.024279 	 198693.024279 	 0.098901 	 16079347.729136 	 53.406617 	 198517.373550 
5 	 82 	 198693.024279 	 198693.024279 	 0.098901 	 16277865.102686 	 53.406617 	 198517.373550 
5 	 83 	 198693.024279 	 198693.024279 	 0.098901 	 16476382.476236 	 53.406617 	 198517.373550 
5 	 84 	 198693.024279 	 198693.024279 	 0.098901 	 16674899.849786 	 53.406617 	 198517.373550 
5 	 85 	 198693.024279 	 198693.024279 	 0.098901 	 16873417.223336 	 53.406617 	 198517.373550 
5 	 86 	 198693.024279 	 198693.024279 	 0.098901 	 17071934.596885 	 53.406617 	 198517.373550 
5 	 87 	 198693.024279 	 198693.024279 	 0.098901 	 17270451.970435 	 53.406617 	 198517.373550 
5 	 88 	 198693.024279 	 198693.024279 	 0.098901 	 17468969.343985 	 53.406617 	 198517.373550 
5 	 89 	 198693.024279 	 198693.024279 	 0.098901 	 17667486.717535 	 53.406617 	 198517.373550 
5 	 90 	 198693.024279 	 198693.024279 	 0.098901 	 17866004.091085 	 53.406617 	 198517.373550 
5 	 91 	 198693.024279 	 198693.024279 	 0.098901 	 18064521.464635 	 53.406617 	 198517.373550 
5 	 92 	 198693.024279 	 198693.024279 	 0.098901 	 18263038.838185 	 53.406617 	 198517.373550 
5 	 93 	 198693.024279 	 198693.024279 	 0.098901 	 18461556.211735 	 53.406617 	 198517.373550 
5 	 94 	 198693.024279 	 198693.024279 	 0.098901 	 18660073.585285 	 53.406617 	 198517.373550 
5 	 95 	 198693.024279 	 198693.024279 	 0.098901 	 18858590.958835 	 53.406617 	 198517.373550 
5 	 96 	 198693.024279 	 198693.024279 	 0.098901 	 19057108.332385 	 53.406617 	 198517.373550 
5 	 97 	 198693.024279 	 198693.024279 	 0.098901 	 19255625.705935 	 53.406617 	 198517.373550 
5 	 98 	 198693.024279 	 198693.024279 	 0.098901 	 19454143.079485 	 53.406617 	 198517.373550 
5 	 99 	 198693.024279 	 198693.024279 	 0.098901 	 19652660.453035 	 53.406617 	 198517.373550 
5 	 100 	 198693.024279 	 198693.024279 	 0.098901 	 19851177.826585 	 53.406617 	 198517.373550 
5 	 101 	 198693.024279 	 198693.024279 	 0.098901 	 20049695.200134 	 53.406617 	 198517.373550 
5 	 102 	 198693.024279 	 198693.024279 	 0.098901 	 20248212.573684 	 53.406617 	 198517.373550 
5 	 103 	 198693.024279 	 198693.024279 	 0.098901 	 20446729.947234 	 53.406617 	 198517.373550 
5 	 104 	 198693.024279 	 198693.024279 	 0.098901 	 20645247.320784 	 53.406617 	 198517.373550 
