1 	 1 	 26322.535632 	 26322.535632 	  0.044444  
2 	 1 	 648370.582800 	 648370.582800 	  0.246753  
3 	 1 	 475548.455889 	 475548.455889 	  0.561644  
4 	 1 	 1655907.238429 	 1655907.238429 	  0.793103  
5 	 1 	 198134.615357 	 198134.615357 	  0.098901  
6 	 1 	 1174497.518322 	 1174497.518322 	  0.822222  
7 	 1 	 636922.349001 	 636922.349001 	  0.437500  
1 	 2 	 30071.796446 	 30071.796446 	  0.044444  
2 	 2 	 660913.227798 	 660913.227798 	  0.246753  
3 	 2 	 475652.656464 	 475652.656464 	  0.561644  
4 	 2 	 1677350.280869 	 1677350.280869 	  0.793103  
5 	 2 	 198352.100558 	 198352.100558 	  0.098901  
6 	 2 	 1182466.026389 	 1182466.026389 	  0.822222  
7 	 2 	 637287.707343 	 637287.707343 	  0.437500  
1 	 3 	 30311.895895 	 30311.895895 	  0.044444  
2 	 3 	 674603.004637 	 674603.004637 	  0.246753  
3 	 3 	 475759.152385 	 475759.152385 	  0.561644  
4 	 3 	 1677612.980464 	 1677612.980464 	  0.793103  
5 	 3 	 198691.033581 	 198691.033581 	  0.098901  
6 	 3 	 1183163.783620 	 1183163.783620 	  0.822222  
7 	 3 	 642354.399295 	 642354.399295 	  0.437500  
1 	 4 	 30313.743892 	 30313.743892 	  0.044444  
2 	 4 	 674694.971081 	 674694.971081 	  0.246753  
3 	 4 	 475763.747332 	 475763.747332 	  0.561644  
4 	 4 	 1677612.980464 	 1677612.980464 	  0.793103  
5 	 4 	 198693.024279 	 198693.024279 	  0.098901  
6 	 4 	 1183387.784378 	 1183387.784378 	  0.822222  
7 	 4 	 642354.399295 	 642354.399295 	  0.437500  
1 	 5 	 30313.743892 	 30313.743892 	  0.044444  
2 	 5 	 674694.971081 	 674694.971081 	  0.246753  
3 	 5 	 475763.747332 	 475763.747332 	  0.561644  
4 	 5 	 1677612.980464 	 1677612.980464 	  0.793103  
5 	 5 	 198693.024279 	 198693.024279 	  0.098901  
6 	 5 	 1183387.784378 	 1183387.784378 	  0.822222  
7 	 5 	 642354.399295 	 642354.399295 	  0.437500  
1 	 6 	 30313.743892 	 30313.743892 	  0.044444  
2 	 6 	 674694.971081 	 674694.971081 	  0.246753  
3 	 6 	 475763.747332 	 475763.747332 	  0.561644  
4 	 6 	 1677612.980464 	 1677612.980464 	  0.793103  
5 	 6 	 198693.024279 	 198693.024279 	  0.098901  
6 	 6 	 1183387.784378 	 1183387.784378 	  0.822222  
7 	 6 	 642354.399295 	 642354.399295 	  0.437500  
1 	 7 	 30313.743892 	 30313.743892 	  0.044444  
2 	 7 	 674694.971081 	 674694.971081 	  0.246753  
3 	 7 	 475763.747332 	 475763.747332 	  0.561644  
4 	 7 	 1677612.980464 	 1677612.980464 	  0.793103  
5 	 7 	 198693.024279 	 198693.024279 	  0.098901  
6 	 7 	 1183387.784378 	 1183387.784378 	  0.822222  
7 	 7 	 642354.399295 	 642354.399295 	  0.437500  
1 	 8 	 30313.743892 	 30313.743892 	  0.044444  
2 	 8 	 674694.971081 	 674694.971081 	  0.246753  
3 	 8 	 475763.747332 	 475763.747332 	  0.561644  
4 	 8 	 1677612.980464 	 1677612.980464 	  0.793103  
5 	 8 	 198693.024279 	 198693.024279 	  0.098901  
6 	 8 	 1183387.784378 	 1183387.784378 	  0.822222  
7 	 8 	 642354.399295 	 642354.399295 	  0.437500  
1 	 9 	 30313.743892 	 30313.743892 	  0.044444  
2 	 9 	 674694.971081 	 674694.971081 	  0.246753  
3 	 9 	 475763.747332 	 475763.747332 	  0.561644  
4 	 9 	 1677612.980464 	 1677612.980464 	  0.793103  
5 	 9 	 198693.024279 	 198693.024279 	  0.098901  
6 	 9 	 1183387.784378 	 1183387.784378 	  0.822222  
7 	 9 	 642354.399295 	 642354.399295 	  0.437500  
1 	 10 	 30313.743892 	 30313.743892 	  0.044444  
2 	 10 	 674694.971081 	 674694.971081 	  0.246753  
3 	 10 	 475763.747332 	 475763.747332 	  0.561644  
4 	 10 	 1677612.980464 	 1677612.980464 	  0.793103  
5 	 10 	 198693.024279 	 198693.024279 	  0.098901  
6 	 10 	 1183387.784378 	 1183387.784378 	  0.822222  
7 	 10 	 642354.399295 	 642354.399295 	  0.437500  
1 	 11 	 30313.743892 	 30313.743892 	  0.044444  
2 	 11 	 674694.971081 	 674694.971081 	  0.246753  
3 	 11 	 475763.747332 	 475763.747332 	  0.561644  
4 	 11 	 1677612.980464 	 1677612.980464 	  0.793103  
5 	 11 	 198693.024279 	 198693.024279 	  0.098901  
6 	 11 	 1183387.784378 	 1183387.784378 	  0.822222  
7 	 11 	 642354.399295 	 642354.399295 	  0.437500  
1 	 12 	 30313.743892 	 30313.743892 	  0.044444  
2 	 12 	 674694.971081 	 674694.971081 	  0.246753  
3 	 12 	 475763.747332 	 475763.747332 	  0.561644  
4 	 12 	 1677612.980464 	 1677612.980464 	  0.793103  
5 	 12 	 198693.024279 	 198693.024279 	  0.098901  
6 	 12 	 1183387.784378 	 1183387.784378 	  0.822222  
7 	 12 	 642354.399295 	 642354.399295 	  0.437500  
1 	 13 	 30313.743892 	 30313.743892 	  0.044444  
2 	 13 	 674694.971081 	 674694.971081 	  0.246753  
3 	 13 	 475763.747332 	 475763.747332 	  0.561644  
4 	 13 	 1677612.980464 	 1677612.980464 	  0.793103  
5 	 13 	 198693.024279 	 198693.024279 	  0.098901  
6 	 13 	 1183387.784378 	 1183387.784378 	  0.822222  
7 	 13 	 642354.399295 	 642354.399295 	  0.437500  
1 	 14 	 30313.743892 	 30313.743892 	  0.044444  
2 	 14 	 674694.971081 	 674694.971081 	  0.246753  
3 	 14 	 475763.747332 	 475763.747332 	  0.561644  
4 	 14 	 1677612.980464 	 1677612.980464 	  0.793103  
5 	 14 	 198693.024279 	 198693.024279 	  0.098901  
6 	 14 	 1183387.784378 	 1183387.784378 	  0.822222  
7 	 14 	 642354.399295 	 642354.399295 	  0.437500  
1 	 15 	 30313.743892 	 30313.743892 	  0.044444  
2 	 15 	 674694.971081 	 674694.971081 	  0.246753  
3 	 15 	 475763.747332 	 475763.747332 	  0.561644  
4 	 15 	 1677612.980464 	 1677612.980464 	  0.793103  
5 	 15 	 198693.024279 	 198693.024279 	  0.098901  
6 	 15 	 1183387.784378 	 1183387.784378 	  0.822222  
7 	 15 	 642354.399295 	 642354.399295 	  0.437500  
1 	 16 	 30313.743892 	 30313.743892 	  0.044444  
2 	 16 	 674694.971081 	 674694.971081 	  0.246753  
3 	 16 	 475763.747332 	 475763.747332 	  0.561644  
4 	 16 	 1677612.980464 	 1677612.980464 	  0.793103  
5 	 16 	 198693.024279 	 198693.024279 	  0.098901  
6 	 16 	 1183387.784378 	 1183387.784378 	  0.822222  
7 	 16 	 642354.399295 	 642354.399295 	  0.437500  
1 	 17 	 30313.743892 	 30313.743892 	  0.044444  
2 	 17 	 674694.971081 	 674694.971081 	  0.246753  
3 	 17 	 475763.747332 	 475763.747332 	  0.561644  
4 	 17 	 1677612.980464 	 1677612.980464 	  0.793103  
5 	 17 	 198693.024279 	 198693.024279 	  0.098901  
6 	 17 	 1183387.784378 	 1183387.784378 	  0.822222  
7 	 17 	 642354.399295 	 642354.399295 	  0.437500  
1 	 18 	 30313.743892 	 30313.743892 	  0.044444  
2 	 18 	 674694.971081 	 674694.971081 	  0.246753  
3 	 18 	 475763.747332 	 475763.747332 	  0.561644  
4 	 18 	 1677612.980464 	 1677612.980464 	  0.793103  
5 	 18 	 198693.024279 	 198693.024279 	  0.098901  
6 	 18 	 1183387.784378 	 1183387.784378 	  0.822222  
7 	 18 	 642354.399295 	 642354.399295 	  0.437500  
1 	 19 	 30313.743892 	 30313.743892 	  0.044444  
2 	 19 	 674694.971081 	 674694.971081 	  0.246753  
3 	 19 	 475763.747332 	 475763.747332 	  0.561644  
4 	 19 	 1677612.980464 	 1677612.980464 	  0.793103  
5 	 19 	 198693.024279 	 198693.024279 	  0.098901  
6 	 19 	 1183387.784378 	 1183387.784378 	  0.822222  
7 	 19 	 642354.399295 	 642354.399295 	  0.437500  
1 	 20 	 30313.743892 	 30313.743892 	  0.044444  
2 	 20 	 674694.971081 	 674694.971081 	  0.246753  
3 	 20 	 475763.747332 	 475763.747332 	  0.561644  
4 	 20 	 1677612.980464 	 1677612.980464 	  0.793103  
5 	 20 	 198693.024279 	 198693.024279 	  0.098901  
6 	 20 	 1183387.784378 	 1183387.784378 	  0.822222  
7 	 20 	 642354.399295 	 642354.399295 	  0.437500  
1 	 21 	 30313.743892 	 30313.743892 	  0.044444  
2 	 21 	 674694.971081 	 674694.971081 	  0.246753  
3 	 21 	 475763.747332 	 475763.747332 	  0.561644  
4 	 21 	 1677612.980464 	 1677612.980464 	  0.793103  
5 	 21 	 198693.024279 	 198693.024279 	  0.098901  
6 	 21 	 1183387.784378 	 1183387.784378 	  0.822222  
7 	 21 	 642354.399295 	 642354.399295 	  0.437500  
1 	 22 	 30313.743892 	 30313.743892 	  0.044444  
2 	 22 	 674694.971081 	 674694.971081 	  0.246753  
3 	 22 	 475763.747332 	 475763.747332 	  0.561644  
4 	 22 	 1677612.980464 	 1677612.980464 	  0.793103  
5 	 22 	 198693.024279 	 198693.024279 	  0.098901  
6 	 22 	 1183387.784378 	 1183387.784378 	  0.822222  
7 	 22 	 642354.399295 	 642354.399295 	  0.437500  
1 	 23 	 30313.743892 	 30313.743892 	  0.044444  
2 	 23 	 674694.971081 	 674694.971081 	  0.246753  
3 	 23 	 475763.747332 	 475763.747332 	  0.561644  
4 	 23 	 1677612.980464 	 1677612.980464 	  0.793103  
5 	 23 	 198693.024279 	 198693.024279 	  0.098901  
6 	 23 	 1183387.784378 	 1183387.784378 	  0.822222  
7 	 23 	 642354.399295 	 642354.399295 	  0.437500  
1 	 24 	 30313.743892 	 30313.743892 	  0.044444  
2 	 24 	 674694.971081 	 674694.971081 	  0.246753  
3 	 24 	 475763.747332 	 475763.747332 	  0.561644  
4 	 24 	 1677612.980464 	 1677612.980464 	  0.793103  
5 	 24 	 198693.024279 	 198693.024279 	  0.098901  
6 	 24 	 1183387.784378 	 1183387.784378 	  0.822222  
7 	 24 	 642354.399295 	 642354.399295 	  0.437500  
1 	 25 	 30313.743892 	 30313.743892 	  0.044444  
2 	 25 	 674694.971081 	 674694.971081 	  0.246753  
3 	 25 	 475763.747332 	 475763.747332 	  0.561644  
4 	 25 	 1677612.980464 	 1677612.980464 	  0.793103  
5 	 25 	 198693.024279 	 198693.024279 	  0.098901  
6 	 25 	 1183387.784378 	 1183387.784378 	  0.822222  
7 	 25 	 642354.399295 	 642354.399295 	  0.437500  
1 	 26 	 30313.743892 	 30313.743892 	  0.044444  
2 	 26 	 674694.971081 	 674694.971081 	  0.246753  
3 	 26 	 475763.747332 	 475763.747332 	  0.561644  
4 	 26 	 1677612.980464 	 1677612.980464 	  0.793103  
5 	 26 	 198693.024279 	 198693.024279 	  0.098901  
6 	 26 	 1183387.784378 	 1183387.784378 	  0.822222  
7 	 26 	 642354.399295 	 642354.399295 	  0.437500  
1 	 27 	 30313.743892 	 30313.743892 	  0.044444  
2 	 27 	 674694.971081 	 674694.971081 	  0.246753  
3 	 27 	 475763.747332 	 475763.747332 	  0.561644  
4 	 27 	 1677612.980464 	 1677612.980464 	  0.793103  
5 	 27 	 198693.024279 	 198693.024279 	  0.098901  
6 	 27 	 1183387.784378 	 1183387.784378 	  0.822222  
7 	 27 	 642354.399295 	 642354.399295 	  0.437500  
1 	 28 	 30313.743892 	 30313.743892 	  0.044444  
2 	 28 	 674694.971081 	 674694.971081 	  0.246753  
3 	 28 	 475763.747332 	 475763.747332 	  0.561644  
4 	 28 	 1677612.980464 	 1677612.980464 	  0.793103  
5 	 28 	 198693.024279 	 198693.024279 	  0.098901  
6 	 28 	 1183387.784378 	 1183387.784378 	  0.822222  
7 	 28 	 642354.399295 	 642354.399295 	  0.437500  
1 	 29 	 30313.743892 	 30313.743892 	  0.044444  
2 	 29 	 674694.971081 	 674694.971081 	  0.246753  
3 	 29 	 475763.747332 	 475763.747332 	  0.561644  
4 	 29 	 1677612.980464 	 1677612.980464 	  0.793103  
5 	 29 	 198693.024279 	 198693.024279 	  0.098901  
6 	 29 	 1183387.784378 	 1183387.784378 	  0.822222  
7 	 29 	 642354.399295 	 642354.399295 	  0.437500  
1 	 30 	 30313.743892 	 30313.743892 	  0.044444  
2 	 30 	 674694.971081 	 674694.971081 	  0.246753  
3 	 30 	 475763.747332 	 475763.747332 	  0.561644  
4 	 30 	 1677612.980464 	 1677612.980464 	  0.793103  
5 	 30 	 198693.024279 	 198693.024279 	  0.098901  
6 	 30 	 1183387.784378 	 1183387.784378 	  0.822222  
7 	 30 	 642354.399295 	 642354.399295 	  0.437500  
1 	 31 	 30313.743892 	 30313.743892 	  0.044444  
2 	 31 	 674694.971081 	 674694.971081 	  0.246753  
3 	 31 	 475763.747332 	 475763.747332 	  0.561644  
4 	 31 	 1677612.980464 	 1677612.980464 	  0.793103  
5 	 31 	 198693.024279 	 198693.024279 	  0.098901  
6 	 31 	 1183387.784378 	 1183387.784378 	  0.822222  
7 	 31 	 642354.399295 	 642354.399295 	  0.437500  
1 	 32 	 30313.743892 	 30313.743892 	  0.044444  
2 	 32 	 674694.971081 	 674694.971081 	  0.246753  
3 	 32 	 475763.747332 	 475763.747332 	  0.561644  
4 	 32 	 1677612.980464 	 1677612.980464 	  0.793103  
5 	 32 	 198693.024279 	 198693.024279 	  0.098901  
6 	 32 	 1183387.784378 	 1183387.784378 	  0.822222  
7 	 32 	 642354.399295 	 642354.399295 	  0.437500  
1 	 33 	 30313.743892 	 30313.743892 	  0.044444  
2 	 33 	 674694.971081 	 674694.971081 	  0.246753  
3 	 33 	 475763.747332 	 475763.747332 	  0.561644  
4 	 33 	 1677612.980464 	 1677612.980464 	  0.793103  
5 	 33 	 198693.024279 	 198693.024279 	  0.098901  
6 	 33 	 1183387.784378 	 1183387.784378 	  0.822222  
7 	 33 	 642354.399295 	 642354.399295 	  0.437500  
1 	 34 	 30313.743892 	 30313.743892 	  0.044444  
2 	 34 	 674694.971081 	 674694.971081 	  0.246753  
3 	 34 	 475763.747332 	 475763.747332 	  0.561644  
4 	 34 	 1677612.980464 	 1677612.980464 	  0.793103  
5 	 34 	 198693.024279 	 198693.024279 	  0.098901  
6 	 34 	 1183387.784378 	 1183387.784378 	  0.822222  
7 	 34 	 642354.399295 	 642354.399295 	  0.437500  
1 	 35 	 30313.743892 	 30313.743892 	  0.044444  
2 	 35 	 674694.971081 	 674694.971081 	  0.246753  
3 	 35 	 475763.747332 	 475763.747332 	  0.561644  
4 	 35 	 1677612.980464 	 1677612.980464 	  0.793103  
5 	 35 	 198693.024279 	 198693.024279 	  0.098901  
6 	 35 	 1183387.784378 	 1183387.784378 	  0.822222  
7 	 35 	 642354.399295 	 642354.399295 	  0.437500  
1 	 36 	 30313.743892 	 30313.743892 	  0.044444  
2 	 36 	 674694.971081 	 674694.971081 	  0.246753  
3 	 36 	 475763.747332 	 475763.747332 	  0.561644  
4 	 36 	 1677612.980464 	 1677612.980464 	  0.793103  
5 	 36 	 198693.024279 	 198693.024279 	  0.098901  
6 	 36 	 1183387.784378 	 1183387.784378 	  0.822222  
7 	 36 	 642354.399295 	 642354.399295 	  0.437500  
1 	 37 	 30313.743892 	 30313.743892 	  0.044444  
2 	 37 	 674694.971081 	 674694.971081 	  0.246753  
3 	 37 	 475763.747332 	 475763.747332 	  0.561644  
4 	 37 	 1677612.980464 	 1677612.980464 	  0.793103  
5 	 37 	 198693.024279 	 198693.024279 	  0.098901  
6 	 37 	 1183387.784378 	 1183387.784378 	  0.822222  
7 	 37 	 642354.399295 	 642354.399295 	  0.437500  
1 	 38 	 30313.743892 	 30313.743892 	  0.044444  
2 	 38 	 674694.971081 	 674694.971081 	  0.246753  
3 	 38 	 475763.747332 	 475763.747332 	  0.561644  
4 	 38 	 1677612.980464 	 1677612.980464 	  0.793103  
5 	 38 	 198693.024279 	 198693.024279 	  0.098901  
6 	 38 	 1183387.784378 	 1183387.784378 	  0.822222  
7 	 38 	 642354.399295 	 642354.399295 	  0.437500  
1 	 39 	 30313.743892 	 30313.743892 	  0.044444  
2 	 39 	 674694.971081 	 674694.971081 	  0.246753  
3 	 39 	 475763.747332 	 475763.747332 	  0.561644  
4 	 39 	 1677612.980464 	 1677612.980464 	  0.793103  
5 	 39 	 198693.024279 	 198693.024279 	  0.098901  
6 	 39 	 1183387.784378 	 1183387.784378 	  0.822222  
7 	 39 	 642354.399295 	 642354.399295 	  0.437500  
1 	 40 	 30313.743892 	 30313.743892 	  0.044444  
2 	 40 	 674694.971081 	 674694.971081 	  0.246753  
3 	 40 	 475763.747332 	 475763.747332 	  0.561644  
4 	 40 	 1677612.980464 	 1677612.980464 	  0.793103  
5 	 40 	 198693.024279 	 198693.024279 	  0.098901  
6 	 40 	 1183387.784378 	 1183387.784378 	  0.822222  
7 	 40 	 642354.399295 	 642354.399295 	  0.437500  
1 	 41 	 30313.743892 	 30313.743892 	  0.044444  
2 	 41 	 674694.971081 	 674694.971081 	  0.246753  
3 	 41 	 475763.747332 	 475763.747332 	  0.561644  
4 	 41 	 1677612.980464 	 1677612.980464 	  0.793103  
5 	 41 	 198693.024279 	 198693.024279 	  0.098901  
6 	 41 	 1183387.784378 	 1183387.784378 	  0.822222  
7 	 41 	 642354.399295 	 642354.399295 	  0.437500  
1 	 42 	 30313.743892 	 30313.743892 	  0.044444  
2 	 42 	 674694.971081 	 674694.971081 	  0.246753  
3 	 42 	 475763.747332 	 475763.747332 	  0.561644  
4 	 42 	 1677612.980464 	 1677612.980464 	  0.793103  
5 	 42 	 198693.024279 	 198693.024279 	  0.098901  
6 	 42 	 1183387.784378 	 1183387.784378 	  0.822222  
7 	 42 	 642354.399295 	 642354.399295 	  0.437500  
1 	 43 	 30313.743892 	 30313.743892 	  0.044444  
2 	 43 	 674694.971081 	 674694.971081 	  0.246753  
3 	 43 	 475763.747332 	 475763.747332 	  0.561644  
4 	 43 	 1677612.980464 	 1677612.980464 	  0.793103  
5 	 43 	 198693.024279 	 198693.024279 	  0.098901  
6 	 43 	 1183387.784378 	 1183387.784378 	  0.822222  
7 	 43 	 642354.399295 	 642354.399295 	  0.437500  
1 	 44 	 30313.743892 	 30313.743892 	  0.044444  
2 	 44 	 674694.971081 	 674694.971081 	  0.246753  
3 	 44 	 475763.747332 	 475763.747332 	  0.561644  
4 	 44 	 1677612.980464 	 1677612.980464 	  0.793103  
5 	 44 	 198693.024279 	 198693.024279 	  0.098901  
6 	 44 	 1183387.784378 	 1183387.784378 	  0.822222  
7 	 44 	 642354.399295 	 642354.399295 	  0.437500  
1 	 45 	 30313.743892 	 30313.743892 	  0.044444  
2 	 45 	 674694.971081 	 674694.971081 	  0.246753  
3 	 45 	 475763.747332 	 475763.747332 	  0.561644  
4 	 45 	 1677612.980464 	 1677612.980464 	  0.793103  
5 	 45 	 198693.024279 	 198693.024279 	  0.098901  
6 	 45 	 1183387.784378 	 1183387.784378 	  0.822222  
7 	 45 	 642354.399295 	 642354.399295 	  0.437500  
1 	 46 	 30313.743892 	 30313.743892 	  0.044444  
2 	 46 	 674694.971081 	 674694.971081 	  0.246753  
3 	 46 	 475763.747332 	 475763.747332 	  0.561644  
4 	 46 	 1677612.980464 	 1677612.980464 	  0.793103  
5 	 46 	 198693.024279 	 198693.024279 	  0.098901  
6 	 46 	 1183387.784378 	 1183387.784378 	  0.822222  
7 	 46 	 642354.399295 	 642354.399295 	  0.437500  
1 	 47 	 30313.743892 	 30313.743892 	  0.044444  
2 	 47 	 674694.971081 	 674694.971081 	  0.246753  
3 	 47 	 475763.747332 	 475763.747332 	  0.561644  
4 	 47 	 1677612.980464 	 1677612.980464 	  0.793103  
5 	 47 	 198693.024279 	 198693.024279 	  0.098901  
6 	 47 	 1183387.784378 	 1183387.784378 	  0.822222  
7 	 47 	 642354.399295 	 642354.399295 	  0.437500  
1 	 48 	 30313.743892 	 30313.743892 	  0.044444  
2 	 48 	 674694.971081 	 674694.971081 	  0.246753  
3 	 48 	 475763.747332 	 475763.747332 	  0.561644  
4 	 48 	 1677612.980464 	 1677612.980464 	  0.793103  
5 	 48 	 198693.024279 	 198693.024279 	  0.098901  
6 	 48 	 1183387.784378 	 1183387.784378 	  0.822222  
7 	 48 	 642354.399295 	 642354.399295 	  0.437500  
1 	 49 	 30313.743892 	 30313.743892 	  0.044444  
2 	 49 	 674694.971081 	 674694.971081 	  0.246753  
3 	 49 	 475763.747332 	 475763.747332 	  0.561644  
4 	 49 	 1677612.980464 	 1677612.980464 	  0.793103  
5 	 49 	 198693.024279 	 198693.024279 	  0.098901  
6 	 49 	 1183387.784378 	 1183387.784378 	  0.822222  
7 	 49 	 642354.399295 	 642354.399295 	  0.437500  
1 	 50 	 30313.743892 	 30313.743892 	  0.044444  
2 	 50 	 674694.971081 	 674694.971081 	  0.246753  
3 	 50 	 475763.747332 	 475763.747332 	  0.561644  
4 	 50 	 1677612.980464 	 1677612.980464 	  0.793103  
5 	 50 	 198693.024279 	 198693.024279 	  0.098901  
6 	 50 	 1183387.784378 	 1183387.784378 	  0.822222  
7 	 50 	 642354.399295 	 642354.399295 	  0.437500  
1 	 51 	 30313.743892 	 30313.743892 	  0.044444  
2 	 51 	 674694.971081 	 674694.971081 	  0.246753  
3 	 51 	 475763.747332 	 475763.747332 	  0.561644  
4 	 51 	 1677612.980464 	 1677612.980464 	  0.793103  
5 	 51 	 198693.024279 	 198693.024279 	  0.098901  
6 	 51 	 1183387.784378 	 1183387.784378 	  0.822222  
7 	 51 	 642354.399295 	 642354.399295 	  0.437500  
1 	 52 	 30313.743892 	 30313.743892 	  0.044444  
2 	 52 	 674694.971081 	 674694.971081 	  0.246753  
3 	 52 	 475763.747332 	 475763.747332 	  0.561644  
4 	 52 	 1677612.980464 	 1677612.980464 	  0.793103  
5 	 52 	 198693.024279 	 198693.024279 	  0.098901  
6 	 52 	 1183387.784378 	 1183387.784378 	  0.822222  
7 	 52 	 642354.399295 	 642354.399295 	  0.437500  
1 	 53 	 30313.743892 	 30313.743892 	  0.044444  
2 	 53 	 674694.971081 	 674694.971081 	  0.246753  
3 	 53 	 475763.747332 	 475763.747332 	  0.561644  
4 	 53 	 1677612.980464 	 1677612.980464 	  0.793103  
5 	 53 	 198693.024279 	 198693.024279 	  0.098901  
6 	 53 	 1183387.784378 	 1183387.784378 	  0.822222  
7 	 53 	 642354.399295 	 642354.399295 	  0.437500  
1 	 54 	 30313.743892 	 30313.743892 	  0.044444  
2 	 54 	 674694.971081 	 674694.971081 	  0.246753  
3 	 54 	 475763.747332 	 475763.747332 	  0.561644  
4 	 54 	 1677612.980464 	 1677612.980464 	  0.793103  
5 	 54 	 198693.024279 	 198693.024279 	  0.098901  
6 	 54 	 1183387.784378 	 1183387.784378 	  0.822222  
7 	 54 	 642354.399295 	 642354.399295 	  0.437500  
1 	 55 	 30313.743892 	 30313.743892 	  0.044444  
2 	 55 	 674694.971081 	 674694.971081 	  0.246753  
3 	 55 	 475763.747332 	 475763.747332 	  0.561644  
4 	 55 	 1677612.980464 	 1677612.980464 	  0.793103  
5 	 55 	 198693.024279 	 198693.024279 	  0.098901  
6 	 55 	 1183387.784378 	 1183387.784378 	  0.822222  
7 	 55 	 642354.399295 	 642354.399295 	  0.437500  
1 	 56 	 30313.743892 	 30313.743892 	  0.044444  
2 	 56 	 674694.971081 	 674694.971081 	  0.246753  
3 	 56 	 475763.747332 	 475763.747332 	  0.561644  
4 	 56 	 1677612.980464 	 1677612.980464 	  0.793103  
5 	 56 	 198693.024279 	 198693.024279 	  0.098901  
6 	 56 	 1183387.784378 	 1183387.784378 	  0.822222  
7 	 56 	 642354.399295 	 642354.399295 	  0.437500  
1 	 57 	 30313.743892 	 30313.743892 	  0.044444  
2 	 57 	 674694.971081 	 674694.971081 	  0.246753  
3 	 57 	 475763.747332 	 475763.747332 	  0.561644  
4 	 57 	 1677612.980464 	 1677612.980464 	  0.793103  
5 	 57 	 198693.024279 	 198693.024279 	  0.098901  
6 	 57 	 1183387.784378 	 1183387.784378 	  0.822222  
7 	 57 	 642354.399295 	 642354.399295 	  0.437500  
1 	 58 	 30313.743892 	 30313.743892 	  0.044444  
2 	 58 	 674694.971081 	 674694.971081 	  0.246753  
3 	 58 	 475763.747332 	 475763.747332 	  0.561644  
4 	 58 	 1677612.980464 	 1677612.980464 	  0.793103  
5 	 58 	 198693.024279 	 198693.024279 	  0.098901  
6 	 58 	 1183387.784378 	 1183387.784378 	  0.822222  
7 	 58 	 642354.399295 	 642354.399295 	  0.437500  
1 	 59 	 30313.743892 	 30313.743892 	  0.044444  
2 	 59 	 674694.971081 	 674694.971081 	  0.246753  
3 	 59 	 475763.747332 	 475763.747332 	  0.561644  
4 	 59 	 1677612.980464 	 1677612.980464 	  0.793103  
5 	 59 	 198693.024279 	 198693.024279 	  0.098901  
6 	 59 	 1183387.784378 	 1183387.784378 	  0.822222  
7 	 59 	 642354.399295 	 642354.399295 	  0.437500  
1 	 60 	 30313.743892 	 30313.743892 	  0.044444  
2 	 60 	 674694.971081 	 674694.971081 	  0.246753  
3 	 60 	 475763.747332 	 475763.747332 	  0.561644  
4 	 60 	 1677612.980464 	 1677612.980464 	  0.793103  
5 	 60 	 198693.024279 	 198693.024279 	  0.098901  
6 	 60 	 1183387.784378 	 1183387.784378 	  0.822222  
7 	 60 	 642354.399295 	 642354.399295 	  0.437500  
1 	 61 	 30313.743892 	 30313.743892 	  0.044444  
2 	 61 	 674694.971081 	 674694.971081 	  0.246753  
3 	 61 	 475763.747332 	 475763.747332 	  0.561644  
4 	 61 	 1677612.980464 	 1677612.980464 	  0.793103  
5 	 61 	 198693.024279 	 198693.024279 	  0.098901  
6 	 61 	 1183387.784378 	 1183387.784378 	  0.822222  
7 	 61 	 642354.399295 	 642354.399295 	  0.437500  
1 	 62 	 30313.743892 	 30313.743892 	  0.044444  
2 	 62 	 674694.971081 	 674694.971081 	  0.246753  
3 	 62 	 475763.747332 	 475763.747332 	  0.561644  
4 	 62 	 1677612.980464 	 1677612.980464 	  0.793103  
5 	 62 	 198693.024279 	 198693.024279 	  0.098901  
6 	 62 	 1183387.784378 	 1183387.784378 	  0.822222  
7 	 62 	 642354.399295 	 642354.399295 	  0.437500  
1 	 63 	 30313.743892 	 30313.743892 	  0.044444  
2 	 63 	 674694.971081 	 674694.971081 	  0.246753  
3 	 63 	 475763.747332 	 475763.747332 	  0.561644  
4 	 63 	 1677612.980464 	 1677612.980464 	  0.793103  
5 	 63 	 198693.024279 	 198693.024279 	  0.098901  
6 	 63 	 1183387.784378 	 1183387.784378 	  0.822222  
7 	 63 	 642354.399295 	 642354.399295 	  0.437500  
1 	 64 	 30313.743892 	 30313.743892 	  0.044444  
2 	 64 	 674694.971081 	 674694.971081 	  0.246753  
3 	 64 	 475763.747332 	 475763.747332 	  0.561644  
4 	 64 	 1677612.980464 	 1677612.980464 	  0.793103  
5 	 64 	 198693.024279 	 198693.024279 	  0.098901  
6 	 64 	 1183387.784378 	 1183387.784378 	  0.822222  
7 	 64 	 642354.399295 	 642354.399295 	  0.437500  
1 	 65 	 30313.743892 	 30313.743892 	  0.044444  
2 	 65 	 674694.971081 	 674694.971081 	  0.246753  
3 	 65 	 475763.747332 	 475763.747332 	  0.561644  
4 	 65 	 1677612.980464 	 1677612.980464 	  0.793103  
5 	 65 	 198693.024279 	 198693.024279 	  0.098901  
6 	 65 	 1183387.784378 	 1183387.784378 	  0.822222  
7 	 65 	 642354.399295 	 642354.399295 	  0.437500  
1 	 66 	 30313.743892 	 30313.743892 	  0.044444  
2 	 66 	 674694.971081 	 674694.971081 	  0.246753  
3 	 66 	 475763.747332 	 475763.747332 	  0.561644  
4 	 66 	 1677612.980464 	 1677612.980464 	  0.793103  
5 	 66 	 198693.024279 	 198693.024279 	  0.098901  
6 	 66 	 1183387.784378 	 1183387.784378 	  0.822222  
7 	 66 	 642354.399295 	 642354.399295 	  0.437500  
1 	 67 	 30313.743892 	 30313.743892 	  0.044444  
2 	 67 	 674694.971081 	 674694.971081 	  0.246753  
3 	 67 	 475763.747332 	 475763.747332 	  0.561644  
4 	 67 	 1677612.980464 	 1677612.980464 	  0.793103  
5 	 67 	 198693.024279 	 198693.024279 	  0.098901  
6 	 67 	 1183387.784378 	 1183387.784378 	  0.822222  
7 	 67 	 642354.399295 	 642354.399295 	  0.437500  
1 	 68 	 30313.743892 	 30313.743892 	  0.044444  
2 	 68 	 674694.971081 	 674694.971081 	  0.246753  
3 	 68 	 475763.747332 	 475763.747332 	  0.561644  
4 	 68 	 1677612.980464 	 1677612.980464 	  0.793103  
5 	 68 	 198693.024279 	 198693.024279 	  0.098901  
6 	 68 	 1183387.784378 	 1183387.784378 	  0.822222  
7 	 68 	 642354.399295 	 642354.399295 	  0.437500  
1 	 69 	 30313.743892 	 30313.743892 	  0.044444  
2 	 69 	 674694.971081 	 674694.971081 	  0.246753  
3 	 69 	 475763.747332 	 475763.747332 	  0.561644  
4 	 69 	 1677612.980464 	 1677612.980464 	  0.793103  
5 	 69 	 198693.024279 	 198693.024279 	  0.098901  
6 	 69 	 1183387.784378 	 1183387.784378 	  0.822222  
7 	 69 	 642354.399295 	 642354.399295 	  0.437500  
1 	 70 	 30313.743892 	 30313.743892 	  0.044444  
2 	 70 	 674694.971081 	 674694.971081 	  0.246753  
3 	 70 	 475763.747332 	 475763.747332 	  0.561644  
4 	 70 	 1677612.980464 	 1677612.980464 	  0.793103  
5 	 70 	 198693.024279 	 198693.024279 	  0.098901  
6 	 70 	 1183387.784378 	 1183387.784378 	  0.822222  
7 	 70 	 642354.399295 	 642354.399295 	  0.437500  
1 	 71 	 30313.743892 	 30313.743892 	  0.044444  
2 	 71 	 674694.971081 	 674694.971081 	  0.246753  
3 	 71 	 475763.747332 	 475763.747332 	  0.561644  
4 	 71 	 1677612.980464 	 1677612.980464 	  0.793103  
5 	 71 	 198693.024279 	 198693.024279 	  0.098901  
6 	 71 	 1183387.784378 	 1183387.784378 	  0.822222  
7 	 71 	 642354.399295 	 642354.399295 	  0.437500  
1 	 72 	 30313.743892 	 30313.743892 	  0.044444  
2 	 72 	 674694.971081 	 674694.971081 	  0.246753  
3 	 72 	 475763.747332 	 475763.747332 	  0.561644  
4 	 72 	 1677612.980464 	 1677612.980464 	  0.793103  
5 	 72 	 198693.024279 	 198693.024279 	  0.098901  
6 	 72 	 1183387.784378 	 1183387.784378 	  0.822222  
7 	 72 	 642354.399295 	 642354.399295 	  0.437500  
1 	 73 	 30313.743892 	 30313.743892 	  0.044444  
2 	 73 	 674694.971081 	 674694.971081 	  0.246753  
3 	 73 	 475763.747332 	 475763.747332 	  0.561644  
4 	 73 	 1677612.980464 	 1677612.980464 	  0.793103  
5 	 73 	 198693.024279 	 198693.024279 	  0.098901  
6 	 73 	 1183387.784378 	 1183387.784378 	  0.822222  
7 	 73 	 642354.399295 	 642354.399295 	  0.437500  
1 	 74 	 30313.743892 	 30313.743892 	  0.044444  
2 	 74 	 674694.971081 	 674694.971081 	  0.246753  
3 	 74 	 475763.747332 	 475763.747332 	  0.561644  
4 	 74 	 1677612.980464 	 1677612.980464 	  0.793103  
5 	 74 	 198693.024279 	 198693.024279 	  0.098901  
6 	 74 	 1183387.784378 	 1183387.784378 	  0.822222  
7 	 74 	 642354.399295 	 642354.399295 	  0.437500  
1 	 75 	 30313.743892 	 30313.743892 	  0.044444  
2 	 75 	 674694.971081 	 674694.971081 	  0.246753  
3 	 75 	 475763.747332 	 475763.747332 	  0.561644  
4 	 75 	 1677612.980464 	 1677612.980464 	  0.793103  
5 	 75 	 198693.024279 	 198693.024279 	  0.098901  
6 	 75 	 1183387.784378 	 1183387.784378 	  0.822222  
7 	 75 	 642354.399295 	 642354.399295 	  0.437500  
1 	 76 	 30313.743892 	 30313.743892 	  0.044444  
2 	 76 	 674694.971081 	 674694.971081 	  0.246753  
3 	 76 	 475763.747332 	 475763.747332 	  0.561644  
4 	 76 	 1677612.980464 	 1677612.980464 	  0.793103  
5 	 76 	 198693.024279 	 198693.024279 	  0.098901  
6 	 76 	 1183387.784378 	 1183387.784378 	  0.822222  
7 	 76 	 642354.399295 	 642354.399295 	  0.437500  
1 	 77 	 30313.743892 	 30313.743892 	  0.044444  
2 	 77 	 674694.971081 	 674694.971081 	  0.246753  
3 	 77 	 475763.747332 	 475763.747332 	  0.561644  
4 	 77 	 1677612.980464 	 1677612.980464 	  0.793103  
5 	 77 	 198693.024279 	 198693.024279 	  0.098901  
6 	 77 	 1183387.784378 	 1183387.784378 	  0.822222  
7 	 77 	 642354.399295 	 642354.399295 	  0.437500  
1 	 78 	 30313.743892 	 30313.743892 	  0.044444  
2 	 78 	 674694.971081 	 674694.971081 	  0.246753  
3 	 78 	 475763.747332 	 475763.747332 	  0.561644  
4 	 78 	 1677612.980464 	 1677612.980464 	  0.793103  
5 	 78 	 198693.024279 	 198693.024279 	  0.098901  
6 	 78 	 1183387.784378 	 1183387.784378 	  0.822222  
7 	 78 	 642354.399295 	 642354.399295 	  0.437500  
1 	 79 	 30313.743892 	 30313.743892 	  0.044444  
2 	 79 	 674694.971081 	 674694.971081 	  0.246753  
3 	 79 	 475763.747332 	 475763.747332 	  0.561644  
4 	 79 	 1677612.980464 	 1677612.980464 	  0.793103  
5 	 79 	 198693.024279 	 198693.024279 	  0.098901  
6 	 79 	 1183387.784378 	 1183387.784378 	  0.822222  
7 	 79 	 642354.399295 	 642354.399295 	  0.437500  
1 	 80 	 30313.743892 	 30313.743892 	  0.044444  
2 	 80 	 674694.971081 	 674694.971081 	  0.246753  
3 	 80 	 475763.747332 	 475763.747332 	  0.561644  
4 	 80 	 1677612.980464 	 1677612.980464 	  0.793103  
5 	 80 	 198693.024279 	 198693.024279 	  0.098901  
6 	 80 	 1183387.784378 	 1183387.784378 	  0.822222  
7 	 80 	 642354.399295 	 642354.399295 	  0.437500  
1 	 81 	 30313.743892 	 30313.743892 	  0.044444  
2 	 81 	 674694.971081 	 674694.971081 	  0.246753  
3 	 81 	 475763.747332 	 475763.747332 	  0.561644  
4 	 81 	 1677612.980464 	 1677612.980464 	  0.793103  
5 	 81 	 198693.024279 	 198693.024279 	  0.098901  
6 	 81 	 1183387.784378 	 1183387.784378 	  0.822222  
7 	 81 	 642354.399295 	 642354.399295 	  0.437500  
1 	 82 	 30313.743892 	 30313.743892 	  0.044444  
2 	 82 	 674694.971081 	 674694.971081 	  0.246753  
3 	 82 	 475763.747332 	 475763.747332 	  0.561644  
4 	 82 	 1677612.980464 	 1677612.980464 	  0.793103  
5 	 82 	 198693.024279 	 198693.024279 	  0.098901  
6 	 82 	 1183387.784378 	 1183387.784378 	  0.822222  
7 	 82 	 642354.399295 	 642354.399295 	  0.437500  
1 	 83 	 30313.743892 	 30313.743892 	  0.044444  
2 	 83 	 674694.971081 	 674694.971081 	  0.246753  
3 	 83 	 475763.747332 	 475763.747332 	  0.561644  
4 	 83 	 1677612.980464 	 1677612.980464 	  0.793103  
5 	 83 	 198693.024279 	 198693.024279 	  0.098901  
6 	 83 	 1183387.784378 	 1183387.784378 	  0.822222  
7 	 83 	 642354.399295 	 642354.399295 	  0.437500  
1 	 84 	 30313.743892 	 30313.743892 	  0.044444  
2 	 84 	 674694.971081 	 674694.971081 	  0.246753  
3 	 84 	 475763.747332 	 475763.747332 	  0.561644  
4 	 84 	 1677612.980464 	 1677612.980464 	  0.793103  
5 	 84 	 198693.024279 	 198693.024279 	  0.098901  
6 	 84 	 1183387.784378 	 1183387.784378 	  0.822222  
7 	 84 	 642354.399295 	 642354.399295 	  0.437500  
1 	 85 	 30313.743892 	 30313.743892 	  0.044444  
2 	 85 	 674694.971081 	 674694.971081 	  0.246753  
3 	 85 	 475763.747332 	 475763.747332 	  0.561644  
4 	 85 	 1677612.980464 	 1677612.980464 	  0.793103  
5 	 85 	 198693.024279 	 198693.024279 	  0.098901  
6 	 85 	 1183387.784378 	 1183387.784378 	  0.822222  
7 	 85 	 642354.399295 	 642354.399295 	  0.437500  
1 	 86 	 30313.743892 	 30313.743892 	  0.044444  
2 	 86 	 674694.971081 	 674694.971081 	  0.246753  
3 	 86 	 475763.747332 	 475763.747332 	  0.561644  
4 	 86 	 1677612.980464 	 1677612.980464 	  0.793103  
5 	 86 	 198693.024279 	 198693.024279 	  0.098901  
6 	 86 	 1183387.784378 	 1183387.784378 	  0.822222  
7 	 86 	 642354.399295 	 642354.399295 	  0.437500  
1 	 87 	 30313.743892 	 30313.743892 	  0.044444  
2 	 87 	 674694.971081 	 674694.971081 	  0.246753  
3 	 87 	 475763.747332 	 475763.747332 	  0.561644  
4 	 87 	 1677612.980464 	 1677612.980464 	  0.793103  
5 	 87 	 198693.024279 	 198693.024279 	  0.098901  
6 	 87 	 1183387.784378 	 1183387.784378 	  0.822222  
7 	 87 	 642354.399295 	 642354.399295 	  0.437500  
1 	 88 	 30313.743892 	 30313.743892 	  0.044444  
2 	 88 	 674694.971081 	 674694.971081 	  0.246753  
3 	 88 	 475763.747332 	 475763.747332 	  0.561644  
4 	 88 	 1677612.980464 	 1677612.980464 	  0.793103  
5 	 88 	 198693.024279 	 198693.024279 	  0.098901  
6 	 88 	 1183387.784378 	 1183387.784378 	  0.822222  
7 	 88 	 642354.399295 	 642354.399295 	  0.437500  
1 	 89 	 30313.743892 	 30313.743892 	  0.044444  
2 	 89 	 674694.971081 	 674694.971081 	  0.246753  
3 	 89 	 475763.747332 	 475763.747332 	  0.561644  
4 	 89 	 1677612.980464 	 1677612.980464 	  0.793103  
5 	 89 	 198693.024279 	 198693.024279 	  0.098901  
6 	 89 	 1183387.784378 	 1183387.784378 	  0.822222  
7 	 89 	 642354.399295 	 642354.399295 	  0.437500  
1 	 90 	 30313.743892 	 30313.743892 	  0.044444  
2 	 90 	 674694.971081 	 674694.971081 	  0.246753  
3 	 90 	 475763.747332 	 475763.747332 	  0.561644  
4 	 90 	 1677612.980464 	 1677612.980464 	  0.793103  
5 	 90 	 198693.024279 	 198693.024279 	  0.098901  
6 	 90 	 1183387.784378 	 1183387.784378 	  0.822222  
7 	 90 	 642354.399295 	 642354.399295 	  0.437500  
1 	 91 	 30313.743892 	 30313.743892 	  0.044444  
2 	 91 	 674694.971081 	 674694.971081 	  0.246753  
3 	 91 	 475763.747332 	 475763.747332 	  0.561644  
4 	 91 	 1677612.980464 	 1677612.980464 	  0.793103  
5 	 91 	 198693.024279 	 198693.024279 	  0.098901  
6 	 91 	 1183387.784378 	 1183387.784378 	  0.822222  
7 	 91 	 642354.399295 	 642354.399295 	  0.437500  
1 	 92 	 30313.743892 	 30313.743892 	  0.044444  
2 	 92 	 674694.971081 	 674694.971081 	  0.246753  
3 	 92 	 475763.747332 	 475763.747332 	  0.561644  
4 	 92 	 1677612.980464 	 1677612.980464 	  0.793103  
5 	 92 	 198693.024279 	 198693.024279 	  0.098901  
6 	 92 	 1183387.784378 	 1183387.784378 	  0.822222  
7 	 92 	 642354.399295 	 642354.399295 	  0.437500  
1 	 93 	 30313.743892 	 30313.743892 	  0.044444  
2 	 93 	 674694.971081 	 674694.971081 	  0.246753  
3 	 93 	 475763.747332 	 475763.747332 	  0.561644  
4 	 93 	 1677612.980464 	 1677612.980464 	  0.793103  
5 	 93 	 198693.024279 	 198693.024279 	  0.098901  
6 	 93 	 1183387.784378 	 1183387.784378 	  0.822222  
7 	 93 	 642354.399295 	 642354.399295 	  0.437500  
1 	 94 	 30313.743892 	 30313.743892 	  0.044444  
2 	 94 	 674694.971081 	 674694.971081 	  0.246753  
3 	 94 	 475763.747332 	 475763.747332 	  0.561644  
4 	 94 	 1677612.980464 	 1677612.980464 	  0.793103  
5 	 94 	 198693.024279 	 198693.024279 	  0.098901  
6 	 94 	 1183387.784378 	 1183387.784378 	  0.822222  
7 	 94 	 642354.399295 	 642354.399295 	  0.437500  
1 	 95 	 30313.743892 	 30313.743892 	  0.044444  
2 	 95 	 674694.971081 	 674694.971081 	  0.246753  
3 	 95 	 475763.747332 	 475763.747332 	  0.561644  
4 	 95 	 1677612.980464 	 1677612.980464 	  0.793103  
5 	 95 	 198693.024279 	 198693.024279 	  0.098901  
6 	 95 	 1183387.784378 	 1183387.784378 	  0.822222  
7 	 95 	 642354.399295 	 642354.399295 	  0.437500  
1 	 96 	 30313.743892 	 30313.743892 	  0.044444  
2 	 96 	 674694.971081 	 674694.971081 	  0.246753  
3 	 96 	 475763.747332 	 475763.747332 	  0.561644  
4 	 96 	 1677612.980464 	 1677612.980464 	  0.793103  
5 	 96 	 198693.024279 	 198693.024279 	  0.098901  
6 	 96 	 1183387.784378 	 1183387.784378 	  0.822222  
7 	 96 	 642354.399295 	 642354.399295 	  0.437500  
1 	 97 	 30313.743892 	 30313.743892 	  0.044444  
2 	 97 	 674694.971081 	 674694.971081 	  0.246753  
3 	 97 	 475763.747332 	 475763.747332 	  0.561644  
4 	 97 	 1677612.980464 	 1677612.980464 	  0.793103  
5 	 97 	 198693.024279 	 198693.024279 	  0.098901  
6 	 97 	 1183387.784378 	 1183387.784378 	  0.822222  
7 	 97 	 642354.399295 	 642354.399295 	  0.437500  
1 	 98 	 30313.743892 	 30313.743892 	  0.044444  
2 	 98 	 674694.971081 	 674694.971081 	  0.246753  
3 	 98 	 475763.747332 	 475763.747332 	  0.561644  
4 	 98 	 1677612.980464 	 1677612.980464 	  0.793103  
5 	 98 	 198693.024279 	 198693.024279 	  0.098901  
6 	 98 	 1183387.784378 	 1183387.784378 	  0.822222  
7 	 98 	 642354.399295 	 642354.399295 	  0.437500  
1 	 99 	 30313.743892 	 30313.743892 	  0.044444  
2 	 99 	 674694.971081 	 674694.971081 	  0.246753  
3 	 99 	 475763.747332 	 475763.747332 	  0.561644  
4 	 99 	 1677612.980464 	 1677612.980464 	  0.793103  
5 	 99 	 198693.024279 	 198693.024279 	  0.098901  
6 	 99 	 1183387.784378 	 1183387.784378 	  0.822222  
7 	 99 	 642354.399295 	 642354.399295 	  0.437500  
1 	 100 	 30313.743892 	 30313.743892 	  0.044444  
2 	 100 	 674694.971081 	 674694.971081 	  0.246753  
3 	 100 	 475763.747332 	 475763.747332 	  0.561644  
4 	 100 	 1677612.980464 	 1677612.980464 	  0.793103  
5 	 100 	 198693.024279 	 198693.024279 	  0.098901  
6 	 100 	 1183387.784378 	 1183387.784378 	  0.822222  
7 	 100 	 642354.399295 	 642354.399295 	  0.437500  
1 	 101 	 30313.743892 	 30313.743892 	  0.044444  
2 	 101 	 674694.971081 	 674694.971081 	  0.246753  
3 	 101 	 475763.747332 	 475763.747332 	  0.561644  
4 	 101 	 1677612.980464 	 1677612.980464 	  0.793103  
5 	 101 	 198693.024279 	 198693.024279 	  0.098901  
6 	 101 	 1183387.784378 	 1183387.784378 	  0.822222  
7 	 101 	 642354.399295 	 642354.399295 	  0.437500  
1 	 102 	 30313.743892 	 30313.743892 	  0.044444  
2 	 102 	 674694.971081 	 674694.971081 	  0.246753  
3 	 102 	 475763.747332 	 475763.747332 	  0.561644  
4 	 102 	 1677612.980464 	 1677612.980464 	  0.793103  
5 	 102 	 198693.024279 	 198693.024279 	  0.098901  
6 	 102 	 1183387.784378 	 1183387.784378 	  0.822222  
7 	 102 	 642354.399295 	 642354.399295 	  0.437500  
1 	 103 	 30313.743892 	 30313.743892 	  0.044444  
2 	 103 	 674694.971081 	 674694.971081 	  0.246753  
3 	 103 	 475763.747332 	 475763.747332 	  0.561644  
4 	 103 	 1677612.980464 	 1677612.980464 	  0.793103  
5 	 103 	 198693.024279 	 198693.024279 	  0.098901  
6 	 103 	 1183387.784378 	 1183387.784378 	  0.822222  
7 	 103 	 642354.399295 	 642354.399295 	  0.437500  
1 	 104 	 30313.743892 	 30313.743892 	  0.044444  
2 	 104 	 674694.971081 	 674694.971081 	  0.246753  
3 	 104 	 475763.747332 	 475763.747332 	  0.561644  
4 	 104 	 1677612.980464 	 1677612.980464 	  0.793103  
5 	 104 	 198693.024279 	 198693.024279 	  0.098901  
6 	 104 	 1183387.784378 	 1183387.784378 	  0.822222  
7 	 104 	 642354.399295 	 642354.399295 	  0.437500  
