1  	 5 	 16 	 9.602791 	 0.005402 	 1399.074635 
1  	 5 	 8 	 6.058934 	 0.035934 	 9167.895670 
1  	 5 	 15 	 5.417678 	 0.056730 	 14329.247363 
1  	 5 	 21 	 6.596279 	 0.025955 	 6654.215934 
1  	 5 	 7 	 9.410576 	 0.006154 	 1593.265091 
1  	 5 	 14 	 3.166600 	 0.488606 	 103313.184930 
1  	 5 	 22 	 3.647867 	 0.232153 	 54212.565550 
1  	 5 	 24 	 3.507559 	 0.266693 	 61391.995897 
1  	 5 	 9 	 6.974143 	 0.009952 	 2571.730614 
1  	 5 	 5 	 6.227891 	 0.030904 	 7903.786063 
1  	 5 	 11 	 3.505545 	 0.300001 	 68132.197007 
1  	 5 	 20 	 4.820969 	 0.092175 	 22896.799568 
1  	 5 	 19 	 7.992799 	 0.012251 	 3162.093880 
1  	 5 	 23 	 9.609728 	 0.005835 	 1510.979099 
2  	 5 	 16 	 9.602791 	 0.005402 	 1399.074635 
2  	 5 	 8 	 6.058934 	 0.035934 	 9167.895670 
2  	 5 	 15 	 5.417678 	 0.056730 	 14329.247363 
2  	 5 	 21 	 6.596279 	 0.025955 	 6654.215934 
2  	 5 	 7 	 9.410576 	 0.006183 	 1600.659887 
2  	 5 	 14 	 3.166600 	 0.488606 	 103313.184930 
2  	 5 	 22 	 3.647867 	 0.232153 	 54212.565550 
2  	 5 	 24 	 3.507559 	 0.266693 	 61391.995897 
2  	 5 	 9 	 6.974143 	 0.009952 	 2571.730614 
2  	 5 	 5 	 6.227891 	 0.030904 	 7903.786063 
2  	 5 	 11 	 3.505545 	 0.300001 	 68132.197007 
2  	 5 	 20 	 4.820969 	 0.092175 	 22896.799568 
2  	 5 	 19 	 7.992799 	 0.012251 	 3162.093880 
2  	 5 	 23 	 9.609728 	 0.005835 	 1510.979099 
3  	 5 	 16 	 9.602791 	 0.005402 	 1399.074635 
3  	 5 	 8 	 6.058934 	 0.035934 	 9167.895670 
3  	 5 	 15 	 5.417678 	 0.056730 	 14329.247363 
3  	 5 	 21 	 6.596279 	 0.025955 	 6654.215934 
3  	 5 	 7 	 9.410576 	 0.006183 	 1600.659887 
3  	 5 	 14 	 3.166600 	 0.488606 	 103313.184930 
3  	 5 	 22 	 3.647867 	 0.232153 	 54212.565550 
3  	 5 	 24 	 3.507559 	 0.266693 	 61391.995897 
3  	 5 	 9 	 6.974143 	 0.009952 	 2571.730614 
3  	 5 	 5 	 6.227891 	 0.030904 	 7903.786063 
3  	 5 	 11 	 3.505545 	 0.300001 	 68132.197007 
3  	 5 	 20 	 4.820969 	 0.092175 	 22896.799568 
3  	 5 	 19 	 7.992799 	 0.012251 	 3162.093880 
3  	 5 	 23 	 9.609728 	 0.005782 	 1497.230922 
4  	 5 	 16 	 9.602791 	 0.005402 	 1399.074635 
4  	 5 	 8 	 6.058934 	 0.035934 	 9167.895670 
4  	 5 	 15 	 5.417678 	 0.056730 	 14329.247363 
4  	 5 	 21 	 6.596279 	 0.025955 	 6654.215934 
4  	 5 	 7 	 9.410576 	 0.006183 	 1600.659887 
4  	 5 	 14 	 3.166600 	 0.488606 	 103313.184930 
4  	 5 	 22 	 3.647867 	 0.232153 	 54212.565550 
4  	 5 	 24 	 3.507559 	 0.266693 	 61391.995897 
4  	 5 	 9 	 6.974143 	 0.009952 	 2571.730614 
4  	 5 	 5 	 6.227891 	 0.030904 	 7903.786063 
4  	 5 	 11 	 3.505545 	 0.300001 	 68132.197007 
4  	 5 	 20 	 4.820969 	 0.092175 	 22896.799568 
4  	 5 	 19 	 7.992799 	 0.012251 	 3162.093880 
4  	 5 	 23 	 9.609728 	 0.005782 	 1497.230922 
5  	 5 	 16 	 9.602791 	 0.005402 	 1399.074635 
5  	 5 	 8 	 6.058934 	 0.035934 	 9167.895670 
5  	 5 	 15 	 5.417678 	 0.056730 	 14329.247363 
5  	 5 	 21 	 6.596279 	 0.025955 	 6654.215934 
5  	 5 	 7 	 9.410576 	 0.006183 	 1600.659887 
5  	 5 	 14 	 3.166600 	 0.488606 	 103313.184930 
5  	 5 	 22 	 3.647867 	 0.232153 	 54212.565550 
5  	 5 	 24 	 3.507559 	 0.266693 	 61391.995897 
5  	 5 	 9 	 6.974143 	 0.009952 	 2571.730614 
5  	 5 	 5 	 6.227891 	 0.030904 	 7903.786063 
5  	 5 	 11 	 3.505545 	 0.300001 	 68132.197007 
5  	 5 	 20 	 4.820969 	 0.092175 	 22896.799568 
5  	 5 	 19 	 7.992799 	 0.012251 	 3162.093880 
5  	 5 	 23 	 9.609728 	 0.005782 	 1497.230922 
6  	 5 	 16 	 9.602791 	 0.005402 	 1399.074635 
6  	 5 	 8 	 6.058934 	 0.035934 	 9167.895670 
6  	 5 	 15 	 5.417678 	 0.056730 	 14329.247363 
6  	 5 	 21 	 6.596279 	 0.025955 	 6654.215934 
6  	 5 	 7 	 9.410576 	 0.006183 	 1600.659887 
6  	 5 	 14 	 3.166600 	 0.488606 	 103313.184930 
6  	 5 	 22 	 3.647867 	 0.232153 	 54212.565550 
6  	 5 	 24 	 3.507559 	 0.266693 	 61391.995897 
6  	 5 	 9 	 6.974143 	 0.009952 	 2571.730614 
6  	 5 	 5 	 6.227891 	 0.030904 	 7903.786063 
6  	 5 	 11 	 3.505545 	 0.300001 	 68132.197007 
6  	 5 	 20 	 4.820969 	 0.092175 	 22896.799568 
6  	 5 	 19 	 7.992799 	 0.012251 	 3162.093880 
6  	 5 	 23 	 9.609728 	 0.005782 	 1497.230922 
7  	 5 	 16 	 9.602791 	 0.005402 	 1399.074635 
7  	 5 	 8 	 6.058934 	 0.035934 	 9167.895670 
7  	 5 	 15 	 5.417678 	 0.056730 	 14329.247363 
7  	 5 	 21 	 6.596279 	 0.025955 	 6654.215934 
7  	 5 	 7 	 9.410576 	 0.006183 	 1600.659887 
7  	 5 	 14 	 3.166600 	 0.488606 	 103313.184930 
7  	 5 	 22 	 3.647867 	 0.232153 	 54212.565550 
7  	 5 	 24 	 3.507559 	 0.266693 	 61391.995897 
7  	 5 	 9 	 6.974143 	 0.009952 	 2571.730614 
7  	 5 	 5 	 6.227891 	 0.030904 	 7903.786063 
7  	 5 	 11 	 3.505545 	 0.300001 	 68132.197007 
7  	 5 	 20 	 4.820969 	 0.092175 	 22896.799568 
7  	 5 	 19 	 7.992799 	 0.012251 	 3162.093880 
7  	 5 	 23 	 9.609728 	 0.005782 	 1497.230922 
8  	 5 	 16 	 9.602791 	 0.005402 	 1399.074635 
8  	 5 	 8 	 6.058934 	 0.035934 	 9167.895670 
8  	 5 	 15 	 5.417678 	 0.056730 	 14329.247363 
8  	 5 	 21 	 6.596279 	 0.025955 	 6654.215934 
8  	 5 	 7 	 9.410576 	 0.006183 	 1600.659887 
8  	 5 	 14 	 3.166600 	 0.488606 	 103313.184930 
8  	 5 	 22 	 3.647867 	 0.232153 	 54212.565550 
8  	 5 	 24 	 3.507559 	 0.266693 	 61391.995897 
8  	 5 	 9 	 6.974143 	 0.009952 	 2571.730614 
8  	 5 	 5 	 6.227891 	 0.030904 	 7903.786063 
8  	 5 	 11 	 3.505545 	 0.300001 	 68132.197007 
8  	 5 	 20 	 4.820969 	 0.092175 	 22896.799568 
8  	 5 	 19 	 7.992799 	 0.012251 	 3162.093880 
8  	 5 	 23 	 9.609728 	 0.005782 	 1497.230922 
9  	 5 	 16 	 9.602791 	 0.005402 	 1399.074635 
9  	 5 	 8 	 6.058934 	 0.035934 	 9167.895670 
9  	 5 	 15 	 5.417678 	 0.056730 	 14329.247363 
9  	 5 	 21 	 6.596279 	 0.025955 	 6654.215934 
9  	 5 	 7 	 9.410576 	 0.006183 	 1600.659887 
9  	 5 	 14 	 3.166600 	 0.488606 	 103313.184930 
9  	 5 	 22 	 3.647867 	 0.232153 	 54212.565550 
9  	 5 	 24 	 3.507559 	 0.266693 	 61391.995897 
9  	 5 	 9 	 6.974143 	 0.009952 	 2571.730614 
9  	 5 	 5 	 6.227891 	 0.030904 	 7903.786063 
9  	 5 	 11 	 3.505545 	 0.300001 	 68132.197007 
9  	 5 	 20 	 4.820969 	 0.092175 	 22896.799568 
9  	 5 	 19 	 7.992799 	 0.012251 	 3162.093880 
9  	 5 	 23 	 9.609728 	 0.005782 	 1497.230922 
10  	 5 	 16 	 9.602791 	 0.005402 	 1399.074635 
10  	 5 	 8 	 6.058934 	 0.035934 	 9167.895670 
10  	 5 	 15 	 5.417678 	 0.056730 	 14329.247363 
10  	 5 	 21 	 6.596279 	 0.025955 	 6654.215934 
10  	 5 	 7 	 9.410576 	 0.006183 	 1600.659887 
10  	 5 	 14 	 3.166600 	 0.488606 	 103313.184930 
10  	 5 	 22 	 3.647867 	 0.232153 	 54212.565550 
10  	 5 	 24 	 3.507559 	 0.266693 	 61391.995897 
10  	 5 	 9 	 6.974143 	 0.009952 	 2571.730614 
10  	 5 	 5 	 6.227891 	 0.030904 	 7903.786063 
10  	 5 	 11 	 3.505545 	 0.300001 	 68132.197007 
10  	 5 	 20 	 4.820969 	 0.092175 	 22896.799568 
10  	 5 	 19 	 7.992799 	 0.012251 	 3162.093880 
10  	 5 	 23 	 9.609728 	 0.005782 	 1497.230922 
11  	 5 	 16 	 9.602791 	 0.005402 	 1399.074635 
11  	 5 	 8 	 6.058934 	 0.035934 	 9167.895670 
11  	 5 	 15 	 5.417678 	 0.056730 	 14329.247363 
11  	 5 	 21 	 6.596279 	 0.025955 	 6654.215934 
11  	 5 	 7 	 9.410576 	 0.006183 	 1600.659887 
11  	 5 	 14 	 3.166600 	 0.488606 	 103313.184930 
11  	 5 	 22 	 3.647867 	 0.232153 	 54212.565550 
11  	 5 	 24 	 3.507559 	 0.266693 	 61391.995897 
11  	 5 	 9 	 6.974143 	 0.009952 	 2571.730614 
11  	 5 	 5 	 6.227891 	 0.030904 	 7903.786063 
11  	 5 	 11 	 3.505545 	 0.300001 	 68132.197007 
11  	 5 	 20 	 4.820969 	 0.092175 	 22896.799568 
11  	 5 	 19 	 7.992799 	 0.012251 	 3162.093880 
11  	 5 	 23 	 9.609728 	 0.005782 	 1497.230922 
12  	 5 	 16 	 9.602791 	 0.005402 	 1399.074635 
12  	 5 	 8 	 6.058934 	 0.035934 	 9167.895670 
12  	 5 	 15 	 5.417678 	 0.056730 	 14329.247363 
12  	 5 	 21 	 6.596279 	 0.025955 	 6654.215934 
12  	 5 	 7 	 9.410576 	 0.006183 	 1600.659887 
12  	 5 	 14 	 3.166600 	 0.488606 	 103313.184930 
12  	 5 	 22 	 3.647867 	 0.232153 	 54212.565550 
12  	 5 	 24 	 3.507559 	 0.266693 	 61391.995897 
12  	 5 	 9 	 6.974143 	 0.009952 	 2571.730614 
12  	 5 	 5 	 6.227891 	 0.030904 	 7903.786063 
12  	 5 	 11 	 3.505545 	 0.300001 	 68132.197007 
12  	 5 	 20 	 4.820969 	 0.092175 	 22896.799568 
12  	 5 	 19 	 7.992799 	 0.012251 	 3162.093880 
12  	 5 	 23 	 9.609728 	 0.005782 	 1497.230922 
13  	 5 	 16 	 9.602791 	 0.005402 	 1399.074635 
13  	 5 	 8 	 6.058934 	 0.035934 	 9167.895670 
13  	 5 	 15 	 5.417678 	 0.056730 	 14329.247363 
13  	 5 	 21 	 6.596279 	 0.025955 	 6654.215934 
13  	 5 	 7 	 9.410576 	 0.006183 	 1600.659887 
13  	 5 	 14 	 3.166600 	 0.488606 	 103313.184930 
13  	 5 	 22 	 3.647867 	 0.232153 	 54212.565550 
13  	 5 	 24 	 3.507559 	 0.266693 	 61391.995897 
13  	 5 	 9 	 6.974143 	 0.009952 	 2571.730614 
13  	 5 	 5 	 6.227891 	 0.030904 	 7903.786063 
13  	 5 	 11 	 3.505545 	 0.300001 	 68132.197007 
13  	 5 	 20 	 4.820969 	 0.092175 	 22896.799568 
13  	 5 	 19 	 7.992799 	 0.012251 	 3162.093880 
13  	 5 	 23 	 9.609728 	 0.005782 	 1497.230922 
14  	 5 	 16 	 9.602791 	 0.005402 	 1399.074635 
14  	 5 	 8 	 6.058934 	 0.035934 	 9167.895670 
14  	 5 	 15 	 5.417678 	 0.056730 	 14329.247363 
14  	 5 	 21 	 6.596279 	 0.025955 	 6654.215934 
14  	 5 	 7 	 9.410576 	 0.006183 	 1600.659887 
14  	 5 	 14 	 3.166600 	 0.488606 	 103313.184930 
14  	 5 	 22 	 3.647867 	 0.232153 	 54212.565550 
14  	 5 	 24 	 3.507559 	 0.266693 	 61391.995897 
14  	 5 	 9 	 6.974143 	 0.009952 	 2571.730614 
14  	 5 	 5 	 6.227891 	 0.030904 	 7903.786063 
14  	 5 	 11 	 3.505545 	 0.300001 	 68132.197007 
14  	 5 	 20 	 4.820969 	 0.092175 	 22896.799568 
14  	 5 	 19 	 7.992799 	 0.012251 	 3162.093880 
14  	 5 	 23 	 9.609728 	 0.005782 	 1497.230922 
15  	 5 	 16 	 9.602791 	 0.005402 	 1399.074635 
15  	 5 	 8 	 6.058934 	 0.035934 	 9167.895670 
15  	 5 	 15 	 5.417678 	 0.056730 	 14329.247363 
15  	 5 	 21 	 6.596279 	 0.025955 	 6654.215934 
15  	 5 	 7 	 9.410576 	 0.006183 	 1600.659887 
15  	 5 	 14 	 3.166600 	 0.488606 	 103313.184930 
15  	 5 	 22 	 3.647867 	 0.232153 	 54212.565550 
15  	 5 	 24 	 3.507559 	 0.266693 	 61391.995897 
15  	 5 	 9 	 6.974143 	 0.009952 	 2571.730614 
15  	 5 	 5 	 6.227891 	 0.030904 	 7903.786063 
15  	 5 	 11 	 3.505545 	 0.300001 	 68132.197007 
15  	 5 	 20 	 4.820969 	 0.092175 	 22896.799568 
15  	 5 	 19 	 7.992799 	 0.012251 	 3162.093880 
15  	 5 	 23 	 9.609728 	 0.005782 	 1497.230922 
16  	 5 	 16 	 9.602791 	 0.005402 	 1399.074635 
16  	 5 	 8 	 6.058934 	 0.035934 	 9167.895670 
16  	 5 	 15 	 5.417678 	 0.056730 	 14329.247363 
16  	 5 	 21 	 6.596279 	 0.025955 	 6654.215934 
16  	 5 	 7 	 9.410576 	 0.006183 	 1600.659887 
16  	 5 	 14 	 3.166600 	 0.488606 	 103313.184930 
16  	 5 	 22 	 3.647867 	 0.232153 	 54212.565550 
16  	 5 	 24 	 3.507559 	 0.266693 	 61391.995897 
16  	 5 	 9 	 6.974143 	 0.009952 	 2571.730614 
16  	 5 	 5 	 6.227891 	 0.030904 	 7903.786063 
16  	 5 	 11 	 3.505545 	 0.300001 	 68132.197007 
16  	 5 	 20 	 4.820969 	 0.092175 	 22896.799568 
16  	 5 	 19 	 7.992799 	 0.012251 	 3162.093880 
16  	 5 	 23 	 9.609728 	 0.005782 	 1497.230922 
17  	 5 	 16 	 9.602791 	 0.005402 	 1399.074635 
17  	 5 	 8 	 6.058934 	 0.035934 	 9167.895670 
17  	 5 	 15 	 5.417678 	 0.056730 	 14329.247363 
17  	 5 	 21 	 6.596279 	 0.025955 	 6654.215934 
17  	 5 	 7 	 9.410576 	 0.006183 	 1600.659887 
17  	 5 	 14 	 3.166600 	 0.488606 	 103313.184930 
17  	 5 	 22 	 3.647867 	 0.232153 	 54212.565550 
17  	 5 	 24 	 3.507559 	 0.266693 	 61391.995897 
17  	 5 	 9 	 6.974143 	 0.009952 	 2571.730614 
17  	 5 	 5 	 6.227891 	 0.030904 	 7903.786063 
17  	 5 	 11 	 3.505545 	 0.300001 	 68132.197007 
17  	 5 	 20 	 4.820969 	 0.092175 	 22896.799568 
17  	 5 	 19 	 7.992799 	 0.012251 	 3162.093880 
17  	 5 	 23 	 9.609728 	 0.005782 	 1497.230922 
18  	 5 	 16 	 9.602791 	 0.005402 	 1399.074635 
18  	 5 	 8 	 6.058934 	 0.035934 	 9167.895670 
18  	 5 	 15 	 5.417678 	 0.056730 	 14329.247363 
18  	 5 	 21 	 6.596279 	 0.025955 	 6654.215934 
18  	 5 	 7 	 9.410576 	 0.006183 	 1600.659887 
18  	 5 	 14 	 3.166600 	 0.488606 	 103313.184930 
18  	 5 	 22 	 3.647867 	 0.232153 	 54212.565550 
18  	 5 	 24 	 3.507559 	 0.266693 	 61391.995897 
18  	 5 	 9 	 6.974143 	 0.009952 	 2571.730614 
18  	 5 	 5 	 6.227891 	 0.030904 	 7903.786063 
18  	 5 	 11 	 3.505545 	 0.300001 	 68132.197007 
18  	 5 	 20 	 4.820969 	 0.092175 	 22896.799568 
18  	 5 	 19 	 7.992799 	 0.012251 	 3162.093880 
18  	 5 	 23 	 9.609728 	 0.005782 	 1497.230922 
19  	 5 	 16 	 9.602791 	 0.005402 	 1399.074635 
19  	 5 	 8 	 6.058934 	 0.035934 	 9167.895670 
19  	 5 	 15 	 5.417678 	 0.056730 	 14329.247363 
19  	 5 	 21 	 6.596279 	 0.025955 	 6654.215934 
19  	 5 	 7 	 9.410576 	 0.006183 	 1600.659887 
19  	 5 	 14 	 3.166600 	 0.488606 	 103313.184930 
19  	 5 	 22 	 3.647867 	 0.232153 	 54212.565550 
19  	 5 	 24 	 3.507559 	 0.266693 	 61391.995897 
19  	 5 	 9 	 6.974143 	 0.009952 	 2571.730614 
19  	 5 	 5 	 6.227891 	 0.030904 	 7903.786063 
19  	 5 	 11 	 3.505545 	 0.300001 	 68132.197007 
19  	 5 	 20 	 4.820969 	 0.092175 	 22896.799568 
19  	 5 	 19 	 7.992799 	 0.012251 	 3162.093880 
19  	 5 	 23 	 9.609728 	 0.005782 	 1497.230922 
20  	 5 	 16 	 9.602791 	 0.005402 	 1399.074635 
20  	 5 	 8 	 6.058934 	 0.035934 	 9167.895670 
20  	 5 	 15 	 5.417678 	 0.056730 	 14329.247363 
20  	 5 	 21 	 6.596279 	 0.025955 	 6654.215934 
20  	 5 	 7 	 9.410576 	 0.006183 	 1600.659887 
20  	 5 	 14 	 3.166600 	 0.488606 	 103313.184930 
20  	 5 	 22 	 3.647867 	 0.232153 	 54212.565550 
20  	 5 	 24 	 3.507559 	 0.266693 	 61391.995897 
20  	 5 	 9 	 6.974143 	 0.009952 	 2571.730614 
20  	 5 	 5 	 6.227891 	 0.030904 	 7903.786063 
20  	 5 	 11 	 3.505545 	 0.300001 	 68132.197007 
20  	 5 	 20 	 4.820969 	 0.092175 	 22896.799568 
20  	 5 	 19 	 7.992799 	 0.012251 	 3162.093880 
20  	 5 	 23 	 9.609728 	 0.005782 	 1497.230922 
21  	 5 	 16 	 9.602791 	 0.005402 	 1399.074635 
21  	 5 	 8 	 6.058934 	 0.035934 	 9167.895670 
21  	 5 	 15 	 5.417678 	 0.056730 	 14329.247363 
21  	 5 	 21 	 6.596279 	 0.025955 	 6654.215934 
21  	 5 	 7 	 9.410576 	 0.006183 	 1600.659887 
21  	 5 	 14 	 3.166600 	 0.488606 	 103313.184930 
21  	 5 	 22 	 3.647867 	 0.232153 	 54212.565550 
21  	 5 	 24 	 3.507559 	 0.266693 	 61391.995897 
21  	 5 	 9 	 6.974143 	 0.009952 	 2571.730614 
21  	 5 	 5 	 6.227891 	 0.030904 	 7903.786063 
21  	 5 	 11 	 3.505545 	 0.300001 	 68132.197007 
21  	 5 	 20 	 4.820969 	 0.092175 	 22896.799568 
21  	 5 	 19 	 7.992799 	 0.012251 	 3162.093880 
21  	 5 	 23 	 9.609728 	 0.005782 	 1497.230922 
22  	 5 	 16 	 9.602791 	 0.005402 	 1399.074635 
22  	 5 	 8 	 6.058934 	 0.035934 	 9167.895670 
22  	 5 	 15 	 5.417678 	 0.056730 	 14329.247363 
22  	 5 	 21 	 6.596279 	 0.025955 	 6654.215934 
22  	 5 	 7 	 9.410576 	 0.006183 	 1600.659887 
22  	 5 	 14 	 3.166600 	 0.488606 	 103313.184930 
22  	 5 	 22 	 3.647867 	 0.232153 	 54212.565550 
22  	 5 	 24 	 3.507559 	 0.266693 	 61391.995897 
22  	 5 	 9 	 6.974143 	 0.009952 	 2571.730614 
22  	 5 	 5 	 6.227891 	 0.030904 	 7903.786063 
22  	 5 	 11 	 3.505545 	 0.300001 	 68132.197007 
22  	 5 	 20 	 4.820969 	 0.092175 	 22896.799568 
22  	 5 	 19 	 7.992799 	 0.012251 	 3162.093880 
22  	 5 	 23 	 9.609728 	 0.005782 	 1497.230922 
23  	 5 	 16 	 9.602791 	 0.005402 	 1399.074635 
23  	 5 	 8 	 6.058934 	 0.035934 	 9167.895670 
23  	 5 	 15 	 5.417678 	 0.056730 	 14329.247363 
23  	 5 	 21 	 6.596279 	 0.025955 	 6654.215934 
23  	 5 	 7 	 9.410576 	 0.006183 	 1600.659887 
23  	 5 	 14 	 3.166600 	 0.488606 	 103313.184930 
23  	 5 	 22 	 3.647867 	 0.232153 	 54212.565550 
23  	 5 	 24 	 3.507559 	 0.266693 	 61391.995897 
23  	 5 	 9 	 6.974143 	 0.009952 	 2571.730614 
23  	 5 	 5 	 6.227891 	 0.030904 	 7903.786063 
23  	 5 	 11 	 3.505545 	 0.300001 	 68132.197007 
23  	 5 	 20 	 4.820969 	 0.092175 	 22896.799568 
23  	 5 	 19 	 7.992799 	 0.012251 	 3162.093880 
23  	 5 	 23 	 9.609728 	 0.005782 	 1497.230922 
24  	 5 	 16 	 9.602791 	 0.005402 	 1399.074635 
24  	 5 	 8 	 6.058934 	 0.035934 	 9167.895670 
24  	 5 	 15 	 5.417678 	 0.056730 	 14329.247363 
24  	 5 	 21 	 6.596279 	 0.025955 	 6654.215934 
24  	 5 	 7 	 9.410576 	 0.006183 	 1600.659887 
24  	 5 	 14 	 3.166600 	 0.488606 	 103313.184930 
24  	 5 	 22 	 3.647867 	 0.232153 	 54212.565550 
24  	 5 	 24 	 3.507559 	 0.266693 	 61391.995897 
24  	 5 	 9 	 6.974143 	 0.009952 	 2571.730614 
24  	 5 	 5 	 6.227891 	 0.030904 	 7903.786063 
24  	 5 	 11 	 3.505545 	 0.300001 	 68132.197007 
24  	 5 	 20 	 4.820969 	 0.092175 	 22896.799568 
24  	 5 	 19 	 7.992799 	 0.012251 	 3162.093880 
24  	 5 	 23 	 9.609728 	 0.005782 	 1497.230922 
25  	 5 	 16 	 9.602791 	 0.005402 	 1399.074635 
25  	 5 	 8 	 6.058934 	 0.035934 	 9167.895670 
25  	 5 	 15 	 5.417678 	 0.056730 	 14329.247363 
25  	 5 	 21 	 6.596279 	 0.025955 	 6654.215934 
25  	 5 	 7 	 9.410576 	 0.006183 	 1600.659887 
25  	 5 	 14 	 3.166600 	 0.488606 	 103313.184930 
25  	 5 	 22 	 3.647867 	 0.232153 	 54212.565550 
25  	 5 	 24 	 3.507559 	 0.266693 	 61391.995897 
25  	 5 	 9 	 6.974143 	 0.009952 	 2571.730614 
25  	 5 	 5 	 6.227891 	 0.030904 	 7903.786063 
25  	 5 	 11 	 3.505545 	 0.300001 	 68132.197007 
25  	 5 	 20 	 4.820969 	 0.092175 	 22896.799568 
25  	 5 	 19 	 7.992799 	 0.012251 	 3162.093880 
25  	 5 	 23 	 9.609728 	 0.005782 	 1497.230922 
26  	 5 	 16 	 9.602791 	 0.005402 	 1399.074635 
26  	 5 	 8 	 6.058934 	 0.035934 	 9167.895670 
26  	 5 	 15 	 5.417678 	 0.056730 	 14329.247363 
26  	 5 	 21 	 6.596279 	 0.025955 	 6654.215934 
26  	 5 	 7 	 9.410576 	 0.006183 	 1600.659887 
26  	 5 	 14 	 3.166600 	 0.488606 	 103313.184930 
26  	 5 	 22 	 3.647867 	 0.232153 	 54212.565550 
26  	 5 	 24 	 3.507559 	 0.266693 	 61391.995897 
26  	 5 	 9 	 6.974143 	 0.009952 	 2571.730614 
26  	 5 	 5 	 6.227891 	 0.030904 	 7903.786063 
26  	 5 	 11 	 3.505545 	 0.300001 	 68132.197007 
26  	 5 	 20 	 4.820969 	 0.092175 	 22896.799568 
26  	 5 	 19 	 7.992799 	 0.012251 	 3162.093880 
26  	 5 	 23 	 9.609728 	 0.005782 	 1497.230922 
27  	 5 	 16 	 9.602791 	 0.005402 	 1399.074635 
27  	 5 	 8 	 6.058934 	 0.035934 	 9167.895670 
27  	 5 	 15 	 5.417678 	 0.056730 	 14329.247363 
27  	 5 	 21 	 6.596279 	 0.025955 	 6654.215934 
27  	 5 	 7 	 9.410576 	 0.006183 	 1600.659887 
27  	 5 	 14 	 3.166600 	 0.488606 	 103313.184930 
27  	 5 	 22 	 3.647867 	 0.232153 	 54212.565550 
27  	 5 	 24 	 3.507559 	 0.266693 	 61391.995897 
27  	 5 	 9 	 6.974143 	 0.009952 	 2571.730614 
27  	 5 	 5 	 6.227891 	 0.030904 	 7903.786063 
27  	 5 	 11 	 3.505545 	 0.300001 	 68132.197007 
27  	 5 	 20 	 4.820969 	 0.092175 	 22896.799568 
27  	 5 	 19 	 7.992799 	 0.012251 	 3162.093880 
27  	 5 	 23 	 9.609728 	 0.005782 	 1497.230922 
28  	 5 	 16 	 9.602791 	 0.005402 	 1399.074635 
28  	 5 	 8 	 6.058934 	 0.035934 	 9167.895670 
28  	 5 	 15 	 5.417678 	 0.056730 	 14329.247363 
28  	 5 	 21 	 6.596279 	 0.025955 	 6654.215934 
28  	 5 	 7 	 9.410576 	 0.006183 	 1600.659887 
28  	 5 	 14 	 3.166600 	 0.488606 	 103313.184930 
28  	 5 	 22 	 3.647867 	 0.232153 	 54212.565550 
28  	 5 	 24 	 3.507559 	 0.266693 	 61391.995897 
28  	 5 	 9 	 6.974143 	 0.009952 	 2571.730614 
28  	 5 	 5 	 6.227891 	 0.030904 	 7903.786063 
28  	 5 	 11 	 3.505545 	 0.300001 	 68132.197007 
28  	 5 	 20 	 4.820969 	 0.092175 	 22896.799568 
28  	 5 	 19 	 7.992799 	 0.012251 	 3162.093880 
28  	 5 	 23 	 9.609728 	 0.005782 	 1497.230922 
29  	 5 	 16 	 9.602791 	 0.005402 	 1399.074635 
29  	 5 	 8 	 6.058934 	 0.035934 	 9167.895670 
29  	 5 	 15 	 5.417678 	 0.056730 	 14329.247363 
29  	 5 	 21 	 6.596279 	 0.025955 	 6654.215934 
29  	 5 	 7 	 9.410576 	 0.006183 	 1600.659887 
29  	 5 	 14 	 3.166600 	 0.488606 	 103313.184930 
29  	 5 	 22 	 3.647867 	 0.232153 	 54212.565550 
29  	 5 	 24 	 3.507559 	 0.266693 	 61391.995897 
29  	 5 	 9 	 6.974143 	 0.009952 	 2571.730614 
29  	 5 	 5 	 6.227891 	 0.030904 	 7903.786063 
29  	 5 	 11 	 3.505545 	 0.300001 	 68132.197007 
29  	 5 	 20 	 4.820969 	 0.092175 	 22896.799568 
29  	 5 	 19 	 7.992799 	 0.012251 	 3162.093880 
29  	 5 	 23 	 9.609728 	 0.005782 	 1497.230922 
30  	 5 	 16 	 9.602791 	 0.005402 	 1399.074635 
30  	 5 	 8 	 6.058934 	 0.035934 	 9167.895670 
30  	 5 	 15 	 5.417678 	 0.056730 	 14329.247363 
30  	 5 	 21 	 6.596279 	 0.025955 	 6654.215934 
30  	 5 	 7 	 9.410576 	 0.006183 	 1600.659887 
30  	 5 	 14 	 3.166600 	 0.488606 	 103313.184930 
30  	 5 	 22 	 3.647867 	 0.232153 	 54212.565550 
30  	 5 	 24 	 3.507559 	 0.266693 	 61391.995897 
30  	 5 	 9 	 6.974143 	 0.009952 	 2571.730614 
30  	 5 	 5 	 6.227891 	 0.030904 	 7903.786063 
30  	 5 	 11 	 3.505545 	 0.300001 	 68132.197007 
30  	 5 	 20 	 4.820969 	 0.092175 	 22896.799568 
30  	 5 	 19 	 7.992799 	 0.012251 	 3162.093880 
30  	 5 	 23 	 9.609728 	 0.005782 	 1497.230922 
31  	 5 	 16 	 9.602791 	 0.005402 	 1399.074635 
31  	 5 	 8 	 6.058934 	 0.035934 	 9167.895670 
31  	 5 	 15 	 5.417678 	 0.056730 	 14329.247363 
31  	 5 	 21 	 6.596279 	 0.025955 	 6654.215934 
31  	 5 	 7 	 9.410576 	 0.006183 	 1600.659887 
31  	 5 	 14 	 3.166600 	 0.488606 	 103313.184930 
31  	 5 	 22 	 3.647867 	 0.232153 	 54212.565550 
31  	 5 	 24 	 3.507559 	 0.266693 	 61391.995897 
31  	 5 	 9 	 6.974143 	 0.009952 	 2571.730614 
31  	 5 	 5 	 6.227891 	 0.030904 	 7903.786063 
31  	 5 	 11 	 3.505545 	 0.300001 	 68132.197007 
31  	 5 	 20 	 4.820969 	 0.092175 	 22896.799568 
31  	 5 	 19 	 7.992799 	 0.012251 	 3162.093880 
31  	 5 	 23 	 9.609728 	 0.005782 	 1497.230922 
32  	 5 	 16 	 9.602791 	 0.005402 	 1399.074635 
32  	 5 	 8 	 6.058934 	 0.035934 	 9167.895670 
32  	 5 	 15 	 5.417678 	 0.056730 	 14329.247363 
32  	 5 	 21 	 6.596279 	 0.025955 	 6654.215934 
32  	 5 	 7 	 9.410576 	 0.006183 	 1600.659887 
32  	 5 	 14 	 3.166600 	 0.488606 	 103313.184930 
32  	 5 	 22 	 3.647867 	 0.232153 	 54212.565550 
32  	 5 	 24 	 3.507559 	 0.266693 	 61391.995897 
32  	 5 	 9 	 6.974143 	 0.009952 	 2571.730614 
32  	 5 	 5 	 6.227891 	 0.030904 	 7903.786063 
32  	 5 	 11 	 3.505545 	 0.300001 	 68132.197007 
32  	 5 	 20 	 4.820969 	 0.092175 	 22896.799568 
32  	 5 	 19 	 7.992799 	 0.012251 	 3162.093880 
32  	 5 	 23 	 9.609728 	 0.005782 	 1497.230922 
33  	 5 	 16 	 9.602791 	 0.005402 	 1399.074635 
33  	 5 	 8 	 6.058934 	 0.035934 	 9167.895670 
33  	 5 	 15 	 5.417678 	 0.056730 	 14329.247363 
33  	 5 	 21 	 6.596279 	 0.025955 	 6654.215934 
33  	 5 	 7 	 9.410576 	 0.006183 	 1600.659887 
33  	 5 	 14 	 3.166600 	 0.488606 	 103313.184930 
33  	 5 	 22 	 3.647867 	 0.232153 	 54212.565550 
33  	 5 	 24 	 3.507559 	 0.266693 	 61391.995897 
33  	 5 	 9 	 6.974143 	 0.009952 	 2571.730614 
33  	 5 	 5 	 6.227891 	 0.030904 	 7903.786063 
33  	 5 	 11 	 3.505545 	 0.300001 	 68132.197007 
33  	 5 	 20 	 4.820969 	 0.092175 	 22896.799568 
33  	 5 	 19 	 7.992799 	 0.012251 	 3162.093880 
33  	 5 	 23 	 9.609728 	 0.005782 	 1497.230922 
34  	 5 	 16 	 9.602791 	 0.005402 	 1399.074635 
34  	 5 	 8 	 6.058934 	 0.035934 	 9167.895670 
34  	 5 	 15 	 5.417678 	 0.056730 	 14329.247363 
34  	 5 	 21 	 6.596279 	 0.025955 	 6654.215934 
34  	 5 	 7 	 9.410576 	 0.006183 	 1600.659887 
34  	 5 	 14 	 3.166600 	 0.488606 	 103313.184930 
34  	 5 	 22 	 3.647867 	 0.232153 	 54212.565550 
34  	 5 	 24 	 3.507559 	 0.266693 	 61391.995897 
34  	 5 	 9 	 6.974143 	 0.009952 	 2571.730614 
34  	 5 	 5 	 6.227891 	 0.030904 	 7903.786063 
34  	 5 	 11 	 3.505545 	 0.300001 	 68132.197007 
34  	 5 	 20 	 4.820969 	 0.092175 	 22896.799568 
34  	 5 	 19 	 7.992799 	 0.012251 	 3162.093880 
34  	 5 	 23 	 9.609728 	 0.005782 	 1497.230922 
35  	 5 	 16 	 9.602791 	 0.005402 	 1399.074635 
35  	 5 	 8 	 6.058934 	 0.035934 	 9167.895670 
35  	 5 	 15 	 5.417678 	 0.056730 	 14329.247363 
35  	 5 	 21 	 6.596279 	 0.025955 	 6654.215934 
35  	 5 	 7 	 9.410576 	 0.006183 	 1600.659887 
35  	 5 	 14 	 3.166600 	 0.488606 	 103313.184930 
35  	 5 	 22 	 3.647867 	 0.232153 	 54212.565550 
35  	 5 	 24 	 3.507559 	 0.266693 	 61391.995897 
35  	 5 	 9 	 6.974143 	 0.009952 	 2571.730614 
35  	 5 	 5 	 6.227891 	 0.030904 	 7903.786063 
35  	 5 	 11 	 3.505545 	 0.300001 	 68132.197007 
35  	 5 	 20 	 4.820969 	 0.092175 	 22896.799568 
35  	 5 	 19 	 7.992799 	 0.012251 	 3162.093880 
35  	 5 	 23 	 9.609728 	 0.005782 	 1497.230922 
36  	 5 	 16 	 9.602791 	 0.005402 	 1399.074635 
36  	 5 	 8 	 6.058934 	 0.035934 	 9167.895670 
36  	 5 	 15 	 5.417678 	 0.056730 	 14329.247363 
36  	 5 	 21 	 6.596279 	 0.025955 	 6654.215934 
36  	 5 	 7 	 9.410576 	 0.006183 	 1600.659887 
36  	 5 	 14 	 3.166600 	 0.488606 	 103313.184930 
36  	 5 	 22 	 3.647867 	 0.232153 	 54212.565550 
36  	 5 	 24 	 3.507559 	 0.266693 	 61391.995897 
36  	 5 	 9 	 6.974143 	 0.009952 	 2571.730614 
36  	 5 	 5 	 6.227891 	 0.030904 	 7903.786063 
36  	 5 	 11 	 3.505545 	 0.300001 	 68132.197007 
36  	 5 	 20 	 4.820969 	 0.092175 	 22896.799568 
36  	 5 	 19 	 7.992799 	 0.012251 	 3162.093880 
36  	 5 	 23 	 9.609728 	 0.005782 	 1497.230922 
37  	 5 	 16 	 9.602791 	 0.005402 	 1399.074635 
37  	 5 	 8 	 6.058934 	 0.035934 	 9167.895670 
37  	 5 	 15 	 5.417678 	 0.056730 	 14329.247363 
37  	 5 	 21 	 6.596279 	 0.025955 	 6654.215934 
37  	 5 	 7 	 9.410576 	 0.006183 	 1600.659887 
37  	 5 	 14 	 3.166600 	 0.488606 	 103313.184930 
37  	 5 	 22 	 3.647867 	 0.232153 	 54212.565550 
37  	 5 	 24 	 3.507559 	 0.266693 	 61391.995897 
37  	 5 	 9 	 6.974143 	 0.009952 	 2571.730614 
37  	 5 	 5 	 6.227891 	 0.030904 	 7903.786063 
37  	 5 	 11 	 3.505545 	 0.300001 	 68132.197007 
37  	 5 	 20 	 4.820969 	 0.092175 	 22896.799568 
37  	 5 	 19 	 7.992799 	 0.012251 	 3162.093880 
37  	 5 	 23 	 9.609728 	 0.005782 	 1497.230922 
38  	 5 	 16 	 9.602791 	 0.005402 	 1399.074635 
38  	 5 	 8 	 6.058934 	 0.035934 	 9167.895670 
38  	 5 	 15 	 5.417678 	 0.056730 	 14329.247363 
38  	 5 	 21 	 6.596279 	 0.025955 	 6654.215934 
38  	 5 	 7 	 9.410576 	 0.006183 	 1600.659887 
38  	 5 	 14 	 3.166600 	 0.488606 	 103313.184930 
38  	 5 	 22 	 3.647867 	 0.232153 	 54212.565550 
38  	 5 	 24 	 3.507559 	 0.266693 	 61391.995897 
38  	 5 	 9 	 6.974143 	 0.009952 	 2571.730614 
38  	 5 	 5 	 6.227891 	 0.030904 	 7903.786063 
38  	 5 	 11 	 3.505545 	 0.300001 	 68132.197007 
38  	 5 	 20 	 4.820969 	 0.092175 	 22896.799568 
38  	 5 	 19 	 7.992799 	 0.012251 	 3162.093880 
38  	 5 	 23 	 9.609728 	 0.005782 	 1497.230922 
39  	 5 	 16 	 9.602791 	 0.005402 	 1399.074635 
39  	 5 	 8 	 6.058934 	 0.035934 	 9167.895670 
39  	 5 	 15 	 5.417678 	 0.056730 	 14329.247363 
39  	 5 	 21 	 6.596279 	 0.025955 	 6654.215934 
39  	 5 	 7 	 9.410576 	 0.006183 	 1600.659887 
39  	 5 	 14 	 3.166600 	 0.488606 	 103313.184930 
39  	 5 	 22 	 3.647867 	 0.232153 	 54212.565550 
39  	 5 	 24 	 3.507559 	 0.266693 	 61391.995897 
39  	 5 	 9 	 6.974143 	 0.009952 	 2571.730614 
39  	 5 	 5 	 6.227891 	 0.030904 	 7903.786063 
39  	 5 	 11 	 3.505545 	 0.300001 	 68132.197007 
39  	 5 	 20 	 4.820969 	 0.092175 	 22896.799568 
39  	 5 	 19 	 7.992799 	 0.012251 	 3162.093880 
39  	 5 	 23 	 9.609728 	 0.005782 	 1497.230922 
40  	 5 	 16 	 9.602791 	 0.005402 	 1399.074635 
40  	 5 	 8 	 6.058934 	 0.035934 	 9167.895670 
40  	 5 	 15 	 5.417678 	 0.056730 	 14329.247363 
40  	 5 	 21 	 6.596279 	 0.025955 	 6654.215934 
40  	 5 	 7 	 9.410576 	 0.006183 	 1600.659887 
40  	 5 	 14 	 3.166600 	 0.488606 	 103313.184930 
40  	 5 	 22 	 3.647867 	 0.232153 	 54212.565550 
40  	 5 	 24 	 3.507559 	 0.266693 	 61391.995897 
40  	 5 	 9 	 6.974143 	 0.009952 	 2571.730614 
40  	 5 	 5 	 6.227891 	 0.030904 	 7903.786063 
40  	 5 	 11 	 3.505545 	 0.300001 	 68132.197007 
40  	 5 	 20 	 4.820969 	 0.092175 	 22896.799568 
40  	 5 	 19 	 7.992799 	 0.012251 	 3162.093880 
40  	 5 	 23 	 9.609728 	 0.005782 	 1497.230922 
41  	 5 	 16 	 9.602791 	 0.005402 	 1399.074635 
41  	 5 	 8 	 6.058934 	 0.035934 	 9167.895670 
41  	 5 	 15 	 5.417678 	 0.056730 	 14329.247363 
41  	 5 	 21 	 6.596279 	 0.025955 	 6654.215934 
41  	 5 	 7 	 9.410576 	 0.006183 	 1600.659887 
41  	 5 	 14 	 3.166600 	 0.488606 	 103313.184930 
41  	 5 	 22 	 3.647867 	 0.232153 	 54212.565550 
41  	 5 	 24 	 3.507559 	 0.266693 	 61391.995897 
41  	 5 	 9 	 6.974143 	 0.009952 	 2571.730614 
41  	 5 	 5 	 6.227891 	 0.030904 	 7903.786063 
41  	 5 	 11 	 3.505545 	 0.300001 	 68132.197007 
41  	 5 	 20 	 4.820969 	 0.092175 	 22896.799568 
41  	 5 	 19 	 7.992799 	 0.012251 	 3162.093880 
41  	 5 	 23 	 9.609728 	 0.005782 	 1497.230922 
42  	 5 	 16 	 9.602791 	 0.005402 	 1399.074635 
42  	 5 	 8 	 6.058934 	 0.035934 	 9167.895670 
42  	 5 	 15 	 5.417678 	 0.056730 	 14329.247363 
42  	 5 	 21 	 6.596279 	 0.025955 	 6654.215934 
42  	 5 	 7 	 9.410576 	 0.006183 	 1600.659887 
42  	 5 	 14 	 3.166600 	 0.488606 	 103313.184930 
42  	 5 	 22 	 3.647867 	 0.232153 	 54212.565550 
42  	 5 	 24 	 3.507559 	 0.266693 	 61391.995897 
42  	 5 	 9 	 6.974143 	 0.009952 	 2571.730614 
42  	 5 	 5 	 6.227891 	 0.030904 	 7903.786063 
42  	 5 	 11 	 3.505545 	 0.300001 	 68132.197007 
42  	 5 	 20 	 4.820969 	 0.092175 	 22896.799568 
42  	 5 	 19 	 7.992799 	 0.012251 	 3162.093880 
42  	 5 	 23 	 9.609728 	 0.005782 	 1497.230922 
43  	 5 	 16 	 9.602791 	 0.005402 	 1399.074635 
43  	 5 	 8 	 6.058934 	 0.035934 	 9167.895670 
43  	 5 	 15 	 5.417678 	 0.056730 	 14329.247363 
43  	 5 	 21 	 6.596279 	 0.025955 	 6654.215934 
43  	 5 	 7 	 9.410576 	 0.006183 	 1600.659887 
43  	 5 	 14 	 3.166600 	 0.488606 	 103313.184930 
43  	 5 	 22 	 3.647867 	 0.232153 	 54212.565550 
43  	 5 	 24 	 3.507559 	 0.266693 	 61391.995897 
43  	 5 	 9 	 6.974143 	 0.009952 	 2571.730614 
43  	 5 	 5 	 6.227891 	 0.030904 	 7903.786063 
43  	 5 	 11 	 3.505545 	 0.300001 	 68132.197007 
43  	 5 	 20 	 4.820969 	 0.092175 	 22896.799568 
43  	 5 	 19 	 7.992799 	 0.012251 	 3162.093880 
43  	 5 	 23 	 9.609728 	 0.005782 	 1497.230922 
44  	 5 	 16 	 9.602791 	 0.005402 	 1399.074635 
44  	 5 	 8 	 6.058934 	 0.035934 	 9167.895670 
44  	 5 	 15 	 5.417678 	 0.056730 	 14329.247363 
44  	 5 	 21 	 6.596279 	 0.025955 	 6654.215934 
44  	 5 	 7 	 9.410576 	 0.006183 	 1600.659887 
44  	 5 	 14 	 3.166600 	 0.488606 	 103313.184930 
44  	 5 	 22 	 3.647867 	 0.232153 	 54212.565550 
44  	 5 	 24 	 3.507559 	 0.266693 	 61391.995897 
44  	 5 	 9 	 6.974143 	 0.009952 	 2571.730614 
44  	 5 	 5 	 6.227891 	 0.030904 	 7903.786063 
44  	 5 	 11 	 3.505545 	 0.300001 	 68132.197007 
44  	 5 	 20 	 4.820969 	 0.092175 	 22896.799568 
44  	 5 	 19 	 7.992799 	 0.012251 	 3162.093880 
44  	 5 	 23 	 9.609728 	 0.005782 	 1497.230922 
45  	 5 	 16 	 9.602791 	 0.005402 	 1399.074635 
45  	 5 	 8 	 6.058934 	 0.035934 	 9167.895670 
45  	 5 	 15 	 5.417678 	 0.056730 	 14329.247363 
45  	 5 	 21 	 6.596279 	 0.025955 	 6654.215934 
45  	 5 	 7 	 9.410576 	 0.006183 	 1600.659887 
45  	 5 	 14 	 3.166600 	 0.488606 	 103313.184930 
45  	 5 	 22 	 3.647867 	 0.232153 	 54212.565550 
45  	 5 	 24 	 3.507559 	 0.266693 	 61391.995897 
45  	 5 	 9 	 6.974143 	 0.009952 	 2571.730614 
45  	 5 	 5 	 6.227891 	 0.030904 	 7903.786063 
45  	 5 	 11 	 3.505545 	 0.300001 	 68132.197007 
45  	 5 	 20 	 4.820969 	 0.092175 	 22896.799568 
45  	 5 	 19 	 7.992799 	 0.012251 	 3162.093880 
45  	 5 	 23 	 9.609728 	 0.005782 	 1497.230922 
46  	 5 	 16 	 9.602791 	 0.005402 	 1399.074635 
46  	 5 	 8 	 6.058934 	 0.035934 	 9167.895670 
46  	 5 	 15 	 5.417678 	 0.056730 	 14329.247363 
46  	 5 	 21 	 6.596279 	 0.025955 	 6654.215934 
46  	 5 	 7 	 9.410576 	 0.006183 	 1600.659887 
46  	 5 	 14 	 3.166600 	 0.488606 	 103313.184930 
46  	 5 	 22 	 3.647867 	 0.232153 	 54212.565550 
46  	 5 	 24 	 3.507559 	 0.266693 	 61391.995897 
46  	 5 	 9 	 6.974143 	 0.009952 	 2571.730614 
46  	 5 	 5 	 6.227891 	 0.030904 	 7903.786063 
46  	 5 	 11 	 3.505545 	 0.300001 	 68132.197007 
46  	 5 	 20 	 4.820969 	 0.092175 	 22896.799568 
46  	 5 	 19 	 7.992799 	 0.012251 	 3162.093880 
46  	 5 	 23 	 9.609728 	 0.005782 	 1497.230922 
47  	 5 	 16 	 9.602791 	 0.005402 	 1399.074635 
47  	 5 	 8 	 6.058934 	 0.035934 	 9167.895670 
47  	 5 	 15 	 5.417678 	 0.056730 	 14329.247363 
47  	 5 	 21 	 6.596279 	 0.025955 	 6654.215934 
47  	 5 	 7 	 9.410576 	 0.006183 	 1600.659887 
47  	 5 	 14 	 3.166600 	 0.488606 	 103313.184930 
47  	 5 	 22 	 3.647867 	 0.232153 	 54212.565550 
47  	 5 	 24 	 3.507559 	 0.266693 	 61391.995897 
47  	 5 	 9 	 6.974143 	 0.009952 	 2571.730614 
47  	 5 	 5 	 6.227891 	 0.030904 	 7903.786063 
47  	 5 	 11 	 3.505545 	 0.300001 	 68132.197007 
47  	 5 	 20 	 4.820969 	 0.092175 	 22896.799568 
47  	 5 	 19 	 7.992799 	 0.012251 	 3162.093880 
47  	 5 	 23 	 9.609728 	 0.005782 	 1497.230922 
48  	 5 	 16 	 9.602791 	 0.005402 	 1399.074635 
48  	 5 	 8 	 6.058934 	 0.035934 	 9167.895670 
48  	 5 	 15 	 5.417678 	 0.056730 	 14329.247363 
48  	 5 	 21 	 6.596279 	 0.025955 	 6654.215934 
48  	 5 	 7 	 9.410576 	 0.006183 	 1600.659887 
48  	 5 	 14 	 3.166600 	 0.488606 	 103313.184930 
48  	 5 	 22 	 3.647867 	 0.232153 	 54212.565550 
48  	 5 	 24 	 3.507559 	 0.266693 	 61391.995897 
48  	 5 	 9 	 6.974143 	 0.009952 	 2571.730614 
48  	 5 	 5 	 6.227891 	 0.030904 	 7903.786063 
48  	 5 	 11 	 3.505545 	 0.300001 	 68132.197007 
48  	 5 	 20 	 4.820969 	 0.092175 	 22896.799568 
48  	 5 	 19 	 7.992799 	 0.012251 	 3162.093880 
48  	 5 	 23 	 9.609728 	 0.005782 	 1497.230922 
49  	 5 	 16 	 9.602791 	 0.005402 	 1399.074635 
49  	 5 	 8 	 6.058934 	 0.035934 	 9167.895670 
49  	 5 	 15 	 5.417678 	 0.056730 	 14329.247363 
49  	 5 	 21 	 6.596279 	 0.025955 	 6654.215934 
49  	 5 	 7 	 9.410576 	 0.006183 	 1600.659887 
49  	 5 	 14 	 3.166600 	 0.488606 	 103313.184930 
49  	 5 	 22 	 3.647867 	 0.232153 	 54212.565550 
49  	 5 	 24 	 3.507559 	 0.266693 	 61391.995897 
49  	 5 	 9 	 6.974143 	 0.009952 	 2571.730614 
49  	 5 	 5 	 6.227891 	 0.030904 	 7903.786063 
49  	 5 	 11 	 3.505545 	 0.300001 	 68132.197007 
49  	 5 	 20 	 4.820969 	 0.092175 	 22896.799568 
49  	 5 	 19 	 7.992799 	 0.012251 	 3162.093880 
49  	 5 	 23 	 9.609728 	 0.005782 	 1497.230922 
50  	 5 	 16 	 9.602791 	 0.005402 	 1399.074635 
50  	 5 	 8 	 6.058934 	 0.035934 	 9167.895670 
50  	 5 	 15 	 5.417678 	 0.056730 	 14329.247363 
50  	 5 	 21 	 6.596279 	 0.025955 	 6654.215934 
50  	 5 	 7 	 9.410576 	 0.006183 	 1600.659887 
50  	 5 	 14 	 3.166600 	 0.488606 	 103313.184930 
50  	 5 	 22 	 3.647867 	 0.232153 	 54212.565550 
50  	 5 	 24 	 3.507559 	 0.266693 	 61391.995897 
50  	 5 	 9 	 6.974143 	 0.009952 	 2571.730614 
50  	 5 	 5 	 6.227891 	 0.030904 	 7903.786063 
50  	 5 	 11 	 3.505545 	 0.300001 	 68132.197007 
50  	 5 	 20 	 4.820969 	 0.092175 	 22896.799568 
50  	 5 	 19 	 7.992799 	 0.012251 	 3162.093880 
50  	 5 	 23 	 9.609728 	 0.005782 	 1497.230922 
51  	 5 	 16 	 9.602791 	 0.005402 	 1399.074635 
51  	 5 	 8 	 6.058934 	 0.035934 	 9167.895670 
51  	 5 	 15 	 5.417678 	 0.056730 	 14329.247363 
51  	 5 	 21 	 6.596279 	 0.025955 	 6654.215934 
51  	 5 	 7 	 9.410576 	 0.006183 	 1600.659887 
51  	 5 	 14 	 3.166600 	 0.488606 	 103313.184930 
51  	 5 	 22 	 3.647867 	 0.232153 	 54212.565550 
51  	 5 	 24 	 3.507559 	 0.266693 	 61391.995897 
51  	 5 	 9 	 6.974143 	 0.009952 	 2571.730614 
51  	 5 	 5 	 6.227891 	 0.030904 	 7903.786063 
51  	 5 	 11 	 3.505545 	 0.300001 	 68132.197007 
51  	 5 	 20 	 4.820969 	 0.092175 	 22896.799568 
51  	 5 	 19 	 7.992799 	 0.012251 	 3162.093880 
51  	 5 	 23 	 9.609728 	 0.005782 	 1497.230922 
52  	 5 	 16 	 9.602791 	 0.005402 	 1399.074635 
52  	 5 	 8 	 6.058934 	 0.035934 	 9167.895670 
52  	 5 	 15 	 5.417678 	 0.056730 	 14329.247363 
52  	 5 	 21 	 6.596279 	 0.025955 	 6654.215934 
52  	 5 	 7 	 9.410576 	 0.006183 	 1600.659887 
52  	 5 	 14 	 3.166600 	 0.488606 	 103313.184930 
52  	 5 	 22 	 3.647867 	 0.232153 	 54212.565550 
52  	 5 	 24 	 3.507559 	 0.266693 	 61391.995897 
52  	 5 	 9 	 6.974143 	 0.009952 	 2571.730614 
52  	 5 	 5 	 6.227891 	 0.030904 	 7903.786063 
52  	 5 	 11 	 3.505545 	 0.300001 	 68132.197007 
52  	 5 	 20 	 4.820969 	 0.092175 	 22896.799568 
52  	 5 	 19 	 7.992799 	 0.012251 	 3162.093880 
52  	 5 	 23 	 9.609728 	 0.005782 	 1497.230922 
53  	 5 	 16 	 9.602791 	 0.005402 	 1399.074635 
53  	 5 	 8 	 6.058934 	 0.035934 	 9167.895670 
53  	 5 	 15 	 5.417678 	 0.056730 	 14329.247363 
53  	 5 	 21 	 6.596279 	 0.025955 	 6654.215934 
53  	 5 	 7 	 9.410576 	 0.006183 	 1600.659887 
53  	 5 	 14 	 3.166600 	 0.488606 	 103313.184930 
53  	 5 	 22 	 3.647867 	 0.232153 	 54212.565550 
53  	 5 	 24 	 3.507559 	 0.266693 	 61391.995897 
53  	 5 	 9 	 6.974143 	 0.009952 	 2571.730614 
53  	 5 	 5 	 6.227891 	 0.030904 	 7903.786063 
53  	 5 	 11 	 3.505545 	 0.300001 	 68132.197007 
53  	 5 	 20 	 4.820969 	 0.092175 	 22896.799568 
53  	 5 	 19 	 7.992799 	 0.012251 	 3162.093880 
53  	 5 	 23 	 9.609728 	 0.005782 	 1497.230922 
54  	 5 	 16 	 9.602791 	 0.005402 	 1399.074635 
54  	 5 	 8 	 6.058934 	 0.035934 	 9167.895670 
54  	 5 	 15 	 5.417678 	 0.056730 	 14329.247363 
54  	 5 	 21 	 6.596279 	 0.025955 	 6654.215934 
54  	 5 	 7 	 9.410576 	 0.006183 	 1600.659887 
54  	 5 	 14 	 3.166600 	 0.488606 	 103313.184930 
54  	 5 	 22 	 3.647867 	 0.232153 	 54212.565550 
54  	 5 	 24 	 3.507559 	 0.266693 	 61391.995897 
54  	 5 	 9 	 6.974143 	 0.009952 	 2571.730614 
54  	 5 	 5 	 6.227891 	 0.030904 	 7903.786063 
54  	 5 	 11 	 3.505545 	 0.300001 	 68132.197007 
54  	 5 	 20 	 4.820969 	 0.092175 	 22896.799568 
54  	 5 	 19 	 7.992799 	 0.012251 	 3162.093880 
54  	 5 	 23 	 9.609728 	 0.005782 	 1497.230922 
55  	 5 	 16 	 9.602791 	 0.005402 	 1399.074635 
55  	 5 	 8 	 6.058934 	 0.035934 	 9167.895670 
55  	 5 	 15 	 5.417678 	 0.056730 	 14329.247363 
55  	 5 	 21 	 6.596279 	 0.025955 	 6654.215934 
55  	 5 	 7 	 9.410576 	 0.006183 	 1600.659887 
55  	 5 	 14 	 3.166600 	 0.488606 	 103313.184930 
55  	 5 	 22 	 3.647867 	 0.232153 	 54212.565550 
55  	 5 	 24 	 3.507559 	 0.266693 	 61391.995897 
55  	 5 	 9 	 6.974143 	 0.009952 	 2571.730614 
55  	 5 	 5 	 6.227891 	 0.030904 	 7903.786063 
55  	 5 	 11 	 3.505545 	 0.300001 	 68132.197007 
55  	 5 	 20 	 4.820969 	 0.092175 	 22896.799568 
55  	 5 	 19 	 7.992799 	 0.012251 	 3162.093880 
55  	 5 	 23 	 9.609728 	 0.005782 	 1497.230922 
56  	 5 	 16 	 9.602791 	 0.005402 	 1399.074635 
56  	 5 	 8 	 6.058934 	 0.035934 	 9167.895670 
56  	 5 	 15 	 5.417678 	 0.056730 	 14329.247363 
56  	 5 	 21 	 6.596279 	 0.025955 	 6654.215934 
56  	 5 	 7 	 9.410576 	 0.006183 	 1600.659887 
56  	 5 	 14 	 3.166600 	 0.488606 	 103313.184930 
56  	 5 	 22 	 3.647867 	 0.232153 	 54212.565550 
56  	 5 	 24 	 3.507559 	 0.266693 	 61391.995897 
56  	 5 	 9 	 6.974143 	 0.009952 	 2571.730614 
56  	 5 	 5 	 6.227891 	 0.030904 	 7903.786063 
56  	 5 	 11 	 3.505545 	 0.300001 	 68132.197007 
56  	 5 	 20 	 4.820969 	 0.092175 	 22896.799568 
56  	 5 	 19 	 7.992799 	 0.012251 	 3162.093880 
56  	 5 	 23 	 9.609728 	 0.005782 	 1497.230922 
57  	 5 	 16 	 9.602791 	 0.005402 	 1399.074635 
57  	 5 	 8 	 6.058934 	 0.035934 	 9167.895670 
57  	 5 	 15 	 5.417678 	 0.056730 	 14329.247363 
57  	 5 	 21 	 6.596279 	 0.025955 	 6654.215934 
57  	 5 	 7 	 9.410576 	 0.006183 	 1600.659887 
57  	 5 	 14 	 3.166600 	 0.488606 	 103313.184930 
57  	 5 	 22 	 3.647867 	 0.232153 	 54212.565550 
57  	 5 	 24 	 3.507559 	 0.266693 	 61391.995897 
57  	 5 	 9 	 6.974143 	 0.009952 	 2571.730614 
57  	 5 	 5 	 6.227891 	 0.030904 	 7903.786063 
57  	 5 	 11 	 3.505545 	 0.300001 	 68132.197007 
57  	 5 	 20 	 4.820969 	 0.092175 	 22896.799568 
57  	 5 	 19 	 7.992799 	 0.012251 	 3162.093880 
57  	 5 	 23 	 9.609728 	 0.005782 	 1497.230922 
58  	 5 	 16 	 9.602791 	 0.005402 	 1399.074635 
58  	 5 	 8 	 6.058934 	 0.035934 	 9167.895670 
58  	 5 	 15 	 5.417678 	 0.056730 	 14329.247363 
58  	 5 	 21 	 6.596279 	 0.025955 	 6654.215934 
58  	 5 	 7 	 9.410576 	 0.006183 	 1600.659887 
58  	 5 	 14 	 3.166600 	 0.488606 	 103313.184930 
58  	 5 	 22 	 3.647867 	 0.232153 	 54212.565550 
58  	 5 	 24 	 3.507559 	 0.266693 	 61391.995897 
58  	 5 	 9 	 6.974143 	 0.009952 	 2571.730614 
58  	 5 	 5 	 6.227891 	 0.030904 	 7903.786063 
58  	 5 	 11 	 3.505545 	 0.300001 	 68132.197007 
58  	 5 	 20 	 4.820969 	 0.092175 	 22896.799568 
58  	 5 	 19 	 7.992799 	 0.012251 	 3162.093880 
58  	 5 	 23 	 9.609728 	 0.005782 	 1497.230922 
59  	 5 	 16 	 9.602791 	 0.005402 	 1399.074635 
59  	 5 	 8 	 6.058934 	 0.035934 	 9167.895670 
59  	 5 	 15 	 5.417678 	 0.056730 	 14329.247363 
59  	 5 	 21 	 6.596279 	 0.025955 	 6654.215934 
59  	 5 	 7 	 9.410576 	 0.006183 	 1600.659887 
59  	 5 	 14 	 3.166600 	 0.488606 	 103313.184930 
59  	 5 	 22 	 3.647867 	 0.232153 	 54212.565550 
59  	 5 	 24 	 3.507559 	 0.266693 	 61391.995897 
59  	 5 	 9 	 6.974143 	 0.009952 	 2571.730614 
59  	 5 	 5 	 6.227891 	 0.030904 	 7903.786063 
59  	 5 	 11 	 3.505545 	 0.300001 	 68132.197007 
59  	 5 	 20 	 4.820969 	 0.092175 	 22896.799568 
59  	 5 	 19 	 7.992799 	 0.012251 	 3162.093880 
59  	 5 	 23 	 9.609728 	 0.005782 	 1497.230922 
60  	 5 	 16 	 9.602791 	 0.005402 	 1399.074635 
60  	 5 	 8 	 6.058934 	 0.035934 	 9167.895670 
60  	 5 	 15 	 5.417678 	 0.056730 	 14329.247363 
60  	 5 	 21 	 6.596279 	 0.025955 	 6654.215934 
60  	 5 	 7 	 9.410576 	 0.006183 	 1600.659887 
60  	 5 	 14 	 3.166600 	 0.488606 	 103313.184930 
60  	 5 	 22 	 3.647867 	 0.232153 	 54212.565550 
60  	 5 	 24 	 3.507559 	 0.266693 	 61391.995897 
60  	 5 	 9 	 6.974143 	 0.009952 	 2571.730614 
60  	 5 	 5 	 6.227891 	 0.030904 	 7903.786063 
60  	 5 	 11 	 3.505545 	 0.300001 	 68132.197007 
60  	 5 	 20 	 4.820969 	 0.092175 	 22896.799568 
60  	 5 	 19 	 7.992799 	 0.012251 	 3162.093880 
60  	 5 	 23 	 9.609728 	 0.005782 	 1497.230922 
61  	 5 	 16 	 9.602791 	 0.005402 	 1399.074635 
61  	 5 	 8 	 6.058934 	 0.035934 	 9167.895670 
61  	 5 	 15 	 5.417678 	 0.056730 	 14329.247363 
61  	 5 	 21 	 6.596279 	 0.025955 	 6654.215934 
61  	 5 	 7 	 9.410576 	 0.006183 	 1600.659887 
61  	 5 	 14 	 3.166600 	 0.488606 	 103313.184930 
61  	 5 	 22 	 3.647867 	 0.232153 	 54212.565550 
61  	 5 	 24 	 3.507559 	 0.266693 	 61391.995897 
61  	 5 	 9 	 6.974143 	 0.009952 	 2571.730614 
61  	 5 	 5 	 6.227891 	 0.030904 	 7903.786063 
61  	 5 	 11 	 3.505545 	 0.300001 	 68132.197007 
61  	 5 	 20 	 4.820969 	 0.092175 	 22896.799568 
61  	 5 	 19 	 7.992799 	 0.012251 	 3162.093880 
61  	 5 	 23 	 9.609728 	 0.005782 	 1497.230922 
62  	 5 	 16 	 9.602791 	 0.005402 	 1399.074635 
62  	 5 	 8 	 6.058934 	 0.035934 	 9167.895670 
62  	 5 	 15 	 5.417678 	 0.056730 	 14329.247363 
62  	 5 	 21 	 6.596279 	 0.025955 	 6654.215934 
62  	 5 	 7 	 9.410576 	 0.006183 	 1600.659887 
62  	 5 	 14 	 3.166600 	 0.488606 	 103313.184930 
62  	 5 	 22 	 3.647867 	 0.232153 	 54212.565550 
62  	 5 	 24 	 3.507559 	 0.266693 	 61391.995897 
62  	 5 	 9 	 6.974143 	 0.009952 	 2571.730614 
62  	 5 	 5 	 6.227891 	 0.030904 	 7903.786063 
62  	 5 	 11 	 3.505545 	 0.300001 	 68132.197007 
62  	 5 	 20 	 4.820969 	 0.092175 	 22896.799568 
62  	 5 	 19 	 7.992799 	 0.012251 	 3162.093880 
62  	 5 	 23 	 9.609728 	 0.005782 	 1497.230922 
63  	 5 	 16 	 9.602791 	 0.005402 	 1399.074635 
63  	 5 	 8 	 6.058934 	 0.035934 	 9167.895670 
63  	 5 	 15 	 5.417678 	 0.056730 	 14329.247363 
63  	 5 	 21 	 6.596279 	 0.025955 	 6654.215934 
63  	 5 	 7 	 9.410576 	 0.006183 	 1600.659887 
63  	 5 	 14 	 3.166600 	 0.488606 	 103313.184930 
63  	 5 	 22 	 3.647867 	 0.232153 	 54212.565550 
63  	 5 	 24 	 3.507559 	 0.266693 	 61391.995897 
63  	 5 	 9 	 6.974143 	 0.009952 	 2571.730614 
63  	 5 	 5 	 6.227891 	 0.030904 	 7903.786063 
63  	 5 	 11 	 3.505545 	 0.300001 	 68132.197007 
63  	 5 	 20 	 4.820969 	 0.092175 	 22896.799568 
63  	 5 	 19 	 7.992799 	 0.012251 	 3162.093880 
63  	 5 	 23 	 9.609728 	 0.005782 	 1497.230922 
64  	 5 	 16 	 9.602791 	 0.005402 	 1399.074635 
64  	 5 	 8 	 6.058934 	 0.035934 	 9167.895670 
64  	 5 	 15 	 5.417678 	 0.056730 	 14329.247363 
64  	 5 	 21 	 6.596279 	 0.025955 	 6654.215934 
64  	 5 	 7 	 9.410576 	 0.006183 	 1600.659887 
64  	 5 	 14 	 3.166600 	 0.488606 	 103313.184930 
64  	 5 	 22 	 3.647867 	 0.232153 	 54212.565550 
64  	 5 	 24 	 3.507559 	 0.266693 	 61391.995897 
64  	 5 	 9 	 6.974143 	 0.009952 	 2571.730614 
64  	 5 	 5 	 6.227891 	 0.030904 	 7903.786063 
64  	 5 	 11 	 3.505545 	 0.300001 	 68132.197007 
64  	 5 	 20 	 4.820969 	 0.092175 	 22896.799568 
64  	 5 	 19 	 7.992799 	 0.012251 	 3162.093880 
64  	 5 	 23 	 9.609728 	 0.005782 	 1497.230922 
65  	 5 	 16 	 9.602791 	 0.005402 	 1399.074635 
65  	 5 	 8 	 6.058934 	 0.035934 	 9167.895670 
65  	 5 	 15 	 5.417678 	 0.056730 	 14329.247363 
65  	 5 	 21 	 6.596279 	 0.025955 	 6654.215934 
65  	 5 	 7 	 9.410576 	 0.006183 	 1600.659887 
65  	 5 	 14 	 3.166600 	 0.488606 	 103313.184930 
65  	 5 	 22 	 3.647867 	 0.232153 	 54212.565550 
65  	 5 	 24 	 3.507559 	 0.266693 	 61391.995897 
65  	 5 	 9 	 6.974143 	 0.009952 	 2571.730614 
65  	 5 	 5 	 6.227891 	 0.030904 	 7903.786063 
65  	 5 	 11 	 3.505545 	 0.300001 	 68132.197007 
65  	 5 	 20 	 4.820969 	 0.092175 	 22896.799568 
65  	 5 	 19 	 7.992799 	 0.012251 	 3162.093880 
65  	 5 	 23 	 9.609728 	 0.005782 	 1497.230922 
66  	 5 	 16 	 9.602791 	 0.005402 	 1399.074635 
66  	 5 	 8 	 6.058934 	 0.035934 	 9167.895670 
66  	 5 	 15 	 5.417678 	 0.056730 	 14329.247363 
66  	 5 	 21 	 6.596279 	 0.025955 	 6654.215934 
66  	 5 	 7 	 9.410576 	 0.006183 	 1600.659887 
66  	 5 	 14 	 3.166600 	 0.488606 	 103313.184930 
66  	 5 	 22 	 3.647867 	 0.232153 	 54212.565550 
66  	 5 	 24 	 3.507559 	 0.266693 	 61391.995897 
66  	 5 	 9 	 6.974143 	 0.009952 	 2571.730614 
66  	 5 	 5 	 6.227891 	 0.030904 	 7903.786063 
66  	 5 	 11 	 3.505545 	 0.300001 	 68132.197007 
66  	 5 	 20 	 4.820969 	 0.092175 	 22896.799568 
66  	 5 	 19 	 7.992799 	 0.012251 	 3162.093880 
66  	 5 	 23 	 9.609728 	 0.005782 	 1497.230922 
67  	 5 	 16 	 9.602791 	 0.005402 	 1399.074635 
67  	 5 	 8 	 6.058934 	 0.035934 	 9167.895670 
67  	 5 	 15 	 5.417678 	 0.056730 	 14329.247363 
67  	 5 	 21 	 6.596279 	 0.025955 	 6654.215934 
67  	 5 	 7 	 9.410576 	 0.006183 	 1600.659887 
67  	 5 	 14 	 3.166600 	 0.488606 	 103313.184930 
67  	 5 	 22 	 3.647867 	 0.232153 	 54212.565550 
67  	 5 	 24 	 3.507559 	 0.266693 	 61391.995897 
67  	 5 	 9 	 6.974143 	 0.009952 	 2571.730614 
67  	 5 	 5 	 6.227891 	 0.030904 	 7903.786063 
67  	 5 	 11 	 3.505545 	 0.300001 	 68132.197007 
67  	 5 	 20 	 4.820969 	 0.092175 	 22896.799568 
67  	 5 	 19 	 7.992799 	 0.012251 	 3162.093880 
67  	 5 	 23 	 9.609728 	 0.005782 	 1497.230922 
68  	 5 	 16 	 9.602791 	 0.005402 	 1399.074635 
68  	 5 	 8 	 6.058934 	 0.035934 	 9167.895670 
68  	 5 	 15 	 5.417678 	 0.056730 	 14329.247363 
68  	 5 	 21 	 6.596279 	 0.025955 	 6654.215934 
68  	 5 	 7 	 9.410576 	 0.006183 	 1600.659887 
68  	 5 	 14 	 3.166600 	 0.488606 	 103313.184930 
68  	 5 	 22 	 3.647867 	 0.232153 	 54212.565550 
68  	 5 	 24 	 3.507559 	 0.266693 	 61391.995897 
68  	 5 	 9 	 6.974143 	 0.009952 	 2571.730614 
68  	 5 	 5 	 6.227891 	 0.030904 	 7903.786063 
68  	 5 	 11 	 3.505545 	 0.300001 	 68132.197007 
68  	 5 	 20 	 4.820969 	 0.092175 	 22896.799568 
68  	 5 	 19 	 7.992799 	 0.012251 	 3162.093880 
68  	 5 	 23 	 9.609728 	 0.005782 	 1497.230922 
69  	 5 	 16 	 9.602791 	 0.005402 	 1399.074635 
69  	 5 	 8 	 6.058934 	 0.035934 	 9167.895670 
69  	 5 	 15 	 5.417678 	 0.056730 	 14329.247363 
69  	 5 	 21 	 6.596279 	 0.025955 	 6654.215934 
69  	 5 	 7 	 9.410576 	 0.006183 	 1600.659887 
69  	 5 	 14 	 3.166600 	 0.488606 	 103313.184930 
69  	 5 	 22 	 3.647867 	 0.232153 	 54212.565550 
69  	 5 	 24 	 3.507559 	 0.266693 	 61391.995897 
69  	 5 	 9 	 6.974143 	 0.009952 	 2571.730614 
69  	 5 	 5 	 6.227891 	 0.030904 	 7903.786063 
69  	 5 	 11 	 3.505545 	 0.300001 	 68132.197007 
69  	 5 	 20 	 4.820969 	 0.092175 	 22896.799568 
69  	 5 	 19 	 7.992799 	 0.012251 	 3162.093880 
69  	 5 	 23 	 9.609728 	 0.005782 	 1497.230922 
70  	 5 	 16 	 9.602791 	 0.005402 	 1399.074635 
70  	 5 	 8 	 6.058934 	 0.035934 	 9167.895670 
70  	 5 	 15 	 5.417678 	 0.056730 	 14329.247363 
70  	 5 	 21 	 6.596279 	 0.025955 	 6654.215934 
70  	 5 	 7 	 9.410576 	 0.006183 	 1600.659887 
70  	 5 	 14 	 3.166600 	 0.488606 	 103313.184930 
70  	 5 	 22 	 3.647867 	 0.232153 	 54212.565550 
70  	 5 	 24 	 3.507559 	 0.266693 	 61391.995897 
70  	 5 	 9 	 6.974143 	 0.009952 	 2571.730614 
70  	 5 	 5 	 6.227891 	 0.030904 	 7903.786063 
70  	 5 	 11 	 3.505545 	 0.300001 	 68132.197007 
70  	 5 	 20 	 4.820969 	 0.092175 	 22896.799568 
70  	 5 	 19 	 7.992799 	 0.012251 	 3162.093880 
70  	 5 	 23 	 9.609728 	 0.005782 	 1497.230922 
71  	 5 	 16 	 9.602791 	 0.005402 	 1399.074635 
71  	 5 	 8 	 6.058934 	 0.035934 	 9167.895670 
71  	 5 	 15 	 5.417678 	 0.056730 	 14329.247363 
71  	 5 	 21 	 6.596279 	 0.025955 	 6654.215934 
71  	 5 	 7 	 9.410576 	 0.006183 	 1600.659887 
71  	 5 	 14 	 3.166600 	 0.488606 	 103313.184930 
71  	 5 	 22 	 3.647867 	 0.232153 	 54212.565550 
71  	 5 	 24 	 3.507559 	 0.266693 	 61391.995897 
71  	 5 	 9 	 6.974143 	 0.009952 	 2571.730614 
71  	 5 	 5 	 6.227891 	 0.030904 	 7903.786063 
71  	 5 	 11 	 3.505545 	 0.300001 	 68132.197007 
71  	 5 	 20 	 4.820969 	 0.092175 	 22896.799568 
71  	 5 	 19 	 7.992799 	 0.012251 	 3162.093880 
71  	 5 	 23 	 9.609728 	 0.005782 	 1497.230922 
72  	 5 	 16 	 9.602791 	 0.005402 	 1399.074635 
72  	 5 	 8 	 6.058934 	 0.035934 	 9167.895670 
72  	 5 	 15 	 5.417678 	 0.056730 	 14329.247363 
72  	 5 	 21 	 6.596279 	 0.025955 	 6654.215934 
72  	 5 	 7 	 9.410576 	 0.006183 	 1600.659887 
72  	 5 	 14 	 3.166600 	 0.488606 	 103313.184930 
72  	 5 	 22 	 3.647867 	 0.232153 	 54212.565550 
72  	 5 	 24 	 3.507559 	 0.266693 	 61391.995897 
72  	 5 	 9 	 6.974143 	 0.009952 	 2571.730614 
72  	 5 	 5 	 6.227891 	 0.030904 	 7903.786063 
72  	 5 	 11 	 3.505545 	 0.300001 	 68132.197007 
72  	 5 	 20 	 4.820969 	 0.092175 	 22896.799568 
72  	 5 	 19 	 7.992799 	 0.012251 	 3162.093880 
72  	 5 	 23 	 9.609728 	 0.005782 	 1497.230922 
73  	 5 	 16 	 9.602791 	 0.005402 	 1399.074635 
73  	 5 	 8 	 6.058934 	 0.035934 	 9167.895670 
73  	 5 	 15 	 5.417678 	 0.056730 	 14329.247363 
73  	 5 	 21 	 6.596279 	 0.025955 	 6654.215934 
73  	 5 	 7 	 9.410576 	 0.006183 	 1600.659887 
73  	 5 	 14 	 3.166600 	 0.488606 	 103313.184930 
73  	 5 	 22 	 3.647867 	 0.232153 	 54212.565550 
73  	 5 	 24 	 3.507559 	 0.266693 	 61391.995897 
73  	 5 	 9 	 6.974143 	 0.009952 	 2571.730614 
73  	 5 	 5 	 6.227891 	 0.030904 	 7903.786063 
73  	 5 	 11 	 3.505545 	 0.300001 	 68132.197007 
73  	 5 	 20 	 4.820969 	 0.092175 	 22896.799568 
73  	 5 	 19 	 7.992799 	 0.012251 	 3162.093880 
73  	 5 	 23 	 9.609728 	 0.005782 	 1497.230922 
74  	 5 	 16 	 9.602791 	 0.005402 	 1399.074635 
74  	 5 	 8 	 6.058934 	 0.035934 	 9167.895670 
74  	 5 	 15 	 5.417678 	 0.056730 	 14329.247363 
74  	 5 	 21 	 6.596279 	 0.025955 	 6654.215934 
74  	 5 	 7 	 9.410576 	 0.006183 	 1600.659887 
74  	 5 	 14 	 3.166600 	 0.488606 	 103313.184930 
74  	 5 	 22 	 3.647867 	 0.232153 	 54212.565550 
74  	 5 	 24 	 3.507559 	 0.266693 	 61391.995897 
74  	 5 	 9 	 6.974143 	 0.009952 	 2571.730614 
74  	 5 	 5 	 6.227891 	 0.030904 	 7903.786063 
74  	 5 	 11 	 3.505545 	 0.300001 	 68132.197007 
74  	 5 	 20 	 4.820969 	 0.092175 	 22896.799568 
74  	 5 	 19 	 7.992799 	 0.012251 	 3162.093880 
74  	 5 	 23 	 9.609728 	 0.005782 	 1497.230922 
75  	 5 	 16 	 9.602791 	 0.005402 	 1399.074635 
75  	 5 	 8 	 6.058934 	 0.035934 	 9167.895670 
75  	 5 	 15 	 5.417678 	 0.056730 	 14329.247363 
75  	 5 	 21 	 6.596279 	 0.025955 	 6654.215934 
75  	 5 	 7 	 9.410576 	 0.006183 	 1600.659887 
75  	 5 	 14 	 3.166600 	 0.488606 	 103313.184930 
75  	 5 	 22 	 3.647867 	 0.232153 	 54212.565550 
75  	 5 	 24 	 3.507559 	 0.266693 	 61391.995897 
75  	 5 	 9 	 6.974143 	 0.009952 	 2571.730614 
75  	 5 	 5 	 6.227891 	 0.030904 	 7903.786063 
75  	 5 	 11 	 3.505545 	 0.300001 	 68132.197007 
75  	 5 	 20 	 4.820969 	 0.092175 	 22896.799568 
75  	 5 	 19 	 7.992799 	 0.012251 	 3162.093880 
75  	 5 	 23 	 9.609728 	 0.005782 	 1497.230922 
76  	 5 	 16 	 9.602791 	 0.005402 	 1399.074635 
76  	 5 	 8 	 6.058934 	 0.035934 	 9167.895670 
76  	 5 	 15 	 5.417678 	 0.056730 	 14329.247363 
76  	 5 	 21 	 6.596279 	 0.025955 	 6654.215934 
76  	 5 	 7 	 9.410576 	 0.006183 	 1600.659887 
76  	 5 	 14 	 3.166600 	 0.488606 	 103313.184930 
76  	 5 	 22 	 3.647867 	 0.232153 	 54212.565550 
76  	 5 	 24 	 3.507559 	 0.266693 	 61391.995897 
76  	 5 	 9 	 6.974143 	 0.009952 	 2571.730614 
76  	 5 	 5 	 6.227891 	 0.030904 	 7903.786063 
76  	 5 	 11 	 3.505545 	 0.300001 	 68132.197007 
76  	 5 	 20 	 4.820969 	 0.092175 	 22896.799568 
76  	 5 	 19 	 7.992799 	 0.012251 	 3162.093880 
76  	 5 	 23 	 9.609728 	 0.005782 	 1497.230922 
77  	 5 	 16 	 9.602791 	 0.005402 	 1399.074635 
77  	 5 	 8 	 6.058934 	 0.035934 	 9167.895670 
77  	 5 	 15 	 5.417678 	 0.056730 	 14329.247363 
77  	 5 	 21 	 6.596279 	 0.025955 	 6654.215934 
77  	 5 	 7 	 9.410576 	 0.006183 	 1600.659887 
77  	 5 	 14 	 3.166600 	 0.488606 	 103313.184930 
77  	 5 	 22 	 3.647867 	 0.232153 	 54212.565550 
77  	 5 	 24 	 3.507559 	 0.266693 	 61391.995897 
77  	 5 	 9 	 6.974143 	 0.009952 	 2571.730614 
77  	 5 	 5 	 6.227891 	 0.030904 	 7903.786063 
77  	 5 	 11 	 3.505545 	 0.300001 	 68132.197007 
77  	 5 	 20 	 4.820969 	 0.092175 	 22896.799568 
77  	 5 	 19 	 7.992799 	 0.012251 	 3162.093880 
77  	 5 	 23 	 9.609728 	 0.005782 	 1497.230922 
78  	 5 	 16 	 9.602791 	 0.005402 	 1399.074635 
78  	 5 	 8 	 6.058934 	 0.035934 	 9167.895670 
78  	 5 	 15 	 5.417678 	 0.056730 	 14329.247363 
78  	 5 	 21 	 6.596279 	 0.025955 	 6654.215934 
78  	 5 	 7 	 9.410576 	 0.006183 	 1600.659887 
78  	 5 	 14 	 3.166600 	 0.488606 	 103313.184930 
78  	 5 	 22 	 3.647867 	 0.232153 	 54212.565550 
78  	 5 	 24 	 3.507559 	 0.266693 	 61391.995897 
78  	 5 	 9 	 6.974143 	 0.009952 	 2571.730614 
78  	 5 	 5 	 6.227891 	 0.030904 	 7903.786063 
78  	 5 	 11 	 3.505545 	 0.300001 	 68132.197007 
78  	 5 	 20 	 4.820969 	 0.092175 	 22896.799568 
78  	 5 	 19 	 7.992799 	 0.012251 	 3162.093880 
78  	 5 	 23 	 9.609728 	 0.005782 	 1497.230922 
79  	 5 	 16 	 9.602791 	 0.005402 	 1399.074635 
79  	 5 	 8 	 6.058934 	 0.035934 	 9167.895670 
79  	 5 	 15 	 5.417678 	 0.056730 	 14329.247363 
79  	 5 	 21 	 6.596279 	 0.025955 	 6654.215934 
79  	 5 	 7 	 9.410576 	 0.006183 	 1600.659887 
79  	 5 	 14 	 3.166600 	 0.488606 	 103313.184930 
79  	 5 	 22 	 3.647867 	 0.232153 	 54212.565550 
79  	 5 	 24 	 3.507559 	 0.266693 	 61391.995897 
79  	 5 	 9 	 6.974143 	 0.009952 	 2571.730614 
79  	 5 	 5 	 6.227891 	 0.030904 	 7903.786063 
79  	 5 	 11 	 3.505545 	 0.300001 	 68132.197007 
79  	 5 	 20 	 4.820969 	 0.092175 	 22896.799568 
79  	 5 	 19 	 7.992799 	 0.012251 	 3162.093880 
79  	 5 	 23 	 9.609728 	 0.005782 	 1497.230922 
80  	 5 	 16 	 9.602791 	 0.005402 	 1399.074635 
80  	 5 	 8 	 6.058934 	 0.035934 	 9167.895670 
80  	 5 	 15 	 5.417678 	 0.056730 	 14329.247363 
80  	 5 	 21 	 6.596279 	 0.025955 	 6654.215934 
80  	 5 	 7 	 9.410576 	 0.006183 	 1600.659887 
80  	 5 	 14 	 3.166600 	 0.488606 	 103313.184930 
80  	 5 	 22 	 3.647867 	 0.232153 	 54212.565550 
80  	 5 	 24 	 3.507559 	 0.266693 	 61391.995897 
80  	 5 	 9 	 6.974143 	 0.009952 	 2571.730614 
80  	 5 	 5 	 6.227891 	 0.030904 	 7903.786063 
80  	 5 	 11 	 3.505545 	 0.300001 	 68132.197007 
80  	 5 	 20 	 4.820969 	 0.092175 	 22896.799568 
80  	 5 	 19 	 7.992799 	 0.012251 	 3162.093880 
80  	 5 	 23 	 9.609728 	 0.005782 	 1497.230922 
81  	 5 	 16 	 9.602791 	 0.005402 	 1399.074635 
81  	 5 	 8 	 6.058934 	 0.035934 	 9167.895670 
81  	 5 	 15 	 5.417678 	 0.056730 	 14329.247363 
81  	 5 	 21 	 6.596279 	 0.025955 	 6654.215934 
81  	 5 	 7 	 9.410576 	 0.006183 	 1600.659887 
81  	 5 	 14 	 3.166600 	 0.488606 	 103313.184930 
81  	 5 	 22 	 3.647867 	 0.232153 	 54212.565550 
81  	 5 	 24 	 3.507559 	 0.266693 	 61391.995897 
81  	 5 	 9 	 6.974143 	 0.009952 	 2571.730614 
81  	 5 	 5 	 6.227891 	 0.030904 	 7903.786063 
81  	 5 	 11 	 3.505545 	 0.300001 	 68132.197007 
81  	 5 	 20 	 4.820969 	 0.092175 	 22896.799568 
81  	 5 	 19 	 7.992799 	 0.012251 	 3162.093880 
81  	 5 	 23 	 9.609728 	 0.005782 	 1497.230922 
82  	 5 	 16 	 9.602791 	 0.005402 	 1399.074635 
82  	 5 	 8 	 6.058934 	 0.035934 	 9167.895670 
82  	 5 	 15 	 5.417678 	 0.056730 	 14329.247363 
82  	 5 	 21 	 6.596279 	 0.025955 	 6654.215934 
82  	 5 	 7 	 9.410576 	 0.006183 	 1600.659887 
82  	 5 	 14 	 3.166600 	 0.488606 	 103313.184930 
82  	 5 	 22 	 3.647867 	 0.232153 	 54212.565550 
82  	 5 	 24 	 3.507559 	 0.266693 	 61391.995897 
82  	 5 	 9 	 6.974143 	 0.009952 	 2571.730614 
82  	 5 	 5 	 6.227891 	 0.030904 	 7903.786063 
82  	 5 	 11 	 3.505545 	 0.300001 	 68132.197007 
82  	 5 	 20 	 4.820969 	 0.092175 	 22896.799568 
82  	 5 	 19 	 7.992799 	 0.012251 	 3162.093880 
82  	 5 	 23 	 9.609728 	 0.005782 	 1497.230922 
83  	 5 	 16 	 9.602791 	 0.005402 	 1399.074635 
83  	 5 	 8 	 6.058934 	 0.035934 	 9167.895670 
83  	 5 	 15 	 5.417678 	 0.056730 	 14329.247363 
83  	 5 	 21 	 6.596279 	 0.025955 	 6654.215934 
83  	 5 	 7 	 9.410576 	 0.006183 	 1600.659887 
83  	 5 	 14 	 3.166600 	 0.488606 	 103313.184930 
83  	 5 	 22 	 3.647867 	 0.232153 	 54212.565550 
83  	 5 	 24 	 3.507559 	 0.266693 	 61391.995897 
83  	 5 	 9 	 6.974143 	 0.009952 	 2571.730614 
83  	 5 	 5 	 6.227891 	 0.030904 	 7903.786063 
83  	 5 	 11 	 3.505545 	 0.300001 	 68132.197007 
83  	 5 	 20 	 4.820969 	 0.092175 	 22896.799568 
83  	 5 	 19 	 7.992799 	 0.012251 	 3162.093880 
83  	 5 	 23 	 9.609728 	 0.005782 	 1497.230922 
84  	 5 	 16 	 9.602791 	 0.005402 	 1399.074635 
84  	 5 	 8 	 6.058934 	 0.035934 	 9167.895670 
84  	 5 	 15 	 5.417678 	 0.056730 	 14329.247363 
84  	 5 	 21 	 6.596279 	 0.025955 	 6654.215934 
84  	 5 	 7 	 9.410576 	 0.006183 	 1600.659887 
84  	 5 	 14 	 3.166600 	 0.488606 	 103313.184930 
84  	 5 	 22 	 3.647867 	 0.232153 	 54212.565550 
84  	 5 	 24 	 3.507559 	 0.266693 	 61391.995897 
84  	 5 	 9 	 6.974143 	 0.009952 	 2571.730614 
84  	 5 	 5 	 6.227891 	 0.030904 	 7903.786063 
84  	 5 	 11 	 3.505545 	 0.300001 	 68132.197007 
84  	 5 	 20 	 4.820969 	 0.092175 	 22896.799568 
84  	 5 	 19 	 7.992799 	 0.012251 	 3162.093880 
84  	 5 	 23 	 9.609728 	 0.005782 	 1497.230922 
85  	 5 	 16 	 9.602791 	 0.005402 	 1399.074635 
85  	 5 	 8 	 6.058934 	 0.035934 	 9167.895670 
85  	 5 	 15 	 5.417678 	 0.056730 	 14329.247363 
85  	 5 	 21 	 6.596279 	 0.025955 	 6654.215934 
85  	 5 	 7 	 9.410576 	 0.006183 	 1600.659887 
85  	 5 	 14 	 3.166600 	 0.488606 	 103313.184930 
85  	 5 	 22 	 3.647867 	 0.232153 	 54212.565550 
85  	 5 	 24 	 3.507559 	 0.266693 	 61391.995897 
85  	 5 	 9 	 6.974143 	 0.009952 	 2571.730614 
85  	 5 	 5 	 6.227891 	 0.030904 	 7903.786063 
85  	 5 	 11 	 3.505545 	 0.300001 	 68132.197007 
85  	 5 	 20 	 4.820969 	 0.092175 	 22896.799568 
85  	 5 	 19 	 7.992799 	 0.012251 	 3162.093880 
85  	 5 	 23 	 9.609728 	 0.005782 	 1497.230922 
86  	 5 	 16 	 9.602791 	 0.005402 	 1399.074635 
86  	 5 	 8 	 6.058934 	 0.035934 	 9167.895670 
86  	 5 	 15 	 5.417678 	 0.056730 	 14329.247363 
86  	 5 	 21 	 6.596279 	 0.025955 	 6654.215934 
86  	 5 	 7 	 9.410576 	 0.006183 	 1600.659887 
86  	 5 	 14 	 3.166600 	 0.488606 	 103313.184930 
86  	 5 	 22 	 3.647867 	 0.232153 	 54212.565550 
86  	 5 	 24 	 3.507559 	 0.266693 	 61391.995897 
86  	 5 	 9 	 6.974143 	 0.009952 	 2571.730614 
86  	 5 	 5 	 6.227891 	 0.030904 	 7903.786063 
86  	 5 	 11 	 3.505545 	 0.300001 	 68132.197007 
86  	 5 	 20 	 4.820969 	 0.092175 	 22896.799568 
86  	 5 	 19 	 7.992799 	 0.012251 	 3162.093880 
86  	 5 	 23 	 9.609728 	 0.005782 	 1497.230922 
87  	 5 	 16 	 9.602791 	 0.005402 	 1399.074635 
87  	 5 	 8 	 6.058934 	 0.035934 	 9167.895670 
87  	 5 	 15 	 5.417678 	 0.056730 	 14329.247363 
87  	 5 	 21 	 6.596279 	 0.025955 	 6654.215934 
87  	 5 	 7 	 9.410576 	 0.006183 	 1600.659887 
87  	 5 	 14 	 3.166600 	 0.488606 	 103313.184930 
87  	 5 	 22 	 3.647867 	 0.232153 	 54212.565550 
87  	 5 	 24 	 3.507559 	 0.266693 	 61391.995897 
87  	 5 	 9 	 6.974143 	 0.009952 	 2571.730614 
87  	 5 	 5 	 6.227891 	 0.030904 	 7903.786063 
87  	 5 	 11 	 3.505545 	 0.300001 	 68132.197007 
87  	 5 	 20 	 4.820969 	 0.092175 	 22896.799568 
87  	 5 	 19 	 7.992799 	 0.012251 	 3162.093880 
87  	 5 	 23 	 9.609728 	 0.005782 	 1497.230922 
88  	 5 	 16 	 9.602791 	 0.005402 	 1399.074635 
88  	 5 	 8 	 6.058934 	 0.035934 	 9167.895670 
88  	 5 	 15 	 5.417678 	 0.056730 	 14329.247363 
88  	 5 	 21 	 6.596279 	 0.025955 	 6654.215934 
88  	 5 	 7 	 9.410576 	 0.006183 	 1600.659887 
88  	 5 	 14 	 3.166600 	 0.488606 	 103313.184930 
88  	 5 	 22 	 3.647867 	 0.232153 	 54212.565550 
88  	 5 	 24 	 3.507559 	 0.266693 	 61391.995897 
88  	 5 	 9 	 6.974143 	 0.009952 	 2571.730614 
88  	 5 	 5 	 6.227891 	 0.030904 	 7903.786063 
88  	 5 	 11 	 3.505545 	 0.300001 	 68132.197007 
88  	 5 	 20 	 4.820969 	 0.092175 	 22896.799568 
88  	 5 	 19 	 7.992799 	 0.012251 	 3162.093880 
88  	 5 	 23 	 9.609728 	 0.005782 	 1497.230922 
89  	 5 	 16 	 9.602791 	 0.005402 	 1399.074635 
89  	 5 	 8 	 6.058934 	 0.035934 	 9167.895670 
89  	 5 	 15 	 5.417678 	 0.056730 	 14329.247363 
89  	 5 	 21 	 6.596279 	 0.025955 	 6654.215934 
89  	 5 	 7 	 9.410576 	 0.006183 	 1600.659887 
89  	 5 	 14 	 3.166600 	 0.488606 	 103313.184930 
89  	 5 	 22 	 3.647867 	 0.232153 	 54212.565550 
89  	 5 	 24 	 3.507559 	 0.266693 	 61391.995897 
89  	 5 	 9 	 6.974143 	 0.009952 	 2571.730614 
89  	 5 	 5 	 6.227891 	 0.030904 	 7903.786063 
89  	 5 	 11 	 3.505545 	 0.300001 	 68132.197007 
89  	 5 	 20 	 4.820969 	 0.092175 	 22896.799568 
89  	 5 	 19 	 7.992799 	 0.012251 	 3162.093880 
89  	 5 	 23 	 9.609728 	 0.005782 	 1497.230922 
90  	 5 	 16 	 9.602791 	 0.005402 	 1399.074635 
90  	 5 	 8 	 6.058934 	 0.035934 	 9167.895670 
90  	 5 	 15 	 5.417678 	 0.056730 	 14329.247363 
90  	 5 	 21 	 6.596279 	 0.025955 	 6654.215934 
90  	 5 	 7 	 9.410576 	 0.006183 	 1600.659887 
90  	 5 	 14 	 3.166600 	 0.488606 	 103313.184930 
90  	 5 	 22 	 3.647867 	 0.232153 	 54212.565550 
90  	 5 	 24 	 3.507559 	 0.266693 	 61391.995897 
90  	 5 	 9 	 6.974143 	 0.009952 	 2571.730614 
90  	 5 	 5 	 6.227891 	 0.030904 	 7903.786063 
90  	 5 	 11 	 3.505545 	 0.300001 	 68132.197007 
90  	 5 	 20 	 4.820969 	 0.092175 	 22896.799568 
90  	 5 	 19 	 7.992799 	 0.012251 	 3162.093880 
90  	 5 	 23 	 9.609728 	 0.005782 	 1497.230922 
91  	 5 	 16 	 9.602791 	 0.005402 	 1399.074635 
91  	 5 	 8 	 6.058934 	 0.035934 	 9167.895670 
91  	 5 	 15 	 5.417678 	 0.056730 	 14329.247363 
91  	 5 	 21 	 6.596279 	 0.025955 	 6654.215934 
91  	 5 	 7 	 9.410576 	 0.006183 	 1600.659887 
91  	 5 	 14 	 3.166600 	 0.488606 	 103313.184930 
91  	 5 	 22 	 3.647867 	 0.232153 	 54212.565550 
91  	 5 	 24 	 3.507559 	 0.266693 	 61391.995897 
91  	 5 	 9 	 6.974143 	 0.009952 	 2571.730614 
91  	 5 	 5 	 6.227891 	 0.030904 	 7903.786063 
91  	 5 	 11 	 3.505545 	 0.300001 	 68132.197007 
91  	 5 	 20 	 4.820969 	 0.092175 	 22896.799568 
91  	 5 	 19 	 7.992799 	 0.012251 	 3162.093880 
91  	 5 	 23 	 9.609728 	 0.005782 	 1497.230922 
92  	 5 	 16 	 9.602791 	 0.005402 	 1399.074635 
92  	 5 	 8 	 6.058934 	 0.035934 	 9167.895670 
92  	 5 	 15 	 5.417678 	 0.056730 	 14329.247363 
92  	 5 	 21 	 6.596279 	 0.025955 	 6654.215934 
92  	 5 	 7 	 9.410576 	 0.006183 	 1600.659887 
92  	 5 	 14 	 3.166600 	 0.488606 	 103313.184930 
92  	 5 	 22 	 3.647867 	 0.232153 	 54212.565550 
92  	 5 	 24 	 3.507559 	 0.266693 	 61391.995897 
92  	 5 	 9 	 6.974143 	 0.009952 	 2571.730614 
92  	 5 	 5 	 6.227891 	 0.030904 	 7903.786063 
92  	 5 	 11 	 3.505545 	 0.300001 	 68132.197007 
92  	 5 	 20 	 4.820969 	 0.092175 	 22896.799568 
92  	 5 	 19 	 7.992799 	 0.012251 	 3162.093880 
92  	 5 	 23 	 9.609728 	 0.005782 	 1497.230922 
93  	 5 	 16 	 9.602791 	 0.005402 	 1399.074635 
93  	 5 	 8 	 6.058934 	 0.035934 	 9167.895670 
93  	 5 	 15 	 5.417678 	 0.056730 	 14329.247363 
93  	 5 	 21 	 6.596279 	 0.025955 	 6654.215934 
93  	 5 	 7 	 9.410576 	 0.006183 	 1600.659887 
93  	 5 	 14 	 3.166600 	 0.488606 	 103313.184930 
93  	 5 	 22 	 3.647867 	 0.232153 	 54212.565550 
93  	 5 	 24 	 3.507559 	 0.266693 	 61391.995897 
93  	 5 	 9 	 6.974143 	 0.009952 	 2571.730614 
93  	 5 	 5 	 6.227891 	 0.030904 	 7903.786063 
93  	 5 	 11 	 3.505545 	 0.300001 	 68132.197007 
93  	 5 	 20 	 4.820969 	 0.092175 	 22896.799568 
93  	 5 	 19 	 7.992799 	 0.012251 	 3162.093880 
93  	 5 	 23 	 9.609728 	 0.005782 	 1497.230922 
94  	 5 	 16 	 9.602791 	 0.005402 	 1399.074635 
94  	 5 	 8 	 6.058934 	 0.035934 	 9167.895670 
94  	 5 	 15 	 5.417678 	 0.056730 	 14329.247363 
94  	 5 	 21 	 6.596279 	 0.025955 	 6654.215934 
94  	 5 	 7 	 9.410576 	 0.006183 	 1600.659887 
94  	 5 	 14 	 3.166600 	 0.488606 	 103313.184930 
94  	 5 	 22 	 3.647867 	 0.232153 	 54212.565550 
94  	 5 	 24 	 3.507559 	 0.266693 	 61391.995897 
94  	 5 	 9 	 6.974143 	 0.009952 	 2571.730614 
94  	 5 	 5 	 6.227891 	 0.030904 	 7903.786063 
94  	 5 	 11 	 3.505545 	 0.300001 	 68132.197007 
94  	 5 	 20 	 4.820969 	 0.092175 	 22896.799568 
94  	 5 	 19 	 7.992799 	 0.012251 	 3162.093880 
94  	 5 	 23 	 9.609728 	 0.005782 	 1497.230922 
95  	 5 	 16 	 9.602791 	 0.005402 	 1399.074635 
95  	 5 	 8 	 6.058934 	 0.035934 	 9167.895670 
95  	 5 	 15 	 5.417678 	 0.056730 	 14329.247363 
95  	 5 	 21 	 6.596279 	 0.025955 	 6654.215934 
95  	 5 	 7 	 9.410576 	 0.006183 	 1600.659887 
95  	 5 	 14 	 3.166600 	 0.488606 	 103313.184930 
95  	 5 	 22 	 3.647867 	 0.232153 	 54212.565550 
95  	 5 	 24 	 3.507559 	 0.266693 	 61391.995897 
95  	 5 	 9 	 6.974143 	 0.009952 	 2571.730614 
95  	 5 	 5 	 6.227891 	 0.030904 	 7903.786063 
95  	 5 	 11 	 3.505545 	 0.300001 	 68132.197007 
95  	 5 	 20 	 4.820969 	 0.092175 	 22896.799568 
95  	 5 	 19 	 7.992799 	 0.012251 	 3162.093880 
95  	 5 	 23 	 9.609728 	 0.005782 	 1497.230922 
96  	 5 	 16 	 9.602791 	 0.005402 	 1399.074635 
96  	 5 	 8 	 6.058934 	 0.035934 	 9167.895670 
96  	 5 	 15 	 5.417678 	 0.056730 	 14329.247363 
96  	 5 	 21 	 6.596279 	 0.025955 	 6654.215934 
96  	 5 	 7 	 9.410576 	 0.006183 	 1600.659887 
96  	 5 	 14 	 3.166600 	 0.488606 	 103313.184930 
96  	 5 	 22 	 3.647867 	 0.232153 	 54212.565550 
96  	 5 	 24 	 3.507559 	 0.266693 	 61391.995897 
96  	 5 	 9 	 6.974143 	 0.009952 	 2571.730614 
96  	 5 	 5 	 6.227891 	 0.030904 	 7903.786063 
96  	 5 	 11 	 3.505545 	 0.300001 	 68132.197007 
96  	 5 	 20 	 4.820969 	 0.092175 	 22896.799568 
96  	 5 	 19 	 7.992799 	 0.012251 	 3162.093880 
96  	 5 	 23 	 9.609728 	 0.005782 	 1497.230922 
97  	 5 	 16 	 9.602791 	 0.005402 	 1399.074635 
97  	 5 	 8 	 6.058934 	 0.035934 	 9167.895670 
97  	 5 	 15 	 5.417678 	 0.056730 	 14329.247363 
97  	 5 	 21 	 6.596279 	 0.025955 	 6654.215934 
97  	 5 	 7 	 9.410576 	 0.006183 	 1600.659887 
97  	 5 	 14 	 3.166600 	 0.488606 	 103313.184930 
97  	 5 	 22 	 3.647867 	 0.232153 	 54212.565550 
97  	 5 	 24 	 3.507559 	 0.266693 	 61391.995897 
97  	 5 	 9 	 6.974143 	 0.009952 	 2571.730614 
97  	 5 	 5 	 6.227891 	 0.030904 	 7903.786063 
97  	 5 	 11 	 3.505545 	 0.300001 	 68132.197007 
97  	 5 	 20 	 4.820969 	 0.092175 	 22896.799568 
97  	 5 	 19 	 7.992799 	 0.012251 	 3162.093880 
97  	 5 	 23 	 9.609728 	 0.005782 	 1497.230922 
98  	 5 	 16 	 9.602791 	 0.005402 	 1399.074635 
98  	 5 	 8 	 6.058934 	 0.035934 	 9167.895670 
98  	 5 	 15 	 5.417678 	 0.056730 	 14329.247363 
98  	 5 	 21 	 6.596279 	 0.025955 	 6654.215934 
98  	 5 	 7 	 9.410576 	 0.006183 	 1600.659887 
98  	 5 	 14 	 3.166600 	 0.488606 	 103313.184930 
98  	 5 	 22 	 3.647867 	 0.232153 	 54212.565550 
98  	 5 	 24 	 3.507559 	 0.266693 	 61391.995897 
98  	 5 	 9 	 6.974143 	 0.009952 	 2571.730614 
98  	 5 	 5 	 6.227891 	 0.030904 	 7903.786063 
98  	 5 	 11 	 3.505545 	 0.300001 	 68132.197007 
98  	 5 	 20 	 4.820969 	 0.092175 	 22896.799568 
98  	 5 	 19 	 7.992799 	 0.012251 	 3162.093880 
98  	 5 	 23 	 9.609728 	 0.005782 	 1497.230922 
99  	 5 	 16 	 9.602791 	 0.005402 	 1399.074635 
99  	 5 	 8 	 6.058934 	 0.035934 	 9167.895670 
99  	 5 	 15 	 5.417678 	 0.056730 	 14329.247363 
99  	 5 	 21 	 6.596279 	 0.025955 	 6654.215934 
99  	 5 	 7 	 9.410576 	 0.006183 	 1600.659887 
99  	 5 	 14 	 3.166600 	 0.488606 	 103313.184930 
99  	 5 	 22 	 3.647867 	 0.232153 	 54212.565550 
99  	 5 	 24 	 3.507559 	 0.266693 	 61391.995897 
99  	 5 	 9 	 6.974143 	 0.009952 	 2571.730614 
99  	 5 	 5 	 6.227891 	 0.030904 	 7903.786063 
99  	 5 	 11 	 3.505545 	 0.300001 	 68132.197007 
99  	 5 	 20 	 4.820969 	 0.092175 	 22896.799568 
99  	 5 	 19 	 7.992799 	 0.012251 	 3162.093880 
99  	 5 	 23 	 9.609728 	 0.005782 	 1497.230922 
100  	 5 	 16 	 9.602791 	 0.005402 	 1399.074635 
100  	 5 	 8 	 6.058934 	 0.035934 	 9167.895670 
100  	 5 	 15 	 5.417678 	 0.056730 	 14329.247363 
100  	 5 	 21 	 6.596279 	 0.025955 	 6654.215934 
100  	 5 	 7 	 9.410576 	 0.006183 	 1600.659887 
100  	 5 	 14 	 3.166600 	 0.488606 	 103313.184930 
100  	 5 	 22 	 3.647867 	 0.232153 	 54212.565550 
100  	 5 	 24 	 3.507559 	 0.266693 	 61391.995897 
100  	 5 	 9 	 6.974143 	 0.009952 	 2571.730614 
100  	 5 	 5 	 6.227891 	 0.030904 	 7903.786063 
100  	 5 	 11 	 3.505545 	 0.300001 	 68132.197007 
100  	 5 	 20 	 4.820969 	 0.092175 	 22896.799568 
100  	 5 	 19 	 7.992799 	 0.012251 	 3162.093880 
100  	 5 	 23 	 9.609728 	 0.005782 	 1497.230922 
101  	 5 	 16 	 9.602791 	 0.005402 	 1399.074635 
101  	 5 	 8 	 6.058934 	 0.035934 	 9167.895670 
101  	 5 	 15 	 5.417678 	 0.056730 	 14329.247363 
101  	 5 	 21 	 6.596279 	 0.025955 	 6654.215934 
101  	 5 	 7 	 9.410576 	 0.006183 	 1600.659887 
101  	 5 	 14 	 3.166600 	 0.488606 	 103313.184930 
101  	 5 	 22 	 3.647867 	 0.232153 	 54212.565550 
101  	 5 	 24 	 3.507559 	 0.266693 	 61391.995897 
101  	 5 	 9 	 6.974143 	 0.009952 	 2571.730614 
101  	 5 	 5 	 6.227891 	 0.030904 	 7903.786063 
101  	 5 	 11 	 3.505545 	 0.300001 	 68132.197007 
101  	 5 	 20 	 4.820969 	 0.092175 	 22896.799568 
101  	 5 	 19 	 7.992799 	 0.012251 	 3162.093880 
101  	 5 	 23 	 9.609728 	 0.005782 	 1497.230922 
102  	 5 	 16 	 9.602791 	 0.005402 	 1399.074635 
102  	 5 	 8 	 6.058934 	 0.035934 	 9167.895670 
102  	 5 	 15 	 5.417678 	 0.056730 	 14329.247363 
102  	 5 	 21 	 6.596279 	 0.025955 	 6654.215934 
102  	 5 	 7 	 9.410576 	 0.006183 	 1600.659887 
102  	 5 	 14 	 3.166600 	 0.488606 	 103313.184930 
102  	 5 	 22 	 3.647867 	 0.232153 	 54212.565550 
102  	 5 	 24 	 3.507559 	 0.266693 	 61391.995897 
102  	 5 	 9 	 6.974143 	 0.009952 	 2571.730614 
102  	 5 	 5 	 6.227891 	 0.030904 	 7903.786063 
102  	 5 	 11 	 3.505545 	 0.300001 	 68132.197007 
102  	 5 	 20 	 4.820969 	 0.092175 	 22896.799568 
102  	 5 	 19 	 7.992799 	 0.012251 	 3162.093880 
102  	 5 	 23 	 9.609728 	 0.005782 	 1497.230922 
103  	 5 	 16 	 9.602791 	 0.005402 	 1399.074635 
103  	 5 	 8 	 6.058934 	 0.035934 	 9167.895670 
103  	 5 	 15 	 5.417678 	 0.056730 	 14329.247363 
103  	 5 	 21 	 6.596279 	 0.025955 	 6654.215934 
103  	 5 	 7 	 9.410576 	 0.006183 	 1600.659887 
103  	 5 	 14 	 3.166600 	 0.488606 	 103313.184930 
103  	 5 	 22 	 3.647867 	 0.232153 	 54212.565550 
103  	 5 	 24 	 3.507559 	 0.266693 	 61391.995897 
103  	 5 	 9 	 6.974143 	 0.009952 	 2571.730614 
103  	 5 	 5 	 6.227891 	 0.030904 	 7903.786063 
103  	 5 	 11 	 3.505545 	 0.300001 	 68132.197007 
103  	 5 	 20 	 4.820969 	 0.092175 	 22896.799568 
103  	 5 	 19 	 7.992799 	 0.012251 	 3162.093880 
103  	 5 	 23 	 9.609728 	 0.005782 	 1497.230922 
