1 	 1 	 153872.348381 	 153872.348381 	 0.200000 	 153872.348381 	 6.644318 	 153872.348381 
1 	 2 	 246965.320471 	 246965.320471 	 0.200000 	 214651.724674 	 1.545702 	 60779.376292 
1 	 3 	 247084.634061 	 247084.634061 	 0.200000 	 275550.414556 	 1.548017 	 60898.689883 
1 	 4 	 247084.634061 	 247084.634061 	 0.200000 	 336449.104439 	 1.548017 	 60898.689883 
1 	 5 	 247084.634061 	 247084.634061 	 0.200000 	 397347.794321 	 1.548017 	 60898.689883 
1 	 6 	 247084.634061 	 247084.634061 	 0.200000 	 458246.484204 	 1.548017 	 60898.689883 
1 	 7 	 247084.634061 	 247084.634061 	 0.200000 	 519145.174086 	 1.548017 	 60898.689883 
1 	 8 	 247084.634061 	 247084.634061 	 0.200000 	 580043.863969 	 1.548017 	 60898.689883 
1 	 9 	 247084.634061 	 247084.634061 	 0.200000 	 640942.553851 	 1.548017 	 60898.689883 
1 	 10 	 247084.634061 	 247084.634061 	 0.200000 	 701841.243734 	 1.548017 	 60898.689883 
1 	 11 	 247084.634061 	 247084.634061 	 0.200000 	 762739.933617 	 1.548017 	 60898.689883 
1 	 12 	 247084.634061 	 247084.634061 	 0.200000 	 823638.623499 	 1.548017 	 60898.689883 
1 	 13 	 247084.634061 	 247084.634061 	 0.200000 	 884537.313382 	 1.548017 	 60898.689883 
1 	 14 	 247084.634061 	 247084.634061 	 0.200000 	 945436.003264 	 1.548017 	 60898.689883 
1 	 15 	 247084.634061 	 247084.634061 	 0.200000 	 1006334.693147 	 1.548017 	 60898.689883 
1 	 16 	 247084.634061 	 247084.634061 	 0.200000 	 1067233.383029 	 1.548017 	 60898.689883 
1 	 17 	 247084.634061 	 247084.634061 	 0.200000 	 1128132.072912 	 1.548017 	 60898.689883 
1 	 18 	 247084.634061 	 247084.634061 	 0.200000 	 1189030.762794 	 1.548017 	 60898.689883 
1 	 19 	 247084.634061 	 247084.634061 	 0.200000 	 1249929.452677 	 1.548017 	 60898.689883 
1 	 20 	 247084.634061 	 247084.634061 	 0.200000 	 1310828.142559 	 1.548017 	 60898.689883 
1 	 21 	 247084.634061 	 247084.634061 	 0.200000 	 1371726.832442 	 1.548017 	 60898.689883 
1 	 22 	 247084.634061 	 247084.634061 	 0.200000 	 1432625.522325 	 1.548017 	 60898.689883 
1 	 23 	 247084.634061 	 247084.634061 	 0.200000 	 1493524.212207 	 1.548017 	 60898.689883 
1 	 24 	 247084.634061 	 247084.634061 	 0.200000 	 1554422.902090 	 1.548017 	 60898.689883 
1 	 25 	 247084.634061 	 247084.634061 	 0.200000 	 1615321.591972 	 1.548017 	 60898.689883 
1 	 26 	 247084.634061 	 247084.634061 	 0.200000 	 1676220.281855 	 1.548017 	 60898.689883 
1 	 27 	 247084.634061 	 247084.634061 	 0.200000 	 1737118.971737 	 1.548017 	 60898.689883 
1 	 28 	 247084.634061 	 247084.634061 	 0.200000 	 1798017.661620 	 1.548017 	 60898.689883 
1 	 29 	 247084.634061 	 247084.634061 	 0.200000 	 1858916.351502 	 1.548017 	 60898.689883 
1 	 30 	 247084.634061 	 247084.634061 	 0.200000 	 1919815.041385 	 1.548017 	 60898.689883 
1 	 31 	 247084.634061 	 247084.634061 	 0.200000 	 1980713.731267 	 1.548017 	 60898.689883 
1 	 32 	 247084.634061 	 247084.634061 	 0.200000 	 2041612.421150 	 1.548017 	 60898.689883 
1 	 33 	 247084.634061 	 247084.634061 	 0.200000 	 2102511.111033 	 1.548017 	 60898.689883 
1 	 34 	 247084.634061 	 247084.634061 	 0.200000 	 2163409.800915 	 1.548017 	 60898.689883 
1 	 35 	 247084.634061 	 247084.634061 	 0.200000 	 2224308.490798 	 1.548017 	 60898.689883 
1 	 36 	 247084.634061 	 247084.634061 	 0.200000 	 2285207.180680 	 1.548017 	 60898.689883 
1 	 37 	 247084.634061 	 247084.634061 	 0.200000 	 2346105.870563 	 1.548017 	 60898.689883 
1 	 38 	 247084.634061 	 247084.634061 	 0.200000 	 2407004.560445 	 1.548017 	 60898.689883 
1 	 39 	 247084.634061 	 247084.634061 	 0.200000 	 2467903.250328 	 1.548017 	 60898.689883 
1 	 40 	 247084.634061 	 247084.634061 	 0.200000 	 2528801.940210 	 1.548017 	 60898.689883 
1 	 41 	 247084.634061 	 247084.634061 	 0.200000 	 2589700.630093 	 1.548017 	 60898.689883 
1 	 42 	 247084.634061 	 247084.634061 	 0.200000 	 2650599.319975 	 1.548017 	 60898.689883 
1 	 43 	 247084.634061 	 247084.634061 	 0.200000 	 2711498.009858 	 1.548017 	 60898.689883 
1 	 44 	 247084.634061 	 247084.634061 	 0.200000 	 2772396.699741 	 1.548017 	 60898.689883 
1 	 45 	 247084.634061 	 247084.634061 	 0.200000 	 2833295.389623 	 1.548017 	 60898.689883 
1 	 46 	 247084.634061 	 247084.634061 	 0.200000 	 2894194.079506 	 1.548017 	 60898.689883 
1 	 47 	 247084.634061 	 247084.634061 	 0.200000 	 2955092.769388 	 1.548017 	 60898.689883 
1 	 48 	 247084.634061 	 247084.634061 	 0.200000 	 3015991.459271 	 1.548017 	 60898.689883 
1 	 49 	 247084.634061 	 247084.634061 	 0.200000 	 3076890.149153 	 1.548017 	 60898.689883 
1 	 51 	 247084.634061 	 247084.634061 	 0.200000 	 3198687.528918 	 1.548017 	 60898.689883 
1 	 52 	 247084.634061 	 247084.634061 	 0.200000 	 3259586.218801 	 1.548017 	 60898.689883 
1 	 53 	 247084.634061 	 247084.634061 	 0.200000 	 3320484.908683 	 1.548017 	 60898.689883 
1 	 54 	 247084.634061 	 247084.634061 	 0.200000 	 3381383.598566 	 1.548017 	 60898.689883 
1 	 55 	 247084.634061 	 247084.634061 	 0.200000 	 3442282.288449 	 1.548017 	 60898.689883 
1 	 56 	 247084.634061 	 247084.634061 	 0.200000 	 3503180.978331 	 1.548017 	 60898.689883 
1 	 57 	 247084.634061 	 247084.634061 	 0.200000 	 3564079.668214 	 1.548017 	 60898.689883 
1 	 58 	 247084.634061 	 247084.634061 	 0.200000 	 3624978.358096 	 1.548017 	 60898.689883 
1 	 59 	 247084.634061 	 247084.634061 	 0.200000 	 3685877.047979 	 1.548017 	 60898.689883 
1 	 60 	 247084.634061 	 247084.634061 	 0.200000 	 3746775.737861 	 1.548017 	 60898.689883 
1 	 61 	 247084.634061 	 247084.634061 	 0.200000 	 3807674.427744 	 1.548017 	 60898.689883 
1 	 62 	 247084.634061 	 247084.634061 	 0.200000 	 3868573.117626 	 1.548017 	 60898.689883 
1 	 63 	 247084.634061 	 247084.634061 	 0.200000 	 3929471.807509 	 1.548017 	 60898.689883 
1 	 64 	 247084.634061 	 247084.634061 	 0.200000 	 3990370.497392 	 1.548017 	 60898.689883 
1 	 65 	 247084.634061 	 247084.634061 	 0.200000 	 4051269.187274 	 1.548017 	 60898.689883 
1 	 66 	 247084.634061 	 247084.634061 	 0.200000 	 4112167.877157 	 1.548017 	 60898.689883 
1 	 67 	 247084.634061 	 247084.634061 	 0.200000 	 4173066.567039 	 1.548017 	 60898.689883 
1 	 68 	 247084.634061 	 247084.634061 	 0.200000 	 4233965.256922 	 1.548017 	 60898.689883 
1 	 69 	 247084.634061 	 247084.634061 	 0.200000 	 4294863.946804 	 1.548017 	 60898.689883 
1 	 70 	 247084.634061 	 247084.634061 	 0.200000 	 4355762.636687 	 1.548017 	 60898.689883 
1 	 71 	 247084.634061 	 247084.634061 	 0.200000 	 4416661.326569 	 1.548017 	 60898.689883 
1 	 72 	 247084.634061 	 247084.634061 	 0.200000 	 4477560.016452 	 1.548017 	 60898.689883 
1 	 73 	 247084.634061 	 247084.634061 	 0.200000 	 4538458.706334 	 1.548017 	 60898.689883 
1 	 74 	 247084.634061 	 247084.634061 	 0.200000 	 4599357.396217 	 1.548017 	 60898.689883 
1 	 75 	 247084.634061 	 247084.634061 	 0.200000 	 4660256.086100 	 1.548017 	 60898.689883 
1 	 76 	 247084.634061 	 247084.634061 	 0.200000 	 4721154.775982 	 1.548017 	 60898.689883 
1 	 77 	 247084.634061 	 247084.634061 	 0.200000 	 4782053.465865 	 1.548017 	 60898.689883 
1 	 78 	 247084.634061 	 247084.634061 	 0.200000 	 4842952.155747 	 1.548017 	 60898.689883 
1 	 79 	 247084.634061 	 247084.634061 	 0.200000 	 4903850.845630 	 1.548017 	 60898.689883 
1 	 80 	 247084.634061 	 247084.634061 	 0.200000 	 4964749.535512 	 1.548017 	 60898.689883 
1 	 81 	 247084.634061 	 247084.634061 	 0.200000 	 5025648.225395 	 1.548017 	 60898.689883 
1 	 82 	 247084.634061 	 247084.634061 	 0.200000 	 5086546.915277 	 1.548017 	 60898.689883 
1 	 83 	 247084.634061 	 247084.634061 	 0.200000 	 5147445.605160 	 1.548017 	 60898.689883 
1 	 84 	 247084.634061 	 247084.634061 	 0.200000 	 5208344.295042 	 1.548017 	 60898.689883 
1 	 85 	 247084.634061 	 247084.634061 	 0.200000 	 5269242.984925 	 1.548017 	 60898.689883 
1 	 86 	 247084.634061 	 247084.634061 	 0.200000 	 5330141.674808 	 1.548017 	 60898.689883 
1 	 87 	 247084.634061 	 247084.634061 	 0.200000 	 5391040.364690 	 1.548017 	 60898.689883 
1 	 88 	 247084.634061 	 247084.634061 	 0.200000 	 5451939.054573 	 1.548017 	 60898.689883 
1 	 89 	 247084.634061 	 247084.634061 	 0.200000 	 5512837.744455 	 1.548017 	 60898.689883 
1 	 90 	 247084.634061 	 247084.634061 	 0.200000 	 5573736.434338 	 1.548017 	 60898.689883 
1 	 91 	 247084.634061 	 247084.634061 	 0.200000 	 5634635.124220 	 1.548017 	 60898.689883 
1 	 92 	 247084.634061 	 247084.634061 	 0.200000 	 5695533.814103 	 1.548017 	 60898.689883 
1 	 93 	 247084.634061 	 247084.634061 	 0.200000 	 5756432.503985 	 1.548017 	 60898.689883 
1 	 94 	 247084.634061 	 247084.634061 	 0.200000 	 5817331.193868 	 1.548017 	 60898.689883 
1 	 95 	 247084.634061 	 247084.634061 	 0.200000 	 5878229.883750 	 1.548017 	 60898.689883 
1 	 96 	 247084.634061 	 247084.634061 	 0.200000 	 5939128.573633 	 1.548017 	 60898.689883 
1 	 97 	 247084.634061 	 247084.634061 	 0.200000 	 6000027.263516 	 1.548017 	 60898.689883 
1 	 98 	 247084.634061 	 247084.634061 	 0.200000 	 6060925.953398 	 1.548017 	 60898.689883 
1 	 99 	 247084.634061 	 247084.634061 	 0.200000 	 6121824.643281 	 1.548017 	 60898.689883 
1 	 100 	 247084.634061 	 247084.634061 	 0.200000 	 6182723.333163 	 1.548017 	 60898.689883 
1 	 101 	 247084.634061 	 247084.634061 	 0.200000 	 6243622.023046 	 1.548017 	 60898.689883 
1 	 102 	 247084.634061 	 247084.634061 	 0.200000 	 6304520.712928 	 1.548017 	 60898.689883 
1 	 103 	 247084.634061 	 247084.634061 	 0.200000 	 6365419.402811 	 1.548017 	 60898.689883 
