6 	 1 	 15691.957133 	 15691.957133 	 0.031250 	 15691.957133 	 5.914770 	 15691.957133 
6 	 2 	 15709.149518 	 15709.149518 	 0.031250 	 31401.106651 	 5.929435 	 15709.149518 
6 	 3 	 16044.049719 	 16044.049719 	 0.031250 	 47445.156370 	 6.221385 	 16044.049719 
6 	 4 	 16044.049719 	 16044.049719 	 0.031250 	 63489.206089 	 6.221385 	 16044.049719 
6 	 5 	 16044.049719 	 16044.049719 	 0.031250 	 79533.255809 	 6.221385 	 16044.049719 
6 	 6 	 16044.049719 	 16044.049719 	 0.031250 	 95577.305528 	 6.221385 	 16044.049719 
6 	 7 	 16044.049719 	 16044.049719 	 0.031250 	 111621.355247 	 6.221385 	 16044.049719 
6 	 8 	 16044.049719 	 16044.049719 	 0.031250 	 127665.404966 	 6.221385 	 16044.049719 
6 	 9 	 16044.049719 	 16044.049719 	 0.031250 	 143709.454686 	 6.221385 	 16044.049719 
6 	 10 	 16044.049719 	 16044.049719 	 0.031250 	 159753.504405 	 6.221385 	 16044.049719 
6 	 11 	 16044.049719 	 16044.049719 	 0.031250 	 175797.554124 	 6.221385 	 16044.049719 
6 	 12 	 16044.049719 	 16044.049719 	 0.031250 	 191841.603844 	 6.221385 	 16044.049719 
6 	 13 	 16044.049719 	 16044.049719 	 0.031250 	 207885.653563 	 6.221385 	 16044.049719 
6 	 14 	 16044.049719 	 16044.049719 	 0.031250 	 223929.703282 	 6.221385 	 16044.049719 
6 	 15 	 16044.049719 	 16044.049719 	 0.031250 	 239973.753001 	 6.221385 	 16044.049719 
6 	 16 	 16044.049719 	 16044.049719 	 0.031250 	 256017.802721 	 6.221385 	 16044.049719 
6 	 17 	 16044.049719 	 16044.049719 	 0.031250 	 272061.852440 	 6.221385 	 16044.049719 
6 	 18 	 16044.049719 	 16044.049719 	 0.031250 	 288105.902159 	 6.221385 	 16044.049719 
6 	 19 	 16044.049719 	 16044.049719 	 0.031250 	 304149.951878 	 6.221385 	 16044.049719 
6 	 20 	 16044.049719 	 16044.049719 	 0.031250 	 320194.001598 	 6.221385 	 16044.049719 
6 	 21 	 16044.049719 	 16044.049719 	 0.031250 	 336238.051317 	 6.221385 	 16044.049719 
6 	 22 	 16044.049719 	 16044.049719 	 0.031250 	 352282.101036 	 6.221385 	 16044.049719 
6 	 23 	 16044.049719 	 16044.049719 	 0.031250 	 368326.150756 	 6.221385 	 16044.049719 
6 	 24 	 16044.049719 	 16044.049719 	 0.031250 	 384370.200475 	 6.221385 	 16044.049719 
6 	 25 	 16044.049719 	 16044.049719 	 0.031250 	 400414.250194 	 6.221385 	 16044.049719 
6 	 26 	 16044.049719 	 16044.049719 	 0.031250 	 416458.299913 	 6.221385 	 16044.049719 
6 	 27 	 16044.049719 	 16044.049719 	 0.031250 	 432502.349633 	 6.221385 	 16044.049719 
6 	 28 	 16044.049719 	 16044.049719 	 0.031250 	 448546.399352 	 6.221385 	 16044.049719 
6 	 29 	 16044.049719 	 16044.049719 	 0.031250 	 464590.449071 	 6.221385 	 16044.049719 
6 	 30 	 16044.049719 	 16044.049719 	 0.031250 	 480634.498791 	 6.221385 	 16044.049719 
6 	 31 	 16044.049719 	 16044.049719 	 0.031250 	 496678.548510 	 6.221385 	 16044.049719 
6 	 32 	 16044.049719 	 16044.049719 	 0.031250 	 512722.598229 	 6.221385 	 16044.049719 
6 	 33 	 16044.049719 	 16044.049719 	 0.031250 	 528766.647948 	 6.221385 	 16044.049719 
6 	 34 	 16044.049719 	 16044.049719 	 0.031250 	 544810.697668 	 6.221385 	 16044.049719 
6 	 35 	 16044.049719 	 16044.049719 	 0.031250 	 560854.747387 	 6.221385 	 16044.049719 
6 	 36 	 16044.049719 	 16044.049719 	 0.031250 	 576898.797106 	 6.221385 	 16044.049719 
6 	 37 	 16044.049719 	 16044.049719 	 0.031250 	 592942.846825 	 6.221385 	 16044.049719 
6 	 38 	 16044.049719 	 16044.049719 	 0.031250 	 608986.896545 	 6.221385 	 16044.049719 
6 	 39 	 16044.049719 	 16044.049719 	 0.031250 	 625030.946264 	 6.221385 	 16044.049719 
6 	 40 	 16044.049719 	 16044.049719 	 0.031250 	 641074.995983 	 6.221385 	 16044.049719 
6 	 41 	 16044.049719 	 16044.049719 	 0.031250 	 657119.045703 	 6.221385 	 16044.049719 
6 	 42 	 16044.049719 	 16044.049719 	 0.031250 	 673163.095422 	 6.221385 	 16044.049719 
6 	 43 	 16044.049719 	 16044.049719 	 0.031250 	 689207.145141 	 6.221385 	 16044.049719 
6 	 44 	 16044.049719 	 16044.049719 	 0.031250 	 705251.194860 	 6.221385 	 16044.049719 
6 	 45 	 16044.049719 	 16044.049719 	 0.031250 	 721295.244580 	 6.221385 	 16044.049719 
6 	 46 	 16044.049719 	 16044.049719 	 0.031250 	 737339.294299 	 6.221385 	 16044.049719 
6 	 47 	 16044.049719 	 16044.049719 	 0.031250 	 753383.344018 	 6.221385 	 16044.049719 
6 	 48 	 16044.049719 	 16044.049719 	 0.031250 	 769427.393737 	 6.221385 	 16044.049719 
6 	 49 	 16044.049719 	 16044.049719 	 0.031250 	 785471.443457 	 6.221385 	 16044.049719 
6 	 50 	 16044.049719 	 16044.049719 	 0.031250 	 801515.493176 	 6.221385 	 16044.049719 
6 	 51 	 16044.049719 	 16044.049719 	 0.031250 	 817559.542895 	 6.221385 	 16044.049719 
6 	 52 	 16044.049719 	 16044.049719 	 0.031250 	 833603.592615 	 6.221385 	 16044.049719 
6 	 53 	 16044.049719 	 16044.049719 	 0.031250 	 849647.642334 	 6.221385 	 16044.049719 
6 	 54 	 16044.049719 	 16044.049719 	 0.031250 	 865691.692053 	 6.221385 	 16044.049719 
6 	 55 	 16044.049719 	 16044.049719 	 0.031250 	 881735.741772 	 6.221385 	 16044.049719 
6 	 56 	 16044.049719 	 16044.049719 	 0.031250 	 897779.791492 	 6.221385 	 16044.049719 
6 	 57 	 16044.049719 	 16044.049719 	 0.031250 	 913823.841211 	 6.221385 	 16044.049719 
6 	 58 	 16044.049719 	 16044.049719 	 0.031250 	 929867.890930 	 6.221385 	 16044.049719 
6 	 59 	 16044.049719 	 16044.049719 	 0.031250 	 945911.940649 	 6.221385 	 16044.049719 
6 	 60 	 16044.049719 	 16044.049719 	 0.031250 	 961955.990369 	 6.221385 	 16044.049719 
6 	 61 	 16044.049719 	 16044.049719 	 0.031250 	 978000.040088 	 6.221385 	 16044.049719 
6 	 62 	 16044.049719 	 16044.049719 	 0.031250 	 994044.089807 	 6.221385 	 16044.049719 
6 	 63 	 16044.049719 	 16044.049719 	 0.031250 	 1010088.139527 	 6.221385 	 16044.049719 
6 	 64 	 16044.049719 	 16044.049719 	 0.031250 	 1026132.189246 	 6.221385 	 16044.049719 
6 	 65 	 16044.049719 	 16044.049719 	 0.031250 	 1042176.238965 	 6.221385 	 16044.049719 
6 	 66 	 16044.049719 	 16044.049719 	 0.031250 	 1058220.288684 	 6.221385 	 16044.049719 
6 	 67 	 16044.049719 	 16044.049719 	 0.031250 	 1074264.338404 	 6.221385 	 16044.049719 
6 	 68 	 16044.049719 	 16044.049719 	 0.031250 	 1090308.388123 	 6.221385 	 16044.049719 
6 	 69 	 16044.049719 	 16044.049719 	 0.031250 	 1106352.437842 	 6.221385 	 16044.049719 
6 	 70 	 16044.049719 	 16044.049719 	 0.031250 	 1122396.487561 	 6.221385 	 16044.049719 
6 	 71 	 16044.049719 	 16044.049719 	 0.031250 	 1138440.537281 	 6.221385 	 16044.049719 
6 	 72 	 16044.049719 	 16044.049719 	 0.031250 	 1154484.587000 	 6.221385 	 16044.049719 
6 	 73 	 16044.049719 	 16044.049719 	 0.031250 	 1170528.636719 	 6.221385 	 16044.049719 
6 	 74 	 16044.049719 	 16044.049719 	 0.031250 	 1186572.686439 	 6.221385 	 16044.049719 
6 	 75 	 16044.049719 	 16044.049719 	 0.031250 	 1202616.736158 	 6.221385 	 16044.049719 
6 	 76 	 16044.049719 	 16044.049719 	 0.031250 	 1218660.785877 	 6.221385 	 16044.049719 
6 	 77 	 16044.049719 	 16044.049719 	 0.031250 	 1234704.835596 	 6.221385 	 16044.049719 
6 	 78 	 16044.049719 	 16044.049719 	 0.031250 	 1250748.885316 	 6.221385 	 16044.049719 
6 	 79 	 16044.049719 	 16044.049719 	 0.031250 	 1266792.935035 	 6.221385 	 16044.049719 
6 	 80 	 16044.049719 	 16044.049719 	 0.031250 	 1282836.984754 	 6.221385 	 16044.049719 
6 	 81 	 16044.049719 	 16044.049719 	 0.031250 	 1298881.034474 	 6.221385 	 16044.049719 
6 	 82 	 16044.049719 	 16044.049719 	 0.031250 	 1314925.084193 	 6.221385 	 16044.049719 
6 	 83 	 16044.049719 	 16044.049719 	 0.031250 	 1330969.133912 	 6.221385 	 16044.049719 
6 	 84 	 16044.049719 	 16044.049719 	 0.031250 	 1347013.183631 	 6.221385 	 16044.049719 
6 	 85 	 16044.049719 	 16044.049719 	 0.031250 	 1363057.233351 	 6.221385 	 16044.049719 
6 	 86 	 16044.049719 	 16044.049719 	 0.031250 	 1379101.283070 	 6.221385 	 16044.049719 
6 	 87 	 16044.049719 	 16044.049719 	 0.031250 	 1395145.332789 	 6.221385 	 16044.049719 
6 	 88 	 16044.049719 	 16044.049719 	 0.031250 	 1411189.382508 	 6.221385 	 16044.049719 
6 	 89 	 16044.049719 	 16044.049719 	 0.031250 	 1427233.432228 	 6.221385 	 16044.049719 
6 	 90 	 16044.049719 	 16044.049719 	 0.031250 	 1443277.481947 	 6.221385 	 16044.049719 
6 	 91 	 16044.049719 	 16044.049719 	 0.031250 	 1459321.531666 	 6.221385 	 16044.049719 
6 	 92 	 16044.049719 	 16044.049719 	 0.031250 	 1475365.581386 	 6.221385 	 16044.049719 
6 	 93 	 16044.049719 	 16044.049719 	 0.031250 	 1491409.631105 	 6.221385 	 16044.049719 
6 	 94 	 16044.049719 	 16044.049719 	 0.031250 	 1507453.680824 	 6.221385 	 16044.049719 
6 	 95 	 16044.049719 	 16044.049719 	 0.031250 	 1523497.730543 	 6.221385 	 16044.049719 
6 	 96 	 16044.049719 	 16044.049719 	 0.031250 	 1539541.780263 	 6.221385 	 16044.049719 
6 	 97 	 16044.049719 	 16044.049719 	 0.031250 	 1555585.829982 	 6.221385 	 16044.049719 
6 	 98 	 16044.049719 	 16044.049719 	 0.031250 	 1571629.879701 	 6.221385 	 16044.049719 
6 	 99 	 16044.049719 	 16044.049719 	 0.031250 	 1587673.929420 	 6.221385 	 16044.049719 
6 	 100 	 16044.049719 	 16044.049719 	 0.031250 	 1603717.979140 	 6.221385 	 16044.049719 
6 	 101 	 16044.049719 	 16044.049719 	 0.031250 	 1619762.028859 	 6.221385 	 16044.049719 
6 	 102 	 16044.049719 	 16044.049719 	 0.031250 	 1635806.078578 	 6.221385 	 16044.049719 
6 	 103 	 16044.049719 	 16044.049719 	 0.031250 	 1651850.128298 	 6.221385 	 16044.049719 
