103 	 7 	 1  	 14097 	  	 0 	 	 0 	 	 0 
103 	 7 	 2  	 14097 	  	 0 	 	 0 	 	 0 
103 	 7 	 3  	 14097 	  	 0 	 	 0 	 	 0 
103 	 7 	 4  	 14097 	  	 0 	 	 0 	 	 0 
103 	 7 	 5  	 14097 	  	 0 	 	 0 	 	 0 
103 	 7 	 6  	 14097 	  	 0 	 	 0 	 	 0 
103 	 7 	 7  	 14097 	  	 14097 	 	 0 	 	 0 
103 	 7 	 8  	 14097 	  	 14097 	 	 14097 	 	 0 
103 	 7 	 9  	 14097 	  	 14097 	 	 14097 	 	 0 
103 	 7 	 10  	 14097 	  	 14097 	 	 14097 	 	 0 
103 	 7 	 11  	 14097 	  	 14097 	 	 14097 	 	 0 
103 	 7 	 12  	 14097 	  	 14097 	 	 14097 	 	 0 
103 	 7 	 13  	 14097 	  	 14097 	 	 14097 	 	 0 
103 	 7 	 14  	 14097 	  	 14097 	 	 14097 	 	 0 
103 	 7 	 15  	 14097 	  	 14097 	 	 14097 	 	 0 
103 	 7 	 16  	 14097 	  	 14097 	 	 14097 	 	 0 
103 	 7 	 17  	 14097 	  	 14097 	 	 14097 	 	 0 
103 	 7 	 18  	 14097 	  	 14097 	 	 14097 	 	 0 
103 	 7 	 19  	 14097 	  	 14097 	 	 14097 	 	 0 
103 	 7 	 20  	 14097 	  	 14097 	 	 14097 	 	 0 
103 	 7 	 21  	 14097 	  	 14097 	 	 14097 	 	 0 
103 	 7 	 22  	 14097 	  	 14097 	 	 14097 	 	 0 
103 	 7 	 23  	 14097 	  	 14097 	 	 14097 	 	 0 
103 	 7 	 24  	 14097 	  	 14097 	 	 14097 	 	 0 
103 	 7 	 25  	 14097 	  	 14097 	 	 14097 	 	 0 
103 	 7 	 26  	 14097 	  	 14097 	 	 14097 	 	 0 
103 	 7 	 27  	 14097 	  	 14097 	 	 14097 	 	 0 
103 	 7 	 28  	 14097 	  	 14097 	 	 14097 	 	 0 
103 	 7 	 29  	 14097 	  	 14097 	 	 14097 	 	 0 
103 	 7 	 30  	 14097 	  	 14097 	 	 14097 	 	 0 
103 	 7 	 31  	 14097 	  	 14097 	 	 14097 	 	 0 
103 	 7 	 32  	 14097 	  	 14097 	 	 14097 	 	 0 
103 	 7 	 33  	 14097 	  	 14097 	 	 14097 	 	 0 
103 	 7 	 34  	 14097 	  	 14097 	 	 14097 	 	 0 
103 	 7 	 35  	 14097 	  	 14097 	 	 14097 	 	 0 
103 	 7 	 36  	 14097 	  	 14097 	 	 14097 	 	 0 
103 	 7 	 37  	 14097 	  	 14097 	 	 14097 	 	 0 
103 	 7 	 38  	 14097 	  	 14097 	 	 14097 	 	 0 
103 	 7 	 39  	 14097 	  	 14097 	 	 14097 	 	 0 
103 	 7 	 40  	 14097 	  	 14097 	 	 14097 	 	 0 
103 	 7 	 41  	 14097 	  	 14097 	 	 14097 	 	 0 
103 	 7 	 42  	 14097 	  	 14097 	 	 14097 	 	 0 
103 	 7 	 43  	 14097 	  	 14097 	 	 14097 	 	 0 
103 	 7 	 44  	 14097 	  	 14097 	 	 14097 	 	 0 
103 	 7 	 45  	 14097 	  	 14097 	 	 14097 	 	 0 
103 	 7 	 46  	 14097 	  	 14097 	 	 14097 	 	 0 
103 	 7 	 47  	 14097 	  	 14097 	 	 14097 	 	 0 
103 	 7 	 48  	 14097 	  	 14097 	 	 14097 	 	 0 
103 	 7 	 49  	 14097 	  	 14097 	 	 14097 	 	 0 
103 	 7 	 50  	 14097 	  	 14097 	 	 14097 	 	 0 
103 	 7 	 51  	 14097 	  	 14097 	 	 14097 	 	 0 
103 	 7 	 52  	 14097 	  	 14097 	 	 14097 	 	 0 
103 	 7 	 53  	 14097 	  	 14097 	 	 14097 	 	 0 
103 	 7 	 54  	 14097 	  	 14097 	 	 14097 	 	 0 
103 	 7 	 55  	 14097 	  	 14097 	 	 14097 	 	 0 
103 	 7 	 56  	 14097 	  	 14097 	 	 14097 	 	 0 
103 	 7 	 57  	 14097 	  	 14097 	 	 14097 	 	 0 
103 	 7 	 58  	 14097 	  	 14097 	 	 14097 	 	 0 
103 	 7 	 59  	 14097 	  	 14097 	 	 14097 	 	 0 
103 	 7 	 60  	 14097 	  	 14097 	 	 14097 	 	 0 
103 	 7 	 61  	 14097 	  	 14097 	 	 14097 	 	 0 
103 	 7 	 62  	 14097 	  	 14097 	 	 14097 	 	 0 
103 	 7 	 63  	 14097 	  	 14097 	 	 14097 	 	 0 
103 	 7 	 64  	 14097 	  	 14097 	 	 14097 	 	 0 
103 	 7 	 65  	 14097 	  	 14097 	 	 14097 	 	 0 
103 	 7 	 66  	 14097 	  	 14097 	 	 14097 	 	 0 
103 	 7 	 67  	 14097 	  	 14097 	 	 14097 	 	 0 
103 	 7 	 68  	 14097 	  	 14097 	 	 14097 	 	 0 
103 	 7 	 69  	 14097 	  	 14097 	 	 14097 	 	 0 
103 	 7 	 70  	 14097 	  	 14097 	 	 14097 	 	 0 
103 	 7 	 71  	 14097 	  	 14097 	 	 14097 	 	 0 
103 	 7 	 72  	 14097 	  	 14097 	 	 14097 	 	 0 
103 	 7 	 73  	 14097 	  	 14097 	 	 14097 	 	 0 
103 	 7 	 74  	 14097 	  	 14097 	 	 14097 	 	 0 
103 	 7 	 75  	 14097 	  	 14097 	 	 14097 	 	 0 
103 	 7 	 76  	 14097 	  	 14097 	 	 14097 	 	 0 
103 	 7 	 77  	 14097 	  	 14097 	 	 14097 	 	 0 
103 	 7 	 78  	 14097 	  	 14097 	 	 14097 	 	 0 
103 	 7 	 79  	 14097 	  	 14097 	 	 14097 	 	 0 
103 	 7 	 80  	 14097 	  	 14097 	 	 14097 	 	 0 
103 	 7 	 81  	 14097 	  	 14097 	 	 14097 	 	 0 
103 	 7 	 82  	 14097 	  	 14097 	 	 14097 	 	 0 
103 	 7 	 83  	 14097 	  	 14097 	 	 14097 	 	 0 
103 	 7 	 84  	 14097 	  	 14097 	 	 14097 	 	 0 
103 	 7 	 85  	 14097 	  	 14097 	 	 14097 	 	 0 
103 	 7 	 86  	 14097 	  	 14097 	 	 14097 	 	 0 
103 	 7 	 87  	 14097 	  	 14097 	 	 14097 	 	 0 
103 	 7 	 88  	 14097 	  	 14097 	 	 14097 	 	 0 
103 	 7 	 89  	 14097 	  	 14097 	 	 14097 	 	 0 
103 	 7 	 90  	 14097 	  	 14097 	 	 14097 	 	 0 
103 	 7 	 91  	 14097 	  	 14097 	 	 14097 	 	 0 
103 	 7 	 92  	 14097 	  	 14097 	 	 14097 	 	 0 
103 	 7 	 93  	 14097 	  	 14097 	 	 14097 	 	 0 
103 	 7 	 94  	 14097 	  	 14097 	 	 14097 	 	 0 
103 	 7 	 95  	 14097 	  	 14097 	 	 14097 	 	 0 
103 	 7 	 96  	 14097 	  	 14097 	 	 14097 	 	 0 
103 	 7 	 97  	 14097 	  	 14097 	 	 14097 	 	 0 
103 	 7 	 98  	 14097 	  	 14097 	 	 14097 	 	 0 
103 	 7 	 99  	 14097 	  	 14097 	 	 14097 	 	 0 
103 	 7 	 100  	 14097 	  	 14097 	 	 14097 	 	 0 
103 	 7 	 101  	 14097 	  	 14097 	 	 14097 	 	 0 
103 	 7 	 102  	 14097 	  	 14097 	 	 14097 	 	 0 
103 	 7 	 103  	 14097 	  	 14097 	 	 14097 	 	 0 
103 	 7 	 104  	 14097 	  	 14097 	 	 14097 	 	 0 
103 	 7 	 105  	 14097 	  	 14097 	 	 14097 	 	 0 
103 	 7 	 106  	 14097 	  	 14097 	 	 14097 	 	 0 
103 	 7 	 107  	 14097 	  	 14097 	 	 14097 	 	 0 
103 	 7 	 108  	 14097 	  	 14097 	 	 14097 	 	 0 
103 	 7 	 109  	 14097 	  	 14097 	 	 14097 	 	 0 
103 	 7 	 110  	 14097 	  	 14097 	 	 14097 	 	 0 
103 	 7 	 111  	 14097 	  	 14097 	 	 14097 	 	 0 
103 	 7 	 112  	 14097 	  	 14097 	 	 14097 	 	 0 
103 	 7 	 113  	 14097 	  	 14097 	 	 14097 	 	 0 
103 	 7 	 114  	 14097 	  	 14097 	 	 14097 	 	 0 
103 	 7 	 115  	 14097 	  	 14097 	 	 14097 	 	 0 
103 	 7 	 116  	 14097 	  	 14097 	 	 14097 	 	 0 
103 	 7 	 117  	 14097 	  	 14097 	 	 14097 	 	 0 
103 	 7 	 118  	 14097 	  	 14097 	 	 14097 	 	 0 
103 	 7 	 119  	 14097 	  	 14097 	 	 14097 	 	 0 
103 	 7 	 120  	 14097 	  	 14097 	 	 14097 	 	 0 
103 	 7 	 121  	 14097 	  	 14097 	 	 14097 	 	 0 
103 	 7 	 122  	 14097 	  	 14097 	 	 14097 	 	 0 
103 	 7 	 123  	 14097 	  	 14097 	 	 14097 	 	 0 
103 	 7 	 124  	 14097 	  	 14097 	 	 14097 	 	 0 
103 	 7 	 125  	 14097 	  	 14097 	 	 14097 	 	 0 
103 	 7 	 126  	 14097 	  	 14097 	 	 14097 	 	 0 
103 	 7 	 127  	 14097 	  	 14097 	 	 14097 	 	 0 
103 	 7 	 128  	 14097 	  	 14097 	 	 14097 	 	 0 
103 	 7 	 129  	 14097 	  	 14097 	 	 14097 	 	 0 
103 	 7 	 130  	 14097 	  	 14097 	 	 14097 	 	 0 
103 	 7 	 131  	 14097 	  	 14097 	 	 14097 	 	 0 
103 	 7 	 132  	 14097 	  	 14097 	 	 14097 	 	 0 
103 	 7 	 133  	 14097 	  	 14097 	 	 14097 	 	 0 
103 	 7 	 134  	 14097 	  	 14097 	 	 14097 	 	 0 
103 	 7 	 135  	 14097 	  	 14097 	 	 14097 	 	 0 
103 	 7 	 136  	 14097 	  	 14097 	 	 14097 	 	 0 
103 	 7 	 137  	 14097 	  	 14097 	 	 14097 	 	 0 
103 	 7 	 138  	 14097 	  	 14097 	 	 14097 	 	 0 
103 	 7 	 139  	 14097 	  	 14097 	 	 14097 	 	 0 
103 	 7 	 140  	 14097 	  	 14097 	 	 14097 	 	 0 
103 	 7 	 141  	 14097 	  	 14097 	 	 14097 	 	 0 
103 	 7 	 142  	 14097 	  	 14097 	 	 14097 	 	 0 
103 	 7 	 143  	 14097 	  	 14097 	 	 14097 	 	 0 
103 	 7 	 144  	 14097 	  	 14097 	 	 14097 	 	 0 
103 	 7 	 145  	 14097 	  	 14097 	 	 14097 	 	 0 
103 	 7 	 146  	 14097 	  	 14097 	 	 14097 	 	 0 
103 	 7 	 147  	 14097 	  	 14097 	 	 14097 	 	 0 
103 	 7 	 148  	 14097 	  	 14097 	 	 14097 	 	 0 
103 	 7 	 149  	 14097 	  	 14097 	 	 14097 	 	 0 
103 	 7 	 150  	 14097 	  	 14097 	 	 14097 	 	 0 
103 	 7 	 151  	 14097 	  	 14097 	 	 14097 	 	 0 
103 	 7 	 152  	 14097 	  	 14097 	 	 14097 	 	 0 
103 	 7 	 153  	 14097 	  	 14097 	 	 14097 	 	 0 
103 	 7 	 154  	 14097 	  	 14097 	 	 14097 	 	 0 
103 	 7 	 155  	 14097 	  	 14097 	 	 14097 	 	 0 
103 	 7 	 156  	 14097 	  	 14097 	 	 14097 	 	 0 
103 	 7 	 157  	 14097 	  	 14097 	 	 14097 	 	 0 
103 	 7 	 158  	 14097 	  	 14097 	 	 14097 	 	 0 
103 	 7 	 159  	 14097 	  	 14097 	 	 14097 	 	 0 
103 	 7 	 160  	 14097 	  	 14097 	 	 14097 	 	 0 
103 	 7 	 161  	 14097 	  	 14097 	 	 14097 	 	 0 
103 	 7 	 162  	 14097 	  	 14097 	 	 14097 	 	 0 
103 	 7 	 163  	 14097 	  	 14097 	 	 14097 	 	 0 
103 	 7 	 164  	 14097 	  	 14097 	 	 14097 	 	 0 
103 	 7 	 165  	 14097 	  	 14097 	 	 14097 	 	 0 
103 	 7 	 166  	 14097 	  	 14097 	 	 14097 	 	 0 
103 	 7 	 167  	 14097 	  	 14097 	 	 14097 	 	 0 
103 	 7 	 168  	 14097 	  	 14097 	 	 14097 	 	 0 
103 	 7 	 169  	 14097 	  	 14097 	 	 14097 	 	 0 
103 	 7 	 170  	 14097 	  	 14097 	 	 14097 	 	 0 
103 	 7 	 171  	 14097 	  	 14097 	 	 14097 	 	 0 
103 	 7 	 172  	 14097 	  	 14097 	 	 14097 	 	 0 
103 	 7 	 173  	 14097 	  	 14097 	 	 14097 	 	 0 
103 	 7 	 174  	 14097 	  	 14097 	 	 14097 	 	 0 
103 	 7 	 175  	 14097 	  	 14097 	 	 14097 	 	 0 
103 	 7 	 176  	 14097 	  	 14097 	 	 14097 	 	 0 
103 	 7 	 177  	 14097 	  	 14097 	 	 14097 	 	 0 
103 	 7 	 178  	 14097 	  	 14097 	 	 14097 	 	 0 
103 	 7 	 179  	 14097 	  	 14097 	 	 14097 	 	 0 
103 	 7 	 180  	 14097 	  	 14097 	 	 14097 	 	 0 
103 	 7 	 181  	 14097 	  	 14097 	 	 14097 	 	 0 
103 	 7 	 182  	 14097 	  	 14097 	 	 14097 	 	 0 
103 	 7 	 183  	 14097 	  	 14097 	 	 14097 	 	 0 
103 	 7 	 184  	 14097 	  	 14097 	 	 14097 	 	 0 
103 	 7 	 185  	 14097 	  	 14097 	 	 14097 	 	 0 
103 	 7 	 186  	 14097 	  	 14097 	 	 14097 	 	 0 
103 	 7 	 187  	 14097 	  	 14097 	 	 14097 	 	 0 
103 	 7 	 188  	 14097 	  	 14097 	 	 14097 	 	 0 
103 	 7 	 189  	 14097 	  	 14097 	 	 14097 	 	 0 
103 	 7 	 190  	 14097 	  	 14097 	 	 14097 	 	 0 
103 	 7 	 191  	 14097 	  	 14097 	 	 14097 	 	 0 
103 	 7 	 192  	 14097 	  	 14097 	 	 14097 	 	 0 
103 	 7 	 193  	 14097 	  	 14097 	 	 14097 	 	 0 
103 	 7 	 194  	 14097 	  	 14097 	 	 14097 	 	 0 
103 	 7 	 195  	 14097 	  	 14097 	 	 14097 	 	 0 
103 	 7 	 196  	 14097 	  	 14097 	 	 14097 	 	 0 
103 	 7 	 197  	 14097 	  	 14097 	 	 14097 	 	 0 
103 	 7 	 198  	 14097 	  	 14097 	 	 14097 	 	 0 
103 	 7 	 199  	 14097 	  	 14097 	 	 14097 	 	 0 
103 	 7 	 200  	 14097 	  	 14097 	 	 14097 	 	 0 
103 	 7 	 201  	 14097 	  	 14097 	 	 14097 	 	 0 
103 	 7 	 202  	 14097 	  	 14097 	 	 14097 	 	 0 
103 	 7 	 203  	 14097 	  	 14097 	 	 14097 	 	 0 
103 	 7 	 204  	 14097 	  	 14097 	 	 14097 	 	 0 
103 	 7 	 205  	 14097 	  	 14097 	 	 14097 	 	 0 
103 	 7 	 206  	 14097 	  	 14097 	 	 14097 	 	 0 
103 	 7 	 207  	 14097 	  	 14097 	 	 14097 	 	 0 
103 	 7 	 208  	 14097 	  	 14097 	 	 14097 	 	 0 
103 	 7 	 209  	 14097 	  	 14097 	 	 14097 	 	 0 
103 	 7 	 210  	 14097 	  	 14097 	 	 14097 	 	 0 
103 	 7 	 211  	 14097 	  	 14097 	 	 14097 	 	 0 
103 	 7 	 212  	 14097 	  	 14097 	 	 14097 	 	 0 
103 	 7 	 213  	 14097 	  	 14097 	 	 14097 	 	 0 
103 	 7 	 214  	 14097 	  	 14097 	 	 14097 	 	 0 
103 	 7 	 215  	 14097 	  	 14097 	 	 14097 	 	 0 
103 	 7 	 216  	 14097 	  	 14097 	 	 14097 	 	 0 
103 	 7 	 217  	 14097 	  	 14097 	 	 14097 	 	 0 
103 	 7 	 218  	 14097 	  	 14097 	 	 14097 	 	 0 
103 	 7 	 219  	 14097 	  	 14097 	 	 14097 	 	 0 
103 	 7 	 220  	 14097 	  	 14097 	 	 14097 	 	 0 
103 	 7 	 221  	 14097 	  	 14097 	 	 14097 	 	 0 
103 	 7 	 222  	 14097 	  	 14097 	 	 14097 	 	 0 
103 	 7 	 223  	 14097 	  	 14097 	 	 14097 	 	 0 
103 	 7 	 224  	 14097 	  	 14097 	 	 14097 	 	 0 
103 	 7 	 225  	 14097 	  	 14097 	 	 14097 	 	 0 
103 	 7 	 226  	 14097 	  	 14097 	 	 14097 	 	 0 
103 	 7 	 227  	 14097 	  	 14097 	 	 14097 	 	 0 
103 	 7 	 228  	 14097 	  	 14097 	 	 14097 	 	 0 
103 	 7 	 229  	 14097 	  	 14097 	 	 14097 	 	 0 
103 	 7 	 230  	 14097 	  	 14097 	 	 14097 	 	 0 
103 	 7 	 231  	 14097 	  	 14097 	 	 14097 	 	 0 
103 	 7 	 232  	 14097 	  	 14097 	 	 14097 	 	 0 
103 	 7 	 233  	 14097 	  	 14097 	 	 14097 	 	 0 
103 	 7 	 234  	 14097 	  	 14097 	 	 14097 	 	 0 
103 	 7 	 235  	 14097 	  	 14097 	 	 14097 	 	 0 
103 	 7 	 236  	 14097 	  	 14097 	 	 14097 	 	 0 
103 	 7 	 237  	 14097 	  	 14097 	 	 14097 	 	 0 
103 	 7 	 238  	 14097 	  	 14097 	 	 14097 	 	 0 
103 	 7 	 239  	 14097 	  	 14097 	 	 14097 	 	 0 
103 	 7 	 240  	 14097 	  	 14097 	 	 14097 	 	 0 
103 	 7 	 241  	 14097 	  	 14097 	 	 14097 	 	 0 
103 	 7 	 242  	 14097 	  	 14097 	 	 14097 	 	 0 
103 	 7 	 243  	 14097 	  	 14097 	 	 14097 	 	 0 
103 	 7 	 244  	 14097 	  	 14097 	 	 14097 	 	 0 
103 	 7 	 245  	 14097 	  	 14097 	 	 14097 	 	 0 
103 	 7 	 246  	 14097 	  	 14097 	 	 14097 	 	 0 
103 	 7 	 247  	 14097 	  	 14097 	 	 14097 	 	 0 
103 	 7 	 248  	 14097 	  	 14097 	 	 14097 	 	 0 
103 	 7 	 249  	 14097 	  	 14097 	 	 14097 	 	 0 
103 	 7 	 250  	 14097 	  	 14097 	 	 14097 	 	 0 
103 	 7 	 251  	 14097 	  	 14097 	 	 14097 	 	 0 
103 	 7 	 252  	 14097 	  	 14097 	 	 14097 	 	 0 
103 	 7 	 253  	 14097 	  	 14097 	 	 14097 	 	 0 
103 	 7 	 254  	 14097 	  	 14097 	 	 14097 	 	 0 
103 	 7 	 255  	 14097 	  	 14097 	 	 14097 	 	 0 
103 	 7 	 256  	 14097 	  	 14097 	 	 14097 	 	 0 
103 	 7 	 257  	 14097 	  	 14097 	 	 14097 	 	 0 
103 	 7 	 258  	 14097 	  	 14097 	 	 14097 	 	 0 
103 	 7 	 259  	 14097 	  	 14097 	 	 14097 	 	 0 
103 	 7 	 260  	 14097 	  	 14097 	 	 14097 	 	 0 
103 	 7 	 261  	 14097 	  	 14097 	 	 14097 	 	 0 
103 	 7 	 262  	 14097 	  	 14097 	 	 14097 	 	 0 
103 	 7 	 263  	 14097 	  	 14097 	 	 14097 	 	 0 
103 	 7 	 264  	 14097 	  	 14097 	 	 14097 	 	 0 
103 	 7 	 265  	 14097 	  	 14097 	 	 14097 	 	 0 
103 	 7 	 266  	 14097 	  	 14097 	 	 14097 	 	 0 
103 	 7 	 267  	 14097 	  	 14097 	 	 14097 	 	 0 
103 	 7 	 268  	 14097 	  	 14097 	 	 14097 	 	 0 
103 	 7 	 269  	 14097 	  	 14097 	 	 14097 	 	 0 
103 	 7 	 270  	 14097 	  	 14097 	 	 14097 	 	 0 
103 	 7 	 271  	 14097 	  	 14097 	 	 14097 	 	 0 
103 	 7 	 272  	 14097 	  	 14097 	 	 14097 	 	 0 
103 	 7 	 273  	 14097 	  	 14097 	 	 14097 	 	 0 
103 	 7 	 274  	 14097 	  	 14097 	 	 14097 	 	 0 
103 	 7 	 275  	 14097 	  	 14097 	 	 14097 	 	 0 
103 	 7 	 276  	 14097 	  	 14097 	 	 14097 	 	 0 
103 	 7 	 277  	 14097 	  	 14097 	 	 14097 	 	 0 
103 	 7 	 278  	 14097 	  	 14097 	 	 14097 	 	 0 
103 	 7 	 279  	 14097 	  	 14097 	 	 14097 	 	 0 
103 	 7 	 280  	 14097 	  	 14097 	 	 14097 	 	 0 
103 	 7 	 281  	 14097 	  	 14097 	 	 14097 	 	 0 
103 	 7 	 282  	 14097 	  	 14097 	 	 14097 	 	 0 
103 	 7 	 283  	 14097 	  	 14097 	 	 14097 	 	 0 
103 	 7 	 284  	 14097 	  	 14097 	 	 14097 	 	 0 
103 	 7 	 285  	 14097 	  	 14097 	 	 14097 	 	 0 
103 	 7 	 286  	 14097 	  	 14097 	 	 14097 	 	 0 
103 	 7 	 287  	 14097 	  	 14097 	 	 14097 	 	 0 
103 	 7 	 288  	 14097 	  	 14097 	 	 14097 	 	 0 
103 	 7 	 289  	 14097 	  	 14097 	 	 14097 	 	 0 
103 	 7 	 290  	 14097 	  	 14097 	 	 14097 	 	 0 
103 	 7 	 291  	 14097 	  	 14097 	 	 14097 	 	 0 
103 	 7 	 292  	 14097 	  	 14097 	 	 14097 	 	 0 
103 	 7 	 293  	 14097 	  	 14097 	 	 14097 	 	 0 
103 	 7 	 294  	 14097 	  	 14097 	 	 14097 	 	 0 
103 	 7 	 295  	 14097 	  	 14097 	 	 14097 	 	 0 
103 	 7 	 296  	 14097 	  	 14097 	 	 14097 	 	 0 
103 	 7 	 297  	 14097 	  	 14097 	 	 14097 	 	 0 
103 	 7 	 298  	 14097 	  	 14097 	 	 14097 	 	 0 
103 	 7 	 299  	 14097 	  	 14097 	 	 14097 	 	 0 
103 	 7 	 300  	 14097 	  	 14097 	 	 14097 	 	 0 
103 	 7 	 301  	 14097 	  	 14097 	 	 14097 	 	 0 
103 	 7 	 302  	 14097 	  	 14097 	 	 14097 	 	 0 
103 	 7 	 303  	 14097 	  	 14097 	 	 14097 	 	 0 
103 	 7 	 304  	 14097 	  	 14097 	 	 14097 	 	 0 
103 	 7 	 305  	 14097 	  	 14097 	 	 14097 	 	 0 
103 	 7 	 306  	 14097 	  	 14097 	 	 14097 	 	 0 
103 	 7 	 307  	 14097 	  	 14097 	 	 14097 	 	 0 
103 	 7 	 308  	 14097 	  	 14097 	 	 14097 	 	 0 
103 	 7 	 309  	 14097 	  	 14097 	 	 14097 	 	 0 
103 	 7 	 310  	 14097 	  	 14097 	 	 14097 	 	 0 
103 	 7 	 311  	 14097 	  	 14097 	 	 14097 	 	 0 
103 	 7 	 312  	 14097 	  	 14097 	 	 14097 	 	 0 
103 	 7 	 313  	 14097 	  	 14097 	 	 14097 	 	 0 
103 	 7 	 314  	 14097 	  	 14097 	 	 14097 	 	 0 
103 	 7 	 315  	 14097 	  	 14097 	 	 14097 	 	 0 
103 	 7 	 316  	 14097 	  	 14097 	 	 14097 	 	 0 
103 	 7 	 317  	 14097 	  	 14097 	 	 14097 	 	 0 
103 	 7 	 318  	 14097 	  	 14097 	 	 14097 	 	 0 
103 	 7 	 319  	 14097 	  	 14097 	 	 14097 	 	 0 
103 	 7 	 320  	 14097 	  	 14097 	 	 14097 	 	 0 
103 	 7 	 321  	 14097 	  	 14097 	 	 14097 	 	 0 
103 	 7 	 322  	 14097 	  	 14097 	 	 14097 	 	 0 
103 	 7 	 323  	 14097 	  	 14097 	 	 14097 	 	 0 
103 	 7 	 324  	 14097 	  	 14097 	 	 14097 	 	 0 
103 	 7 	 325  	 14097 	  	 14097 	 	 14097 	 	 0 
103 	 7 	 326  	 14097 	  	 14097 	 	 14097 	 	 0 
103 	 7 	 327  	 14097 	  	 14097 	 	 14097 	 	 0 
103 	 7 	 328  	 14097 	  	 14097 	 	 14097 	 	 0 
103 	 7 	 329  	 14097 	  	 14097 	 	 14097 	 	 0 
103 	 7 	 330  	 14097 	  	 14097 	 	 14097 	 	 0 
103 	 7 	 331  	 14097 	  	 14097 	 	 14097 	 	 0 
103 	 7 	 332  	 14097 	  	 14097 	 	 14097 	 	 0 
103 	 7 	 333  	 14097 	  	 14097 	 	 14097 	 	 0 
103 	 7 	 334  	 14097 	  	 14097 	 	 14097 	 	 0 
103 	 7 	 335  	 14097 	  	 14097 	 	 14097 	 	 0 
103 	 7 	 336  	 14097 	  	 14097 	 	 14097 	 	 0 
103 	 7 	 337  	 14097 	  	 14097 	 	 14097 	 	 0 
103 	 7 	 338  	 14097 	  	 14097 	 	 14097 	 	 0 
103 	 7 	 339  	 14097 	  	 14097 	 	 14097 	 	 0 
103 	 7 	 340  	 14097 	  	 14097 	 	 14097 	 	 0 
103 	 7 	 341  	 14097 	  	 14097 	 	 14097 	 	 0 
103 	 7 	 342  	 14097 	  	 14097 	 	 14097 	 	 0 
103 	 7 	 343  	 14097 	  	 14097 	 	 14097 	 	 0 
103 	 7 	 344  	 14097 	  	 14097 	 	 14097 	 	 0 
103 	 7 	 345  	 14097 	  	 14097 	 	 14097 	 	 0 
103 	 7 	 346  	 14097 	  	 14097 	 	 14097 	 	 0 
103 	 7 	 347  	 14097 	  	 14097 	 	 14097 	 	 0 
103 	 7 	 348  	 14097 	  	 14097 	 	 14097 	 	 0 
103 	 7 	 349  	 14097 	  	 14097 	 	 14097 	 	 0 
103 	 7 	 350  	 14097 	  	 14097 	 	 14097 	 	 0 
103 	 7 	 351  	 14097 	  	 14097 	 	 14097 	 	 0 
103 	 7 	 352  	 14097 	  	 14097 	 	 14097 	 	 0 
103 	 7 	 353  	 14097 	  	 14097 	 	 14097 	 	 0 
103 	 7 	 354  	 14097 	  	 14097 	 	 14097 	 	 0 
103 	 7 	 355  	 14097 	  	 14097 	 	 14097 	 	 0 
103 	 7 	 356  	 14097 	  	 14097 	 	 14097 	 	 0 
103 	 7 	 357  	 14097 	  	 14097 	 	 14097 	 	 0 
103 	 7 	 358  	 14097 	  	 14097 	 	 14097 	 	 0 
103 	 7 	 359  	 14097 	  	 14097 	 	 14097 	 	 0 
103 	 7 	 360  	 14097 	  	 14097 	 	 14097 	 	 0 
103 	 7 	 361  	 14097 	  	 14097 	 	 14097 	 	 0 
103 	 7 	 362  	 14097 	  	 14097 	 	 14097 	 	 0 
103 	 7 	 363  	 14097 	  	 14097 	 	 14097 	 	 0 
103 	 7 	 364  	 14097 	  	 14097 	 	 14097 	 	 0 
103 	 7 	 365  	 14097 	  	 14097 	 	 14097 	 	 0 
103 	 7 	 366  	 14097 	  	 14097 	 	 14097 	 	 0 
103 	 7 	 367  	 14097 	  	 14097 	 	 14097 	 	 0 
103 	 7 	 368  	 14097 	  	 14097 	 	 14097 	 	 0 
103 	 7 	 369  	 14097 	  	 14097 	 	 14097 	 	 0 
103 	 7 	 370  	 14097 	  	 14097 	 	 14097 	 	 0 
103 	 7 	 371  	 14097 	  	 14097 	 	 14097 	 	 0 
103 	 7 	 372  	 14097 	  	 14097 	 	 14097 	 	 0 
103 	 7 	 373  	 14097 	  	 14097 	 	 14097 	 	 0 
103 	 7 	 374  	 14097 	  	 14097 	 	 14097 	 	 0 
103 	 7 	 375  	 14097 	  	 14097 	 	 14097 	 	 0 
103 	 7 	 376  	 14097 	  	 14097 	 	 14097 	 	 0 
103 	 7 	 377  	 14097 	  	 14097 	 	 14097 	 	 0 
103 	 7 	 378  	 14097 	  	 14097 	 	 14097 	 	 0 
103 	 7 	 379  	 14097 	  	 14097 	 	 14097 	 	 0 
103 	 7 	 380  	 14097 	  	 14097 	 	 14097 	 	 0 
103 	 7 	 381  	 14097 	  	 14097 	 	 14097 	 	 0 
103 	 7 	 382  	 14097 	  	 14097 	 	 14097 	 	 0 
103 	 7 	 383  	 14097 	  	 14097 	 	 14097 	 	 0 
103 	 7 	 384  	 14097 	  	 14097 	 	 14097 	 	 0 
103 	 7 	 385  	 14097 	  	 14097 	 	 14097 	 	 0 
103 	 7 	 386  	 14097 	  	 14097 	 	 14097 	 	 0 
103 	 7 	 387  	 14097 	  	 14097 	 	 14097 	 	 0 
103 	 7 	 388  	 14097 	  	 14097 	 	 14097 	 	 0 
103 	 7 	 389  	 14097 	  	 14097 	 	 14097 	 	 0 
103 	 7 	 390  	 14097 	  	 14097 	 	 14097 	 	 0 
103 	 7 	 391  	 14097 	  	 14097 	 	 14097 	 	 0 
103 	 7 	 392  	 14097 	  	 14097 	 	 14097 	 	 0 
103 	 7 	 393  	 14097 	  	 14097 	 	 14097 	 	 0 
103 	 7 	 394  	 14097 	  	 14097 	 	 14097 	 	 0 
103 	 7 	 395  	 14097 	  	 14097 	 	 14097 	 	 0 
103 	 7 	 396  	 14097 	  	 14097 	 	 14097 	 	 0 
103 	 7 	 397  	 14097 	  	 14097 	 	 14097 	 	 0 
103 	 7 	 398  	 14097 	  	 14097 	 	 14097 	 	 0 
103 	 7 	 399  	 14097 	  	 14097 	 	 14097 	 	 0 
103 	 7 	 400  	 14097 	  	 14097 	 	 14097 	 	 0 
103 	 7 	 401  	 14097 	  	 14097 	 	 14097 	 	 0 
103 	 7 	 402  	 14097 	  	 14097 	 	 14097 	 	 0 
103 	 7 	 403  	 14097 	  	 14097 	 	 14097 	 	 0 
103 	 7 	 404  	 14097 	  	 14097 	 	 14097 	 	 0 
103 	 7 	 405  	 14097 	  	 14097 	 	 14097 	 	 0 
103 	 7 	 406  	 14097 	  	 14097 	 	 14097 	 	 0 
103 	 7 	 407  	 14097 	  	 14097 	 	 14097 	 	 0 
103 	 7 	 408  	 14097 	  	 14097 	 	 14097 	 	 0 
103 	 7 	 409  	 14097 	  	 14097 	 	 14097 	 	 0 
103 	 7 	 410  	 14097 	  	 14097 	 	 14097 	 	 0 
103 	 7 	 411  	 14097 	  	 14097 	 	 14097 	 	 0 
103 	 7 	 412  	 14097 	  	 14097 	 	 14097 	 	 0 
103 	 7 	 413  	 14097 	  	 14097 	 	 14097 	 	 0 
103 	 7 	 414  	 14097 	  	 14097 	 	 14097 	 	 0 
103 	 7 	 415  	 14097 	  	 14097 	 	 14097 	 	 0 
103 	 7 	 416  	 14097 	  	 14097 	 	 14097 	 	 0 
103 	 7 	 417  	 14097 	  	 14097 	 	 14097 	 	 0 
103 	 7 	 418  	 14097 	  	 14097 	 	 14097 	 	 0 
103 	 7 	 419  	 14097 	  	 14097 	 	 14097 	 	 0 
103 	 7 	 420  	 14097 	  	 14097 	 	 14097 	 	 0 
103 	 7 	 421  	 14097 	  	 14097 	 	 14097 	 	 0 
103 	 7 	 422  	 14097 	  	 14097 	 	 14097 	 	 0 
103 	 7 	 423  	 14097 	  	 14097 	 	 14097 	 	 0 
103 	 7 	 424  	 14097 	  	 14097 	 	 14097 	 	 0 
103 	 7 	 425  	 14097 	  	 14097 	 	 14097 	 	 0 
103 	 7 	 426  	 14097 	  	 14097 	 	 14097 	 	 0 
103 	 7 	 427  	 14097 	  	 14097 	 	 14097 	 	 0 
103 	 7 	 428  	 14097 	  	 14097 	 	 14097 	 	 0 
103 	 7 	 429  	 14097 	  	 14097 	 	 14097 	 	 0 
103 	 7 	 430  	 14097 	  	 14097 	 	 14097 	 	 0 
103 	 7 	 431  	 14097 	  	 14097 	 	 14097 	 	 0 
103 	 7 	 432  	 14097 	  	 14097 	 	 14097 	 	 0 
103 	 7 	 433  	 14097 	  	 14097 	 	 14097 	 	 0 
103 	 7 	 434  	 14097 	  	 14097 	 	 14097 	 	 0 
103 	 7 	 435  	 14097 	  	 14097 	 	 14097 	 	 0 
103 	 7 	 436  	 14097 	  	 14097 	 	 14097 	 	 0 
103 	 7 	 437  	 14097 	  	 14097 	 	 14097 	 	 0 
103 	 7 	 438  	 14097 	  	 14097 	 	 14097 	 	 0 
103 	 7 	 439  	 14097 	  	 14097 	 	 14097 	 	 0 
103 	 7 	 440  	 14097 	  	 14097 	 	 14097 	 	 0 
103 	 7 	 441  	 14097 	  	 14097 	 	 14097 	 	 0 
103 	 7 	 442  	 14097 	  	 14097 	 	 14097 	 	 0 
103 	 7 	 443  	 14097 	  	 14097 	 	 14097 	 	 0 
103 	 7 	 444  	 14097 	  	 14097 	 	 14097 	 	 0 
103 	 7 	 445  	 14097 	  	 14097 	 	 14097 	 	 0 
103 	 7 	 446  	 14097 	  	 14097 	 	 14097 	 	 0 
103 	 7 	 447  	 14097 	  	 14097 	 	 14097 	 	 0 
103 	 7 	 448  	 14097 	  	 14097 	 	 14097 	 	 0 
103 	 7 	 449  	 14097 	  	 14097 	 	 14097 	 	 0 
103 	 7 	 450  	 14097 	  	 14097 	 	 14097 	 	 0 
103 	 7 	 451  	 14097 	  	 14097 	 	 14097 	 	 0 
103 	 7 	 452  	 14097 	  	 14097 	 	 14097 	 	 0 
103 	 7 	 453  	 14097 	  	 14097 	 	 14097 	 	 0 
103 	 7 	 454  	 14097 	  	 14097 	 	 14097 	 	 0 
103 	 7 	 455  	 14097 	  	 14097 	 	 14097 	 	 0 
103 	 7 	 456  	 14097 	  	 14097 	 	 14097 	 	 0 
103 	 7 	 457  	 14097 	  	 14097 	 	 14097 	 	 0 
103 	 7 	 458  	 14097 	  	 14097 	 	 14097 	 	 0 
103 	 7 	 459  	 14097 	  	 14097 	 	 14097 	 	 0 
103 	 7 	 460  	 14097 	  	 14097 	 	 14097 	 	 0 
103 	 7 	 461  	 14097 	  	 14097 	 	 14097 	 	 0 
103 	 7 	 462  	 14097 	  	 14097 	 	 14097 	 	 0 
103 	 7 	 463  	 14097 	  	 14097 	 	 14097 	 	 0 
103 	 7 	 464  	 14097 	  	 14097 	 	 14097 	 	 0 
103 	 7 	 465  	 14097 	  	 14097 	 	 14097 	 	 0 
103 	 7 	 466  	 14097 	  	 14097 	 	 14097 	 	 0 
103 	 7 	 467  	 14097 	  	 14097 	 	 14097 	 	 0 
103 	 7 	 468  	 14097 	  	 14097 	 	 14097 	 	 0 
103 	 7 	 469  	 14097 	  	 14097 	 	 14097 	 	 0 
103 	 7 	 470  	 14097 	  	 14097 	 	 14097 	 	 0 
103 	 7 	 471  	 14097 	  	 14097 	 	 14097 	 	 0 
103 	 7 	 472  	 14097 	  	 14097 	 	 14097 	 	 0 
103 	 7 	 473  	 14097 	  	 14097 	 	 14097 	 	 0 
103 	 7 	 474  	 14097 	  	 14097 	 	 14097 	 	 0 
103 	 7 	 475  	 14097 	  	 14097 	 	 14097 	 	 0 
103 	 7 	 476  	 14097 	  	 14097 	 	 14097 	 	 0 
103 	 7 	 477  	 14097 	  	 14097 	 	 14097 	 	 0 
103 	 7 	 478  	 14097 	  	 14097 	 	 14097 	 	 0 
103 	 7 	 479  	 14097 	  	 14097 	 	 14097 	 	 0 
103 	 7 	 480  	 14097 	  	 14097 	 	 14097 	 	 0 
103 	 7 	 481  	 14097 	  	 14097 	 	 14097 	 	 0 
103 	 7 	 482  	 14097 	  	 14097 	 	 14097 	 	 0 
103 	 7 	 483  	 14097 	  	 14097 	 	 14097 	 	 0 
103 	 7 	 484  	 14097 	  	 14097 	 	 14097 	 	 0 
103 	 7 	 485  	 14097 	  	 14097 	 	 14097 	 	 0 
103 	 7 	 486  	 14097 	  	 14097 	 	 14097 	 	 0 
103 	 7 	 487  	 14097 	  	 14097 	 	 14097 	 	 0 
103 	 7 	 488  	 14097 	  	 14097 	 	 14097 	 	 0 
103 	 7 	 489  	 14097 	  	 14097 	 	 14097 	 	 0 
103 	 7 	 490  	 14097 	  	 14097 	 	 14097 	 	 0 
103 	 7 	 491  	 14097 	  	 14097 	 	 14097 	 	 0 
103 	 7 	 492  	 14097 	  	 14097 	 	 14097 	 	 0 
103 	 7 	 493  	 14097 	  	 14097 	 	 14097 	 	 0 
103 	 7 	 494  	 14097 	  	 14097 	 	 14097 	 	 0 
103 	 7 	 495  	 14097 	  	 14097 	 	 14097 	 	 0 
103 	 7 	 496  	 14097 	  	 14097 	 	 14097 	 	 0 
103 	 7 	 497  	 14097 	  	 14097 	 	 14097 	 	 0 
103 	 7 	 498  	 14097 	  	 14097 	 	 14097 	 	 0 
103 	 7 	 499  	 14097 	  	 14097 	 	 14097 	 	 0 
103 	 7 	 500  	 14097 	  	 14097 	 	 14097 	 	 0 
103 	 7 	 501  	 14097 	  	 14097 	 	 14097 	 	 0 
103 	 7 	 502  	 14097 	  	 14097 	 	 14097 	 	 0 
103 	 7 	 503  	 14097 	  	 14097 	 	 14097 	 	 0 
103 	 7 	 504  	 14097 	  	 14097 	 	 14097 	 	 0 
103 	 7 	 505  	 14097 	  	 14097 	 	 14097 	 	 0 
103 	 7 	 506  	 14097 	  	 14097 	 	 14097 	 	 0 
103 	 7 	 507  	 14097 	  	 14097 	 	 14097 	 	 0 
103 	 7 	 508  	 14097 	  	 14097 	 	 14097 	 	 0 
103 	 7 	 509  	 14097 	  	 14097 	 	 14097 	 	 0 
103 	 7 	 510  	 14097 	  	 14097 	 	 14097 	 	 0 
103 	 7 	 511  	 14097 	  	 14097 	 	 14097 	 	 0 
103 	 7 	 512  	 14097 	  	 14097 	 	 14097 	 	 0 
103 	 7 	 513  	 14097 	  	 14097 	 	 14097 	 	 0 
103 	 7 	 514  	 14097 	  	 14097 	 	 14097 	 	 0 
103 	 7 	 515  	 14097 	  	 14097 	 	 14097 	 	 0 
103 	 7 	 516  	 14097 	  	 14097 	 	 14097 	 	 0 
103 	 7 	 517  	 14097 	  	 14097 	 	 14097 	 	 0 
103 	 7 	 518  	 14097 	  	 14097 	 	 14097 	 	 0 
103 	 7 	 519  	 14097 	  	 14097 	 	 14097 	 	 0 
103 	 7 	 520  	 14097 	  	 14097 	 	 14097 	 	 0 
103 	 7 	 521  	 14097 	  	 14097 	 	 14097 	 	 0 
103 	 7 	 522  	 14097 	  	 14097 	 	 14097 	 	 0 
103 	 7 	 523  	 14097 	  	 14097 	 	 14097 	 	 0 
103 	 7 	 524  	 14097 	  	 14097 	 	 14097 	 	 0 
103 	 7 	 525  	 14097 	  	 14097 	 	 14097 	 	 0 
103 	 7 	 526  	 14097 	  	 14097 	 	 14097 	 	 0 
103 	 7 	 527  	 14097 	  	 14097 	 	 14097 	 	 0 
103 	 7 	 528  	 14097 	  	 14097 	 	 14097 	 	 0 
103 	 7 	 529  	 14097 	  	 14097 	 	 14097 	 	 0 
103 	 7 	 530  	 14097 	  	 14097 	 	 14097 	 	 0 
103 	 7 	 531  	 14097 	  	 14097 	 	 14097 	 	 0 
103 	 7 	 532  	 14097 	  	 14097 	 	 14097 	 	 0 
103 	 7 	 533  	 14097 	  	 14097 	 	 14097 	 	 0 
103 	 7 	 534  	 14097 	  	 14097 	 	 14097 	 	 0 
103 	 7 	 535  	 14097 	  	 14097 	 	 14097 	 	 0 
103 	 7 	 536  	 14097 	  	 14097 	 	 14097 	 	 0 
103 	 7 	 537  	 14097 	  	 14097 	 	 14097 	 	 0 
103 	 7 	 538  	 14097 	  	 14097 	 	 14097 	 	 0 
103 	 7 	 539  	 14097 	  	 14097 	 	 14097 	 	 0 
103 	 7 	 540  	 14097 	  	 14097 	 	 14097 	 	 0 
103 	 7 	 541  	 14097 	  	 14097 	 	 14097 	 	 0 
103 	 7 	 542  	 14097 	  	 14097 	 	 14097 	 	 0 
103 	 7 	 543  	 14097 	  	 14097 	 	 14097 	 	 0 
103 	 7 	 544  	 14097 	  	 14097 	 	 14097 	 	 0 
103 	 7 	 545  	 14097 	  	 14097 	 	 14097 	 	 0 
103 	 7 	 546  	 14097 	  	 14097 	 	 14097 	 	 0 
103 	 7 	 547  	 14097 	  	 14097 	 	 14097 	 	 0 
103 	 7 	 548  	 14097 	  	 14097 	 	 14097 	 	 0 
103 	 7 	 549  	 14097 	  	 14097 	 	 14097 	 	 0 
103 	 7 	 550  	 14097 	  	 14097 	 	 14097 	 	 0 
103 	 7 	 551  	 14097 	  	 14097 	 	 14097 	 	 0 
103 	 7 	 552  	 14097 	  	 14097 	 	 14097 	 	 0 
103 	 7 	 553  	 14097 	  	 14097 	 	 14097 	 	 0 
103 	 7 	 554  	 14097 	  	 14097 	 	 14097 	 	 0 
103 	 7 	 555  	 14097 	  	 14097 	 	 14097 	 	 0 
103 	 7 	 556  	 14097 	  	 14097 	 	 14097 	 	 0 
103 	 7 	 557  	 14097 	  	 14097 	 	 14097 	 	 0 
103 	 7 	 558  	 14097 	  	 14097 	 	 14097 	 	 0 
103 	 7 	 559  	 14097 	  	 14097 	 	 14097 	 	 0 
103 	 7 	 560  	 14097 	  	 14097 	 	 14097 	 	 0 
103 	 7 	 561  	 14097 	  	 14097 	 	 14097 	 	 0 
103 	 7 	 562  	 14097 	  	 14097 	 	 14097 	 	 0 
103 	 7 	 563  	 14097 	  	 14097 	 	 14097 	 	 0 
103 	 7 	 564  	 14097 	  	 14097 	 	 14097 	 	 0 
103 	 7 	 565  	 14097 	  	 14097 	 	 14097 	 	 0 
103 	 7 	 566  	 14097 	  	 14097 	 	 14097 	 	 0 
103 	 7 	 567  	 14097 	  	 14097 	 	 14097 	 	 0 
103 	 7 	 568  	 14097 	  	 14097 	 	 14097 	 	 0 
103 	 7 	 569  	 14097 	  	 14097 	 	 14097 	 	 0 
103 	 7 	 570  	 14097 	  	 14097 	 	 14097 	 	 0 
103 	 7 	 571  	 14097 	  	 14097 	 	 14097 	 	 0 
103 	 7 	 572  	 14097 	  	 14097 	 	 14097 	 	 0 
103 	 7 	 573  	 14097 	  	 14097 	 	 14097 	 	 0 
103 	 7 	 574  	 14097 	  	 14097 	 	 14097 	 	 0 
103 	 7 	 575  	 14097 	  	 14097 	 	 14097 	 	 0 
103 	 7 	 576  	 14097 	  	 14097 	 	 14097 	 	 0 
103 	 7 	 577  	 14097 	  	 14097 	 	 14097 	 	 0 
103 	 7 	 578  	 14097 	  	 14097 	 	 14097 	 	 0 
103 	 7 	 579  	 14097 	  	 14097 	 	 14097 	 	 0 
103 	 7 	 580  	 14097 	  	 14097 	 	 14097 	 	 0 
103 	 7 	 581  	 14097 	  	 14097 	 	 14097 	 	 0 
103 	 7 	 582  	 14097 	  	 14097 	 	 14097 	 	 0 
103 	 7 	 583  	 14097 	  	 14097 	 	 14097 	 	 0 
103 	 7 	 584  	 14097 	  	 14097 	 	 14097 	 	 0 
103 	 7 	 585  	 14097 	  	 14097 	 	 14097 	 	 0 
103 	 7 	 586  	 14097 	  	 14097 	 	 14097 	 	 0 
103 	 7 	 587  	 14097 	  	 14097 	 	 14097 	 	 0 
103 	 7 	 588  	 14097 	  	 14097 	 	 14097 	 	 0 
103 	 7 	 589  	 14097 	  	 14097 	 	 14097 	 	 0 
103 	 7 	 590  	 14097 	  	 14097 	 	 14097 	 	 0 
103 	 7 	 591  	 14097 	  	 14097 	 	 14097 	 	 0 
103 	 7 	 592  	 14097 	  	 14097 	 	 14097 	 	 0 
103 	 7 	 593  	 14097 	  	 14097 	 	 14097 	 	 0 
103 	 7 	 594  	 14097 	  	 14097 	 	 14097 	 	 0 
103 	 7 	 595  	 14097 	  	 14097 	 	 14097 	 	 0 
103 	 7 	 596  	 14097 	  	 14097 	 	 14097 	 	 0 
103 	 7 	 597  	 14097 	  	 14097 	 	 14097 	 	 0 
103 	 7 	 598  	 14097 	  	 14097 	 	 14097 	 	 0 
103 	 7 	 599  	 14097 	  	 14097 	 	 14097 	 	 0 
103 	 7 	 600  	 14097 	  	 14097 	 	 14097 	 	 0 
103 	 7 	 601  	 14097 	  	 14097 	 	 14097 	 	 0 
103 	 7 	 602  	 14097 	  	 14097 	 	 14097 	 	 0 
103 	 7 	 603  	 14097 	  	 14097 	 	 14097 	 	 0 
103 	 7 	 604  	 14097 	  	 14097 	 	 14097 	 	 0 
103 	 7 	 605  	 14097 	  	 14097 	 	 14097 	 	 0 
103 	 7 	 606  	 14097 	  	 14097 	 	 14097 	 	 0 
103 	 7 	 607  	 14097 	  	 14097 	 	 14097 	 	 0 
103 	 7 	 608  	 14097 	  	 14097 	 	 14097 	 	 0 
103 	 7 	 609  	 14097 	  	 14097 	 	 14097 	 	 0 
103 	 7 	 610  	 14097 	  	 14097 	 	 14097 	 	 0 
103 	 7 	 611  	 14097 	  	 14097 	 	 14097 	 	 0 
103 	 7 	 612  	 14097 	  	 14097 	 	 14097 	 	 0 
103 	 7 	 613  	 14097 	  	 14097 	 	 14097 	 	 0 
103 	 7 	 614  	 14097 	  	 14097 	 	 14097 	 	 0 
103 	 7 	 615  	 14097 	  	 14097 	 	 14097 	 	 0 
103 	 7 	 616  	 14097 	  	 14097 	 	 14097 	 	 0 
103 	 7 	 617  	 14097 	  	 14097 	 	 14097 	 	 0 
103 	 7 	 618  	 14097 	  	 14097 	 	 14097 	 	 0 
103 	 7 	 619  	 14097 	  	 14097 	 	 14097 	 	 0 
103 	 7 	 620  	 14097 	  	 14097 	 	 14097 	 	 0 
103 	 7 	 621  	 14097 	  	 14097 	 	 14097 	 	 0 
103 	 7 	 622  	 14097 	  	 14097 	 	 14097 	 	 0 
103 	 7 	 623  	 14097 	  	 14097 	 	 14097 	 	 0 
103 	 7 	 624  	 14097 	  	 14097 	 	 14097 	 	 0 
103 	 7 	 625  	 14097 	  	 14097 	 	 14097 	 	 0 
103 	 7 	 626  	 14097 	  	 14097 	 	 14097 	 	 0 
103 	 7 	 627  	 14097 	  	 14097 	 	 14097 	 	 0 
103 	 7 	 628  	 14097 	  	 14097 	 	 14097 	 	 0 
103 	 7 	 629  	 14097 	  	 14097 	 	 14097 	 	 0 
103 	 7 	 630  	 14097 	  	 14097 	 	 14097 	 	 0 
103 	 7 	 631  	 14097 	  	 14097 	 	 14097 	 	 0 
103 	 7 	 632  	 14097 	  	 14097 	 	 14097 	 	 0 
103 	 7 	 633  	 14097 	  	 14097 	 	 14097 	 	 0 
103 	 7 	 634  	 14097 	  	 14097 	 	 14097 	 	 0 
103 	 7 	 635  	 14097 	  	 14097 	 	 14097 	 	 0 
103 	 7 	 636  	 14097 	  	 14097 	 	 14097 	 	 0 
103 	 7 	 637  	 14097 	  	 14097 	 	 14097 	 	 0 
103 	 7 	 638  	 14097 	  	 14097 	 	 14097 	 	 0 
103 	 7 	 639  	 14097 	  	 14097 	 	 14097 	 	 0 
103 	 7 	 640  	 14097 	  	 14097 	 	 14097 	 	 0 
103 	 7 	 641  	 14097 	  	 14097 	 	 14097 	 	 0 
103 	 7 	 642  	 14097 	  	 14097 	 	 14097 	 	 0 
103 	 7 	 643  	 14097 	  	 14097 	 	 14097 	 	 0 
103 	 7 	 644  	 14097 	  	 14097 	 	 14097 	 	 0 
103 	 7 	 645  	 14097 	  	 14097 	 	 14097 	 	 0 
103 	 7 	 646  	 14097 	  	 14097 	 	 14097 	 	 0 
103 	 7 	 647  	 14097 	  	 14097 	 	 14097 	 	 0 
103 	 7 	 648  	 14097 	  	 14097 	 	 14097 	 	 0 
103 	 7 	 649  	 14097 	  	 14097 	 	 14097 	 	 0 
103 	 7 	 650  	 14097 	  	 14097 	 	 14097 	 	 0 
103 	 7 	 651  	 14097 	  	 14097 	 	 14097 	 	 0 
103 	 7 	 652  	 14097 	  	 14097 	 	 14097 	 	 0 
103 	 7 	 653  	 14097 	  	 14097 	 	 14097 	 	 0 
103 	 7 	 654  	 14097 	  	 14097 	 	 14097 	 	 0 
103 	 7 	 655  	 14097 	  	 14097 	 	 14097 	 	 0 
103 	 7 	 656  	 14097 	  	 14097 	 	 14097 	 	 0 
103 	 7 	 657  	 14097 	  	 14097 	 	 14097 	 	 0 
103 	 7 	 658  	 14097 	  	 14097 	 	 14097 	 	 0 
103 	 7 	 659  	 14097 	  	 14097 	 	 14097 	 	 0 
103 	 7 	 660  	 14097 	  	 14097 	 	 14097 	 	 0 
103 	 7 	 661  	 14097 	  	 14097 	 	 14097 	 	 0 
103 	 7 	 662  	 14097 	  	 14097 	 	 14097 	 	 0 
103 	 7 	 663  	 14097 	  	 14097 	 	 14097 	 	 0 
103 	 7 	 664  	 14097 	  	 14097 	 	 14097 	 	 0 
103 	 7 	 665  	 14097 	  	 14097 	 	 14097 	 	 0 
103 	 7 	 666  	 14097 	  	 14097 	 	 14097 	 	 0 
103 	 7 	 667  	 14097 	  	 14097 	 	 14097 	 	 0 
103 	 7 	 668  	 14097 	  	 14097 	 	 14097 	 	 0 
103 	 7 	 669  	 14097 	  	 14097 	 	 14097 	 	 0 
103 	 7 	 670  	 14097 	  	 14097 	 	 14097 	 	 0 
103 	 7 	 671  	 14097 	  	 14097 	 	 14097 	 	 0 
103 	 7 	 672  	 14097 	  	 14097 	 	 14097 	 	 0 
103 	 7 	 673  	 14097 	  	 14097 	 	 14097 	 	 0 
103 	 7 	 674  	 14097 	  	 14097 	 	 14097 	 	 0 
103 	 7 	 675  	 14097 	  	 14097 	 	 14097 	 	 0 
103 	 7 	 676  	 14097 	  	 14097 	 	 14097 	 	 0 
103 	 7 	 677  	 14097 	  	 14097 	 	 14097 	 	 0 
103 	 7 	 678  	 14097 	  	 14097 	 	 14097 	 	 0 
103 	 7 	 679  	 14097 	  	 14097 	 	 14097 	 	 0 
103 	 7 	 680  	 14097 	  	 14097 	 	 14097 	 	 0 
103 	 7 	 681  	 14097 	  	 14097 	 	 14097 	 	 0 
103 	 7 	 682  	 14097 	  	 14097 	 	 14097 	 	 0 
103 	 7 	 683  	 14097 	  	 14097 	 	 14097 	 	 0 
103 	 7 	 684  	 14097 	  	 14097 	 	 14097 	 	 0 
103 	 7 	 685  	 14097 	  	 14097 	 	 14097 	 	 0 
103 	 7 	 686  	 14097 	  	 14097 	 	 14097 	 	 0 
103 	 7 	 687  	 14097 	  	 14097 	 	 14097 	 	 0 
103 	 7 	 688  	 14097 	  	 14097 	 	 14097 	 	 0 
103 	 7 	 689  	 14097 	  	 14097 	 	 14097 	 	 0 
103 	 7 	 690  	 14097 	  	 14097 	 	 14097 	 	 0 
103 	 7 	 691  	 14097 	  	 14097 	 	 14097 	 	 0 
103 	 7 	 692  	 14097 	  	 14097 	 	 14097 	 	 0 
103 	 7 	 693  	 14097 	  	 14097 	 	 14097 	 	 0 
103 	 7 	 694  	 14097 	  	 14097 	 	 14097 	 	 0 
103 	 7 	 695  	 14097 	  	 14097 	 	 14097 	 	 0 
103 	 7 	 696  	 14097 	  	 14097 	 	 14097 	 	 0 
103 	 7 	 697  	 14097 	  	 14097 	 	 14097 	 	 0 
103 	 7 	 698  	 14097 	  	 14097 	 	 14097 	 	 0 
103 	 7 	 699  	 14097 	  	 14097 	 	 14097 	 	 0 
103 	 7 	 700  	 14097 	  	 14097 	 	 14097 	 	 0 
103 	 7 	 701  	 14097 	  	 14097 	 	 14097 	 	 0 
103 	 7 	 702  	 14097 	  	 14097 	 	 14097 	 	 0 
103 	 7 	 703  	 14097 	  	 14097 	 	 14097 	 	 0 
103 	 7 	 704  	 14097 	  	 14097 	 	 14097 	 	 0 
103 	 7 	 705  	 14097 	  	 14097 	 	 14097 	 	 0 
103 	 7 	 706  	 14097 	  	 14097 	 	 14097 	 	 0 
103 	 7 	 707  	 14097 	  	 14097 	 	 14097 	 	 0 
103 	 7 	 708  	 14097 	  	 14097 	 	 14097 	 	 0 
103 	 7 	 709  	 14097 	  	 14097 	 	 14097 	 	 0 
103 	 7 	 710  	 14097 	  	 14097 	 	 14097 	 	 0 
103 	 7 	 711  	 14097 	  	 14097 	 	 14097 	 	 0 
103 	 7 	 712  	 14097 	  	 14097 	 	 14097 	 	 0 
103 	 7 	 713  	 14097 	  	 14097 	 	 14097 	 	 0 
103 	 7 	 714  	 14097 	  	 14097 	 	 14097 	 	 0 
103 	 7 	 715  	 14097 	  	 14097 	 	 14097 	 	 0 
103 	 7 	 716  	 14097 	  	 14097 	 	 14097 	 	 0 
103 	 7 	 717  	 14097 	  	 14097 	 	 14097 	 	 0 
103 	 7 	 718  	 14097 	  	 14097 	 	 14097 	 	 0 
103 	 7 	 719  	 14097 	  	 14097 	 	 14097 	 	 0 
103 	 7 	 720  	 14097 	  	 14097 	 	 14097 	 	 0 
103 	 7 	 721  	 14097 	  	 14097 	 	 14097 	 	 0 
