1 	 1 	 2 	 0.005205 	 0.005205  	 0.005205 	 0.131082   	 0.039711  	 0.000000   
1 	 1 	 4 	 0.023319 	 0.023319  	 0.023319 	 0.587206   	 0.039711  	 0.000000   
1 	 1 	 10 	 0.010404 	 0.010404  	 0.010404 	 0.261993   	 0.039711  	 0.000000   
1 	 1 	 12 	 0.003401 	 0.003401  	 0.003401 	 0.085655   	 0.039711  	 0.000000   
1 	 1 	 33 	 3.287205 	 3.287205  	 3.287205 	 82.777797   	 0.039711  	 0.000000   
1 	 1 	 50 	 0.016653 	 0.016653  	 0.016653 	 0.419361   	 0.039711  	 0.000000   
1 	 1 	 59 	 0.002050 	 0.002050  	 0.002050 	 0.051619   	 0.039711  	 0.000000   
1 	 1 	 69 	 0.011374 	 0.011374  	 0.011374 	 0.286413   	 0.039711  	 0.000000   
1 	 1 	 89 	 0.018147 	 0.018147  	 0.018147 	 0.456965   	 0.039711  	 0.000000   
1 	 1 	 95 	 0.292911 	 0.292911  	 0.292911 	 7.376030   	 0.039711  	 0.000000   
1 	 2 	 1 	 0.183454 	 0.183454  	 0.183454 	 0.344597   	 0.532374  	 0.000000   
1 	 2 	 2 	 0.085145 	 0.085145  	 0.085145 	 0.159934   	 0.532374  	 0.000000   
1 	 2 	 3 	 0.198307 	 0.198307  	 0.198307 	 0.372495   	 0.532374  	 0.000000   
1 	 2 	 4 	 2.774116 	 2.774116  	 2.774116 	 5.210839   	 0.532374  	 0.000000   
1 	 2 	 5 	 10.421743 	 10.421743  	 10.421743 	 19.575976   	 0.532374  	 0.000000   
1 	 2 	 6 	 0.017674 	 0.017674  	 0.017674 	 0.033199   	 0.532374  	 0.000000   
1 	 2 	 7 	 0.161054 	 0.161054  	 0.161054 	 0.302521   	 0.532374  	 0.000000   
1 	 2 	 8 	 0.580451 	 0.580451  	 0.580451 	 1.090306   	 0.532374  	 0.000000   
1 	 2 	 9 	 0.068535 	 0.068535  	 0.068535 	 0.128736   	 0.532374  	 0.000000   
1 	 2 	 10 	 0.087344 	 0.087344  	 0.087344 	 0.164065   	 0.532374  	 0.000000   
1 	 2 	 13 	 0.285886 	 0.285886  	 0.285886 	 0.537002   	 0.532374  	 0.000000   
1 	 2 	 16 	 0.383976 	 0.383976  	 0.383976 	 0.721252   	 0.532374  	 0.000000   
1 	 2 	 18 	 0.140517 	 0.140517  	 0.140517 	 0.263944   	 0.532374  	 0.000000   
1 	 2 	 19 	 0.023307 	 0.023307  	 0.023307 	 0.043779   	 0.532374  	 0.000000   
1 	 2 	 20 	 0.347652 	 0.347652  	 0.347652 	 0.653022   	 0.532374  	 0.000000   
1 	 2 	 21 	 0.306126 	 0.306126  	 0.306126 	 0.575020   	 0.532374  	 0.000000   
1 	 2 	 24 	 1.071238 	 1.071238  	 1.071238 	 2.012190   	 0.532374  	 0.000000   
1 	 2 	 26 	 0.096425 	 0.096425  	 0.096425 	 0.181122   	 0.532374  	 0.000000   
1 	 2 	 27 	 0.210519 	 0.210519  	 0.210519 	 0.395435   	 0.532374  	 0.000000   
1 	 2 	 28 	 173.060501 	 173.060501  	 173.060501 	 325.073103   	 0.532374  	 0.000000   
1 	 2 	 30 	 0.107318 	 0.107318  	 0.107318 	 0.201583   	 0.532374  	 0.000000   
1 	 2 	 32 	 0.155195 	 0.155195  	 0.155195 	 0.291515   	 0.532374  	 0.000000   
1 	 2 	 33 	 84.261839 	 84.261839  	 84.261839 	 158.275617   	 0.532374  	 0.000000   
1 	 2 	 34 	 0.137324 	 0.137324  	 0.137324 	 0.257947   	 0.532374  	 0.000000   
1 	 2 	 35 	 0.032057 	 0.032057  	 0.032057 	 0.060215   	 0.532374  	 0.000000   
1 	 2 	 37 	 0.235917 	 0.235917  	 0.235917 	 0.443142   	 0.532374  	 0.000000   
1 	 2 	 38 	 0.017143 	 0.017143  	 0.017143 	 0.032202   	 0.532374  	 0.000000   
1 	 2 	 39 	 0.350469 	 0.350469  	 0.350469 	 0.658313   	 0.532374  	 0.000000   
1 	 2 	 40 	 0.111045 	 0.111045  	 0.111045 	 0.208585   	 0.532374  	 0.000000   
1 	 2 	 43 	 0.273774 	 0.273774  	 0.273774 	 0.514252   	 0.532374  	 0.000000   
1 	 2 	 44 	 0.204837 	 0.204837  	 0.204837 	 0.384761   	 0.532374  	 0.000000   
1 	 2 	 47 	 0.439497 	 0.439497  	 0.439497 	 0.825542   	 0.532374  	 0.000000   
1 	 2 	 48 	 1.494998 	 1.494998  	 1.494998 	 2.808171   	 0.532374  	 0.000000   
1 	 2 	 49 	 0.160535 	 0.160535  	 0.160535 	 0.301545   	 0.532374  	 0.000000   
1 	 2 	 50 	 0.218691 	 0.218691  	 0.218691 	 0.410785   	 0.532374  	 0.000000   
1 	 2 	 54 	 0.472016 	 0.472016  	 0.472016 	 0.886624   	 0.532374  	 0.000000   
1 	 2 	 55 	 6.225579 	 6.225579  	 6.225579 	 11.693992   	 0.532374  	 0.000000   
1 	 2 	 56 	 0.157342 	 0.157342  	 0.157342 	 0.295548   	 0.532374  	 0.000000   
1 	 2 	 57 	 0.138389 	 0.138389  	 0.138389 	 0.259947   	 0.532374  	 0.000000   
1 	 2 	 58 	 0.642350 	 0.642350  	 0.642350 	 1.206577   	 0.532374  	 0.000000   
1 	 2 	 59 	 1.452453 	 1.452453  	 1.452453 	 2.728256   	 0.532374  	 0.000000   
1 	 2 	 60 	 0.126374 	 0.126374  	 0.126374 	 0.237378   	 0.532374  	 0.000000   
1 	 2 	 61 	 1.032984 	 1.032984  	 1.032984 	 1.940335   	 0.532374  	 0.000000   
1 	 2 	 62 	 0.014670 	 0.014670  	 0.014670 	 0.027556   	 0.532374  	 0.000000   
1 	 2 	 63 	 0.798764 	 0.798764  	 0.798764 	 1.500381   	 0.532374  	 0.000000   
1 	 2 	 66 	 0.025770 	 0.025770  	 0.025770 	 0.048406   	 0.532374  	 0.000000   
1 	 2 	 69 	 0.034630 	 0.034630  	 0.034630 	 0.065048   	 0.532374  	 0.000000   
1 	 2 	 70 	 0.832115 	 0.832115  	 0.832115 	 1.563026   	 0.532374  	 0.000000   
1 	 2 	 72 	 0.196279 	 0.196279  	 0.196279 	 0.368687   	 0.532374  	 0.000000   
1 	 2 	 74 	 0.339840 	 0.339840  	 0.339840 	 0.638348   	 0.532374  	 0.000000   
1 	 2 	 75 	 0.217773 	 0.217773  	 0.217773 	 0.409059   	 0.532374  	 0.000000   
1 	 2 	 76 	 0.138397 	 0.138397  	 0.138397 	 0.259962   	 0.532374  	 0.000000   
1 	 2 	 78 	 0.080997 	 0.080997  	 0.080997 	 0.152144   	 0.532374  	 0.000000   
1 	 2 	 79 	 0.158718 	 0.158718  	 0.158718 	 0.298133   	 0.532374  	 0.000000   
1 	 2 	 80 	 0.315753 	 0.315753  	 0.315753 	 0.593103   	 0.532374  	 0.000000   
1 	 2 	 81 	 0.041793 	 0.041793  	 0.041793 	 0.078502   	 0.532374  	 0.000000   
1 	 2 	 82 	 0.070682 	 0.070682  	 0.070682 	 0.132768   	 0.532374  	 0.000000   
1 	 2 	 83 	 0.012296 	 0.012296  	 0.012296 	 0.023097   	 0.532374  	 0.000000   
1 	 2 	 84 	 0.461121 	 0.461121  	 0.461121 	 0.866160   	 0.532374  	 0.000000   
1 	 2 	 85 	 0.272003 	 0.272003  	 0.272003 	 0.510924   	 0.532374  	 0.000000   
1 	 2 	 86 	 37.581311 	 37.581311  	 37.581311 	 70.591923   	 0.532374  	 0.000000   
1 	 2 	 87 	 0.022943 	 0.022943  	 0.022943 	 0.043095   	 0.532374  	 0.000000   
1 	 2 	 88 	 0.101946 	 0.101946  	 0.101946 	 0.191494   	 0.532374  	 0.000000   
1 	 2 	 90 	 0.023080 	 0.023080  	 0.023080 	 0.043353   	 0.532374  	 0.000000   
1 	 2 	 91 	 25.463944 	 25.463944  	 25.463944 	 47.830922   	 0.532374  	 0.000000   
1 	 2 	 95 	 0.070329 	 0.070329  	 0.070329 	 0.132104   	 0.532374  	 0.000000   
1 	 2 	 96 	 0.047367 	 0.047367  	 0.047367 	 0.088974   	 0.532374  	 0.000000   
1 	 2 	 97 	 1.571339 	 1.571339  	 1.571339 	 2.951569   	 0.532374  	 0.000000   
1 	 2 	 98 	 0.044419 	 0.044419  	 0.044419 	 0.083436   	 0.532374  	 0.000000   
1 	 2 	 100 	 0.231448 	 0.231448  	 0.231448 	 0.434747   	 0.532374  	 0.000000   
1 	 3 	 1 	 0.130555 	 0.130555  	 0.130555 	 0.238071   	 0.548387  	 0.000000   
1 	 3 	 3 	 0.077968 	 0.077968  	 0.077968 	 0.142177   	 0.548387  	 0.000000   
1 	 3 	 5 	 0.025744 	 0.025744  	 0.025744 	 0.046944   	 0.548387  	 0.000000   
1 	 3 	 7 	 0.079093 	 0.079093  	 0.079093 	 0.144228   	 0.548387  	 0.000000   
1 	 3 	 8 	 0.170798 	 0.170798  	 0.170798 	 0.311455   	 0.548387  	 0.000000   
1 	 3 	 9 	 0.083494 	 0.083494  	 0.083494 	 0.152254   	 0.548387  	 0.000000   
1 	 3 	 11 	 0.056352 	 0.056352  	 0.056352 	 0.102759   	 0.548387  	 0.000000   
1 	 3 	 14 	 0.202261 	 0.202261  	 0.202261 	 0.368829   	 0.548387  	 0.000000   
1 	 3 	 16 	 0.064726 	 0.064726  	 0.064726 	 0.118030   	 0.548387  	 0.000000   
1 	 3 	 17 	 0.160456 	 0.160456  	 0.160456 	 0.292596   	 0.548387  	 0.000000   
1 	 3 	 20 	 0.551689 	 0.551689  	 0.551689 	 1.006021   	 0.548387  	 0.000000   
1 	 3 	 21 	 0.010884 	 0.010884  	 0.010884 	 0.019847   	 0.548387  	 0.000000   
1 	 3 	 22 	 0.307479 	 0.307479  	 0.307479 	 0.560698   	 0.548387  	 0.000000   
1 	 3 	 23 	 0.024005 	 0.024005  	 0.024005 	 0.043774   	 0.548387  	 0.000000   
1 	 3 	 25 	 0.106196 	 0.106196  	 0.106196 	 0.193651   	 0.548387  	 0.000000   
1 	 3 	 26 	 0.019955 	 0.019955  	 0.019955 	 0.036389   	 0.548387  	 0.000000   
1 	 3 	 27 	 0.267201 	 0.267201  	 0.267201 	 0.487249   	 0.548387  	 0.000000   
1 	 3 	 28 	 0.185660 	 0.185660  	 0.185660 	 0.338556   	 0.548387  	 0.000000   
1 	 3 	 30 	 27.139542 	 27.139542  	 27.139542 	 49.489752   	 0.548387  	 0.000000   
1 	 3 	 31 	 0.075974 	 0.075974  	 0.075974 	 0.138540   	 0.548387  	 0.000000   
1 	 3 	 32 	 0.169493 	 0.169493  	 0.169493 	 0.309076   	 0.548387  	 0.000000   
1 	 3 	 33 	 0.402874 	 0.402874  	 0.402874 	 0.734653   	 0.548387  	 0.000000   
1 	 3 	 37 	 0.031759 	 0.031759  	 0.031759 	 0.057913   	 0.548387  	 0.000000   
1 	 3 	 40 	 1.843328 	 1.843328  	 1.843328 	 3.361362   	 0.548387  	 0.000000   
1 	 3 	 47 	 0.083110 	 0.083110  	 0.083110 	 0.151554   	 0.548387  	 0.000000   
1 	 3 	 48 	 0.234907 	 0.234907  	 0.234907 	 0.428359   	 0.548387  	 0.000000   
1 	 3 	 49 	 0.018094 	 0.018094  	 0.018094 	 0.032995   	 0.548387  	 0.000000   
1 	 3 	 50 	 0.015908 	 0.015908  	 0.015908 	 0.029008   	 0.548387  	 0.000000   
1 	 3 	 56 	 1.010217 	 1.010217  	 1.010217 	 1.842161   	 0.548387  	 0.000000   
1 	 3 	 57 	 0.048936 	 0.048936  	 0.048936 	 0.089236   	 0.548387  	 0.000000   
1 	 3 	 60 	 0.412549 	 0.412549  	 0.412549 	 0.752295   	 0.548387  	 0.000000   
1 	 3 	 61 	 0.040549 	 0.040549  	 0.040549 	 0.073942   	 0.548387  	 0.000000   
1 	 3 	 63 	 0.798041 	 0.798041  	 0.798041 	 1.455251   	 0.548387  	 0.000000   
1 	 3 	 69 	 0.022440 	 0.022440  	 0.022440 	 0.040921   	 0.548387  	 0.000000   
1 	 3 	 75 	 0.440306 	 0.440306  	 0.440306 	 0.802910   	 0.548387  	 0.000000   
1 	 3 	 76 	 0.101797 	 0.101797  	 0.101797 	 0.185629   	 0.548387  	 0.000000   
1 	 3 	 80 	 0.359696 	 0.359696  	 0.359696 	 0.655916   	 0.548387  	 0.000000   
1 	 3 	 82 	 0.164545 	 0.164545  	 0.164545 	 0.300053   	 0.548387  	 0.000000   
1 	 3 	 84 	 0.026553 	 0.026553  	 0.026553 	 0.048420   	 0.548387  	 0.000000   
1 	 3 	 91 	 0.120894 	 0.120894  	 0.120894 	 0.220453   	 0.548387  	 0.000000   
1 	 3 	 100 	 1.106175 	 1.106175  	 1.106175 	 2.017142   	 0.548387  	 0.000000   
1 	 4 	 10 	 0.018044 	 0.018044  	 0.018044 	 0.191722   	 0.094118  	 0.000000   
1 	 4 	 14 	 0.005535 	 0.005535  	 0.005535 	 0.058808   	 0.094118  	 0.000000   
1 	 4 	 17 	 0.007552 	 0.007552  	 0.007552 	 0.080240   	 0.094118  	 0.000000   
1 	 4 	 50 	 0.002676 	 0.002676  	 0.002676 	 0.028435   	 0.094118  	 0.000000   
1 	 5 	 1 	 0.078120 	 0.078120  	 0.078120 	 0.213981   	 0.365079  	 0.000000   
1 	 5 	 3 	 0.056065 	 0.056065  	 0.056065 	 0.153568   	 0.365079  	 0.000000   
1 	 5 	 17 	 0.019387 	 0.019387  	 0.019387 	 0.053104   	 0.365079  	 0.000000   
1 	 5 	 20 	 0.082367 	 0.082367  	 0.082367 	 0.225614   	 0.365079  	 0.000000   
1 	 5 	 45 	 0.015036 	 0.015036  	 0.015036 	 0.041186   	 0.365079  	 0.000000   
1 	 5 	 46 	 0.040406 	 0.040406  	 0.040406 	 0.110679   	 0.365079  	 0.000000   
1 	 5 	 47 	 0.531774 	 0.531774  	 0.531774 	 1.456597   	 0.365079  	 0.000000   
1 	 5 	 53 	 0.026258 	 0.026258  	 0.026258 	 0.071924   	 0.365079  	 0.000000   
1 	 5 	 65 	 0.129936 	 0.129936  	 0.129936 	 0.355913   	 0.365079  	 0.000000   
1 	 5 	 71 	 6.809833 	 6.809833  	 6.809833 	 18.653021   	 0.365079  	 0.000000   
1 	 5 	 75 	 0.069146 	 0.069146  	 0.069146 	 0.189399   	 0.365079  	 0.000000   
1 	 5 	 86 	 0.034279 	 0.034279  	 0.034279 	 0.093895   	 0.365079  	 0.000000   
1 	 6 	 1 	 13.496022 	 13.496022  	 13.496022 	 34.046782   	 0.396396  	 0.000000   
1 	 6 	 2 	 2.912961 	 2.912961  	 2.912961 	 7.348607   	 0.396396  	 0.000000   
1 	 6 	 3 	 0.056440 	 0.056440  	 0.056440 	 0.142382   	 0.396396  	 0.000000   
1 	 6 	 9 	 2.455313 	 2.455313  	 2.455313 	 6.194085   	 0.396396  	 0.000000   
1 	 6 	 10 	 0.085312 	 0.085312  	 0.085312 	 0.215218   	 0.396396  	 0.000000   
1 	 6 	 11 	 0.188976 	 0.188976  	 0.188976 	 0.476734   	 0.396396  	 0.000000   
1 	 6 	 12 	 0.023369 	 0.023369  	 0.023369 	 0.058953   	 0.396396  	 0.000000   
1 	 6 	 16 	 0.043454 	 0.043454  	 0.043454 	 0.109622   	 0.396396  	 0.000000   
1 	 6 	 18 	 0.465099 	 0.465099  	 0.465099 	 1.173319   	 0.396396  	 0.000000   
1 	 6 	 20 	 0.258281 	 0.258281  	 0.258281 	 0.651572   	 0.396396  	 0.000000   
1 	 6 	 21 	 0.016954 	 0.016954  	 0.016954 	 0.042771   	 0.396396  	 0.000000   
1 	 6 	 26 	 0.023009 	 0.023009  	 0.023009 	 0.058044   	 0.396396  	 0.000000   
1 	 6 	 28 	 0.023758 	 0.023758  	 0.023758 	 0.059934   	 0.396396  	 0.000000   
1 	 6 	 31 	 0.600468 	 0.600468  	 0.600468 	 1.514817   	 0.396396  	 0.000000   
1 	 6 	 32 	 0.011218 	 0.011218  	 0.011218 	 0.028299   	 0.396396  	 0.000000   
1 	 6 	 37 	 0.304470 	 0.304470  	 0.304470 	 0.768095   	 0.396396  	 0.000000   
1 	 6 	 41 	 0.013419 	 0.013419  	 0.013419 	 0.033853   	 0.396396  	 0.000000   
1 	 6 	 43 	 0.033558 	 0.033558  	 0.033558 	 0.084656   	 0.396396  	 0.000000   
1 	 6 	 44 	 0.061815 	 0.061815  	 0.061815 	 0.155942   	 0.396396  	 0.000000   
1 	 6 	 45 	 0.093775 	 0.093775  	 0.093775 	 0.236570   	 0.396396  	 0.000000   
1 	 6 	 46 	 0.040121 	 0.040121  	 0.040121 	 0.101214   	 0.396396  	 0.000000   
1 	 6 	 47 	 0.128345 	 0.128345  	 0.128345 	 0.323779   	 0.396396  	 0.000000   
1 	 6 	 52 	 0.083362 	 0.083362  	 0.083362 	 0.210298   	 0.396396  	 0.000000   
1 	 6 	 53 	 0.027758 	 0.027758  	 0.027758 	 0.070026   	 0.396396  	 0.000000   
1 	 6 	 54 	 1.164446 	 1.164446  	 1.164446 	 2.937580   	 0.396396  	 0.000000   
1 	 6 	 55 	 0.070270 	 0.070270  	 0.070270 	 0.177272   	 0.396396  	 0.000000   
1 	 6 	 60 	 0.027209 	 0.027209  	 0.027209 	 0.068640   	 0.396396  	 0.000000   
1 	 6 	 61 	 0.029315 	 0.029315  	 0.029315 	 0.073953   	 0.396396  	 0.000000   
1 	 6 	 62 	 0.098045 	 0.098045  	 0.098045 	 0.247340   	 0.396396  	 0.000000   
1 	 6 	 65 	 0.660196 	 0.660196  	 0.660196 	 1.665494   	 0.396396  	 0.000000   
1 	 6 	 66 	 0.025125 	 0.025125  	 0.025125 	 0.063382   	 0.396396  	 0.000000   
1 	 6 	 71 	 0.013310 	 0.013310  	 0.013310 	 0.033577   	 0.396396  	 0.000000   
1 	 6 	 75 	 1.380650 	 1.380650  	 1.380650 	 3.483003   	 0.396396  	 0.000000   
1 	 6 	 79 	 0.081759 	 0.081759  	 0.081759 	 0.206255   	 0.396396  	 0.000000   
1 	 6 	 84 	 9.536683 	 9.536683  	 9.536683 	 24.058451   	 0.396396  	 0.000000   
1 	 6 	 86 	 0.870442 	 0.870442  	 0.870442 	 2.195887   	 0.396396  	 0.000000   
1 	 6 	 95 	 3.486610 	 3.486610  	 3.486610 	 8.795767   	 0.396396  	 0.000000   
1 	 7 	 1 	 47.690467 	 47.690467  	 47.690467 	 79.897017   	 0.596899  	 0.000000   
1 	 7 	 2 	 0.480848 	 0.480848  	 0.480848 	 0.805577   	 0.596899  	 0.000000   
1 	 7 	 3 	 0.654236 	 0.654236  	 0.654236 	 1.096058   	 0.596899  	 0.000000   
1 	 7 	 4 	 0.185184 	 0.185184  	 0.185184 	 0.310244   	 0.596899  	 0.000000   
1 	 7 	 6 	 0.279990 	 0.279990  	 0.279990 	 0.469074   	 0.596899  	 0.000000   
1 	 7 	 9 	 2.655246 	 2.655246  	 2.655246 	 4.448398   	 0.596899  	 0.000000   
1 	 7 	 10 	 0.128730 	 0.128730  	 0.128730 	 0.215664   	 0.596899  	 0.000000   
1 	 7 	 11 	 2.697510 	 2.697510  	 2.697510 	 4.519205   	 0.596899  	 0.000000   
1 	 7 	 13 	 0.058979 	 0.058979  	 0.058979 	 0.098810   	 0.596899  	 0.000000   
1 	 7 	 15 	 0.018411 	 0.018411  	 0.018411 	 0.030844   	 0.596899  	 0.000000   
1 	 7 	 16 	 0.073358 	 0.073358  	 0.073358 	 0.122899   	 0.596899  	 0.000000   
1 	 7 	 18 	 0.033312 	 0.033312  	 0.033312 	 0.055808   	 0.596899  	 0.000000   
1 	 7 	 19 	 0.429671 	 0.429671  	 0.429671 	 0.719838   	 0.596899  	 0.000000   
1 	 7 	 21 	 0.087915 	 0.087915  	 0.087915 	 0.147287   	 0.596899  	 0.000000   
1 	 7 	 23 	 0.107397 	 0.107397  	 0.107397 	 0.179925   	 0.596899  	 0.000000   
1 	 7 	 24 	 0.137758 	 0.137758  	 0.137758 	 0.230790   	 0.596899  	 0.000000   
1 	 7 	 25 	 3.977574 	 3.977574  	 3.977574 	 6.663728   	 0.596899  	 0.000000   
1 	 7 	 26 	 1.344100 	 1.344100  	 1.344100 	 2.251803   	 0.596899  	 0.000000   
1 	 7 	 28 	 0.366123 	 0.366123  	 0.366123 	 0.613374   	 0.596899  	 0.000000   
1 	 7 	 29 	 0.011679 	 0.011679  	 0.011679 	 0.019566   	 0.596899  	 0.000000   
1 	 7 	 30 	 0.118617 	 0.118617  	 0.118617 	 0.198722   	 0.596899  	 0.000000   
1 	 7 	 31 	 0.724651 	 0.724651  	 0.724651 	 1.214026   	 0.596899  	 0.000000   
1 	 7 	 32 	 0.044812 	 0.044812  	 0.044812 	 0.075075   	 0.596899  	 0.000000   
1 	 7 	 33 	 1.282985 	 1.282985  	 1.282985 	 2.149416   	 0.596899  	 0.000000   
1 	 7 	 34 	 0.120386 	 0.120386  	 0.120386 	 0.201685   	 0.596899  	 0.000000   
1 	 7 	 35 	 0.283416 	 0.283416  	 0.283416 	 0.474814   	 0.596899  	 0.000000   
1 	 7 	 37 	 0.107993 	 0.107993  	 0.107993 	 0.180924   	 0.596899  	 0.000000   
1 	 7 	 40 	 1.158355 	 1.158355  	 1.158355 	 1.940621   	 0.596899  	 0.000000   
1 	 7 	 43 	 0.104090 	 0.104090  	 0.104090 	 0.174384   	 0.596899  	 0.000000   
1 	 7 	 44 	 3.649656 	 3.649656  	 3.649656 	 6.114359   	 0.596899  	 0.000000   
1 	 7 	 47 	 0.652825 	 0.652825  	 0.652825 	 1.093694   	 0.596899  	 0.000000   
1 	 7 	 48 	 0.327282 	 0.327282  	 0.327282 	 0.548303   	 0.596899  	 0.000000   
1 	 7 	 49 	 0.059161 	 0.059161  	 0.059161 	 0.099113   	 0.596899  	 0.000000   
1 	 7 	 50 	 0.672242 	 0.672242  	 0.672242 	 1.126223   	 0.596899  	 0.000000   
1 	 7 	 52 	 0.035618 	 0.035618  	 0.035618 	 0.059671   	 0.596899  	 0.000000   
1 	 7 	 53 	 0.044686 	 0.044686  	 0.044686 	 0.074864   	 0.596899  	 0.000000   
1 	 7 	 54 	 0.422308 	 0.422308  	 0.422308 	 0.707503   	 0.596899  	 0.000000   
1 	 7 	 55 	 0.051209 	 0.051209  	 0.051209 	 0.085791   	 0.596899  	 0.000000   
1 	 7 	 56 	 0.132920 	 0.132920  	 0.132920 	 0.222684   	 0.596899  	 0.000000   
1 	 7 	 57 	 0.206623 	 0.206623  	 0.206623 	 0.346160   	 0.596899  	 0.000000   
1 	 7 	 58 	 0.075322 	 0.075322  	 0.075322 	 0.126188   	 0.596899  	 0.000000   
1 	 7 	 59 	 105.542043 	 105.542043  	 105.542043 	 176.817189   	 0.596899  	 0.000000   
1 	 7 	 60 	 0.227712 	 0.227712  	 0.227712 	 0.381492   	 0.596899  	 0.000000   
1 	 7 	 61 	 0.189116 	 0.189116  	 0.189116 	 0.316830   	 0.596899  	 0.000000   
1 	 7 	 62 	 0.082446 	 0.082446  	 0.082446 	 0.138124   	 0.596899  	 0.000000   
1 	 7 	 66 	 8.353904 	 8.353904  	 8.353904 	 13.995502   	 0.596899  	 0.000000   
1 	 7 	 69 	 0.645130 	 0.645130  	 0.645130 	 1.080803   	 0.596899  	 0.000000   
1 	 7 	 72 	 0.171177 	 0.171177  	 0.171177 	 0.286777   	 0.596899  	 0.000000   
1 	 7 	 74 	 0.140513 	 0.140513  	 0.140513 	 0.235405   	 0.596899  	 0.000000   
1 	 7 	 75 	 0.029492 	 0.029492  	 0.029492 	 0.049409   	 0.596899  	 0.000000   
1 	 7 	 79 	 0.134468 	 0.134468  	 0.134468 	 0.225277   	 0.596899  	 0.000000   
1 	 7 	 80 	 0.491944 	 0.491944  	 0.491944 	 0.824166   	 0.596899  	 0.000000   
1 	 7 	 82 	 120.132932 	 120.132932  	 120.132932 	 201.261665   	 0.596899  	 0.000000   
1 	 7 	 84 	 13.502909 	 13.502909  	 13.502909 	 22.621757   	 0.596899  	 0.000000   
1 	 7 	 85 	 0.055750 	 0.055750  	 0.055750 	 0.093400   	 0.596899  	 0.000000   
1 	 7 	 86 	 0.054986 	 0.054986  	 0.054986 	 0.092119   	 0.596899  	 0.000000   
1 	 7 	 87 	 0.019706 	 0.019706  	 0.019706 	 0.033015   	 0.596899  	 0.000000   
1 	 7 	 88 	 0.065053 	 0.065053  	 0.065053 	 0.108984   	 0.596899  	 0.000000   
1 	 7 	 89 	 0.641005 	 0.641005  	 0.641005 	 1.073891   	 0.596899  	 0.000000   
1 	 7 	 90 	 0.309397 	 0.309397  	 0.309397 	 0.518340   	 0.596899  	 0.000000   
1 	 7 	 91 	 0.068467 	 0.068467  	 0.068467 	 0.114704   	 0.596899  	 0.000000   
1 	 7 	 96 	 56.956812 	 56.956812  	 56.956812 	 95.421153   	 0.596899  	 0.000000   
1 	 7 	 97 	 0.026268 	 0.026268  	 0.026268 	 0.044008   	 0.596899  	 0.000000   
1 	 7 	 98 	 0.038695 	 0.038695  	 0.038695 	 0.064827   	 0.596899  	 0.000000   
1 	 7 	 100 	 0.061554 	 0.061554  	 0.061554 	 0.103123   	 0.596899  	 0.000000   
2 	 1 	 2 	 0.000000 	 0.005205  	 0.005205 	 0.131082   	 0.039711  	 -0.000000   
2 	 1 	 4 	 0.000000 	 0.023319  	 0.023318 	 0.587199   	 0.039711  	 -0.000006   
2 	 1 	 10 	 0.000000 	 0.010404  	 0.010404 	 0.261993   	 0.039711  	 -0.000000   
2 	 1 	 12 	 0.000000 	 0.003401  	 0.003401 	 0.085655   	 0.039711  	 -0.000000   
2 	 1 	 33 	 0.000000 	 3.287205  	 3.287205 	 82.777797   	 0.039711  	 0.000000   
2 	 1 	 50 	 0.000000 	 0.016653  	 0.016653 	 0.419361   	 0.039711  	 0.000000   
2 	 1 	 59 	 0.000000 	 0.002050  	 0.002050 	 0.051619   	 0.039711  	 0.000000   
2 	 1 	 69 	 0.000000 	 0.011374  	 0.011374 	 0.286413   	 0.039711  	 0.000000   
2 	 1 	 89 	 0.000000 	 0.018147  	 0.018147 	 0.456965   	 0.039711  	 0.000000   
2 	 1 	 95 	 0.000000 	 0.292911  	 0.292911 	 7.376030   	 0.039711  	 0.000000   
2 	 2 	 1 	 0.000000 	 0.183454  	 0.183454 	 0.344597   	 0.532374  	 0.000000   
2 	 2 	 2 	 0.000000 	 0.085145  	 0.085144 	 0.159933   	 0.532374  	 -0.000000   
2 	 2 	 3 	 0.000000 	 0.198307  	 0.198307 	 0.372495   	 0.532374  	 0.000000   
2 	 2 	 4 	 0.000003 	 2.774119  	 2.774113 	 5.210834   	 0.532374  	 -0.000006   
2 	 2 	 5 	 0.000072 	 10.421815  	 10.421671 	 19.575841   	 0.532374  	 -0.000135   
2 	 2 	 6 	 0.000000 	 0.000531  	 0.017674 	 0.033199   	 0.532374  	 -0.000000   
2 	 2 	 7 	 0.000000 	 0.161054  	 0.161054 	 0.302521   	 0.532374  	 -0.000000   
2 	 2 	 8 	 0.000001 	 0.580451  	 0.580450 	 1.090304   	 0.532374  	 -0.000001   
2 	 2 	 9 	 0.000000 	 0.068535  	 0.068535 	 0.128736   	 0.532374  	 0.000000   
2 	 2 	 10 	 0.000000 	 0.087344  	 0.087344 	 0.164065   	 0.532374  	 -0.000000   
2 	 2 	 11 	 0.000000 	 0.036412  	 0.054087 	 0.101596   	 0.532374  	 0.000000   
2 	 2 	 12 	 0.000001 	 0.258385  	 0.608852 	 1.143655   	 0.532374  	 -0.000002   
2 	 2 	 13 	 0.000000 	 0.285886  	 0.285886 	 0.537001   	 0.532374  	 -0.000000   
2 	 2 	 14 	 0.000000 	 0.062069  	 0.076739 	 0.144144   	 0.532374  	 -0.000000   
2 	 2 	 15 	 0.000000 	 0.071544  	 0.097314 	 0.182793   	 0.532374  	 -0.000000   
2 	 2 	 16 	 0.000000 	 0.383976  	 0.383976 	 0.721252   	 0.532374  	 0.000000   
2 	 2 	 17 	 0.000000 	 0.678656  	 0.713286 	 1.339821   	 0.532374  	 0.000000   
2 	 2 	 18 	 0.000000 	 0.140517  	 0.140517 	 0.263944   	 0.532374  	 -0.000000   
2 	 2 	 19 	 0.000000 	 0.023307  	 0.023307 	 0.043779   	 0.532374  	 -0.000000   
2 	 2 	 20 	 0.000000 	 0.347652  	 0.347652 	 0.653022   	 0.532374  	 0.000000   
2 	 2 	 21 	 0.000000 	 0.306126  	 0.306126 	 0.575020   	 0.532374  	 0.000000   
2 	 2 	 22 	 0.000000 	 34.866154  	 35.698269 	 67.054857   	 0.532374  	 0.000000   
2 	 2 	 23 	 0.000000 	 0.029048  	 0.110046 	 0.206708   	 0.532374  	 0.000000   
2 	 2 	 24 	 0.000000 	 1.071238  	 1.071238 	 2.012190   	 0.532374  	 0.000000   
2 	 2 	 25 	 0.000000 	 0.408763  	 0.567481 	 1.065943   	 0.532374  	 0.000000   
2 	 2 	 26 	 0.000000 	 0.096425  	 0.096425 	 0.181122   	 0.532374  	 0.000000   
2 	 2 	 27 	 0.000000 	 0.210519  	 0.210519 	 0.395435   	 0.532374  	 0.000000   
2 	 2 	 28 	 0.000000 	 173.060501  	 173.060501 	 325.073103   	 0.532374  	 0.000000   
2 	 2 	 30 	 0.000000 	 0.107318  	 0.107318 	 0.201584   	 0.532374  	 0.000000   
2 	 2 	 31 	 0.000000 	 0.048908  	 0.061205 	 0.114965   	 0.532374  	 0.000000   
2 	 2 	 32 	 0.000000 	 0.155195  	 0.155195 	 0.291515   	 0.532374  	 0.000000   
2 	 2 	 33 	 0.000000 	 84.261839  	 84.261839 	 158.275617   	 0.532374  	 0.000000   
2 	 2 	 34 	 0.000000 	 0.137324  	 0.137324 	 0.257947   	 0.532374  	 0.000000   
2 	 2 	 35 	 0.000000 	 0.032057  	 0.032057 	 0.060215   	 0.532374  	 0.000000   
2 	 2 	 37 	 0.000000 	 0.235917  	 0.235917 	 0.443142   	 0.532374  	 0.000000   
2 	 2 	 40 	 0.000000 	 0.111045  	 0.111045 	 0.208585   	 0.532374  	 0.000000   
2 	 2 	 43 	 0.000000 	 0.273774  	 0.273774 	 0.514252   	 0.532374  	 0.000000   
2 	 2 	 44 	 0.000000 	 0.204837  	 0.204837 	 0.384761   	 0.532374  	 0.000000   
2 	 2 	 47 	 0.000000 	 0.439497  	 0.439497 	 0.825542   	 0.532374  	 0.000000   
2 	 2 	 48 	 0.000000 	 1.494998  	 1.494998 	 2.808171   	 0.532374  	 0.000000   
2 	 2 	 49 	 0.000000 	 0.160535  	 0.160535 	 0.301545   	 0.532374  	 0.000000   
2 	 2 	 50 	 0.000000 	 0.218691  	 0.218691 	 0.410785   	 0.532374  	 0.000000   
2 	 2 	 54 	 0.000000 	 0.472016  	 0.472016 	 0.886624   	 0.532374  	 0.000000   
2 	 2 	 55 	 0.000000 	 6.225579  	 6.225579 	 11.693992   	 0.532374  	 0.000000   
2 	 2 	 56 	 0.000000 	 0.157342  	 0.157342 	 0.295548   	 0.532374  	 0.000000   
2 	 2 	 57 	 0.000000 	 0.138389  	 0.138389 	 0.259947   	 0.532374  	 0.000000   
2 	 2 	 58 	 0.000000 	 0.642350  	 0.642350 	 1.206577   	 0.532374  	 0.000000   
2 	 2 	 59 	 0.000000 	 1.452453  	 1.452453 	 2.728256   	 0.532374  	 0.000000   
2 	 2 	 60 	 0.000000 	 0.126374  	 0.126374 	 0.237378   	 0.532374  	 0.000000   
2 	 2 	 61 	 0.000000 	 1.032984  	 1.032984 	 1.940335   	 0.532374  	 0.000001   
2 	 2 	 63 	 0.000000 	 0.798764  	 0.798764 	 1.500381   	 0.532374  	 0.000000   
2 	 2 	 72 	 0.000000 	 0.196279  	 0.196279 	 0.368687   	 0.532374  	 0.000000   
2 	 2 	 74 	 0.000000 	 0.339840  	 0.339840 	 0.638348   	 0.532374  	 0.000000   
2 	 2 	 75 	 0.000000 	 0.217773  	 0.217773 	 0.409059   	 0.532374  	 0.000000   
2 	 2 	 76 	 0.000000 	 0.138397  	 0.138397 	 0.259962   	 0.532374  	 0.000000   
2 	 2 	 80 	 0.000000 	 0.315753  	 0.315753 	 0.593103   	 0.532374  	 0.000000   
2 	 2 	 82 	 0.000000 	 0.070682  	 0.070682 	 0.132768   	 0.532374  	 0.000000   
2 	 2 	 84 	 0.000000 	 0.461121  	 0.461121 	 0.866160   	 0.532374  	 0.000000   
2 	 2 	 85 	 0.000000 	 0.272003  	 0.272003 	 0.510924   	 0.532374  	 0.000000   
2 	 2 	 86 	 0.000000 	 37.581311  	 37.581311 	 70.591923   	 0.532374  	 0.000000   
2 	 2 	 87 	 0.000000 	 0.022943  	 0.022943 	 0.043095   	 0.532374  	 0.000000   
2 	 2 	 88 	 0.000000 	 0.101946  	 0.101946 	 0.191494   	 0.532374  	 0.000000   
2 	 2 	 90 	 0.000000 	 0.023080  	 0.023080 	 0.043353   	 0.532374  	 0.000000   
2 	 2 	 91 	 0.000000 	 25.463944  	 25.463944 	 47.830922   	 0.532374  	 0.000000   
2 	 2 	 95 	 0.000000 	 0.070329  	 0.070329 	 0.132104   	 0.532374  	 0.000000   
2 	 2 	 96 	 0.000000 	 0.047367  	 0.047367 	 0.088974   	 0.532374  	 0.000000   
2 	 2 	 97 	 0.000000 	 1.571339  	 1.571339 	 2.951569   	 0.532374  	 0.000000   
2 	 2 	 98 	 0.000000 	 0.044419  	 0.044419 	 0.083436   	 0.532374  	 0.000000   
2 	 2 	 100 	 0.000000 	 0.231448  	 0.231448 	 0.434747   	 0.532374  	 0.000000   
2 	 3 	 1 	 0.000000 	 0.130555  	 0.130555 	 0.238071   	 0.548387  	 -0.000000   
2 	 3 	 2 	 0.000000 	 0.041645  	 0.119613 	 0.218117   	 0.548387  	 0.000000   
2 	 3 	 3 	 0.000000 	 0.052224  	 0.077968 	 0.142177   	 0.548387  	 0.000000   
2 	 3 	 4 	 0.000000 	 0.076597  	 0.155690 	 0.283905   	 0.548387  	 0.000000   
2 	 3 	 5 	 0.000000 	 0.014860  	 0.025744 	 0.046944   	 0.548387  	 0.000000   
2 	 3 	 6 	 0.000000 	 0.123378  	 0.147383 	 0.268758   	 0.548387  	 0.000000   
2 	 3 	 7 	 0.000000 	 0.059137  	 0.079093 	 0.144228   	 0.548387  	 0.000000   
2 	 3 	 8 	 0.000000 	 0.170798  	 0.170798 	 0.311455   	 0.548387  	 0.000000   
2 	 3 	 9 	 0.000000 	 0.083494  	 0.083494 	 0.152254   	 0.548387  	 0.000000   
2 	 3 	 10 	 0.000000 	 0.077207  	 0.153181 	 0.279330   	 0.548387  	 0.000000   
2 	 3 	 11 	 0.000000 	 0.056352  	 0.056351 	 0.102759   	 0.548387  	 -0.000000   
2 	 3 	 12 	 0.000000 	 0.096674  	 0.128432 	 0.234200   	 0.548387  	 0.000000   
2 	 3 	 13 	 0.000000 	 0.034983  	 0.053077 	 0.096787   	 0.548387  	 0.000000   
2 	 3 	 14 	 0.000000 	 0.202261  	 0.202261 	 0.368829   	 0.548387  	 -0.000000   
2 	 3 	 15 	 0.000000 	 0.011701  	 0.027609 	 0.050346   	 0.548387  	 0.000000   
2 	 3 	 16 	 0.000000 	 0.064726  	 0.064726 	 0.118030   	 0.548387  	 0.000000   
2 	 3 	 17 	 0.000001 	 0.160457  	 0.160455 	 0.292595   	 0.548387  	 -0.000002   
2 	 3 	 18 	 0.000000 	 0.050944  	 0.099880 	 0.182135   	 0.548387  	 0.000000   
2 	 3 	 19 	 0.000000 	 0.025578  	 0.066127 	 0.120585   	 0.548387  	 0.000000   
2 	 3 	 20 	 0.000000 	 0.551689  	 0.551689 	 1.006021   	 0.548387  	 0.000000   
2 	 3 	 22 	 0.000079 	 0.307559  	 0.307400 	 0.560553   	 0.548387  	 -0.000145   
2 	 3 	 25 	 0.000000 	 0.106196  	 0.106195 	 0.193650   	 0.548387  	 -0.000001   
2 	 3 	 27 	 0.000000 	 0.267201  	 0.267201 	 0.487249   	 0.548387  	 0.000000   
2 	 3 	 28 	 0.000000 	 0.185660  	 0.185660 	 0.338556   	 0.548387  	 0.000000   
2 	 3 	 30 	 0.000000 	 27.139542  	 27.139542 	 49.489752   	 0.548387  	 0.000000   
2 	 3 	 32 	 0.000000 	 0.169493  	 0.169493 	 0.309076   	 0.548387  	 0.000000   
2 	 3 	 33 	 0.000000 	 0.402874  	 0.402874 	 0.734653   	 0.548387  	 0.000000   
2 	 3 	 40 	 0.000000 	 1.843328  	 1.843328 	 3.361362   	 0.548387  	 0.000000   
2 	 3 	 47 	 0.000000 	 0.083110  	 0.083110 	 0.151554   	 0.548387  	 0.000000   
2 	 3 	 48 	 0.000000 	 0.234907  	 0.234907 	 0.428359   	 0.548387  	 0.000000   
2 	 3 	 56 	 0.000000 	 1.010217  	 1.010217 	 1.842161   	 0.548387  	 0.000000   
2 	 3 	 60 	 0.000000 	 0.412549  	 0.412549 	 0.752295   	 0.548387  	 0.000000   
2 	 3 	 63 	 0.000000 	 0.798041  	 0.798041 	 1.455251   	 0.548387  	 0.000000   
2 	 3 	 69 	 0.000000 	 0.022440  	 0.022440 	 0.040921   	 0.548387  	 0.000000   
2 	 3 	 75 	 0.000000 	 0.440306  	 0.440306 	 0.802910   	 0.548387  	 0.000000   
2 	 3 	 76 	 0.000000 	 0.101797  	 0.101797 	 0.185629   	 0.548387  	 0.000000   
2 	 3 	 80 	 0.000000 	 0.359696  	 0.359696 	 0.655916   	 0.548387  	 0.000000   
2 	 3 	 82 	 0.000000 	 0.164545  	 0.164545 	 0.300053   	 0.548387  	 0.000000   
2 	 3 	 84 	 0.000000 	 0.026553  	 0.026553 	 0.048420   	 0.548387  	 0.000000   
2 	 3 	 91 	 0.000000 	 0.120894  	 0.120894 	 0.220453   	 0.548387  	 0.000000   
2 	 3 	 100 	 0.000000 	 1.106175  	 1.106175 	 2.017142   	 0.548387  	 0.000000   
2 	 4 	 1 	 0.000000 	 0.001425  	 0.004102 	 0.043579   	 0.094118  	 0.000000   
2 	 4 	 10 	 0.000000 	 0.018044  	 0.018044 	 0.191722   	 0.094118  	 -0.000000   
2 	 4 	 14 	 0.000000 	 0.005535  	 0.005535 	 0.058808   	 0.094118  	 0.000000   
2 	 4 	 17 	 0.000000 	 0.007552  	 0.007552 	 0.080240   	 0.094118  	 0.000000   
2 	 5 	 1 	 0.000000 	 0.078120  	 0.078120 	 0.213981   	 0.365079  	 -0.000000   
2 	 5 	 3 	 0.000000 	 0.056065  	 0.056065 	 0.153568   	 0.365079  	 0.000000   
2 	 5 	 17 	 0.000000 	 0.019387  	 0.019387 	 0.053103   	 0.365079  	 -0.000000   
2 	 5 	 19 	 0.000000 	 0.018806  	 0.018806 	 0.051513   	 0.365079  	 -0.000000   
2 	 5 	 20 	 0.000000 	 0.082367  	 0.082367 	 0.225614   	 0.365079  	 0.000000   
2 	 5 	 46 	 0.000000 	 0.040406  	 0.040406 	 0.110679   	 0.365079  	 0.000000   
2 	 5 	 47 	 0.000000 	 0.531774  	 0.531774 	 1.456597   	 0.365079  	 0.000000   
2 	 5 	 53 	 0.000000 	 0.026258  	 0.026258 	 0.071924   	 0.365079  	 0.000000   
2 	 5 	 65 	 0.000000 	 0.129936  	 0.129936 	 0.355913   	 0.365079  	 0.000000   
2 	 5 	 75 	 0.000000 	 0.069146  	 0.069146 	 0.189399   	 0.365079  	 0.000000   
2 	 5 	 86 	 0.000000 	 0.034279  	 0.034279 	 0.093895   	 0.365079  	 0.000000   
2 	 6 	 1 	 0.000000 	 13.496022  	 13.496022 	 34.046782   	 0.396396  	 0.000000   
2 	 6 	 2 	 0.000000 	 2.912961  	 2.912961 	 7.348607   	 0.396396  	 0.000000   
2 	 6 	 3 	 0.000000 	 0.033071  	 0.056440 	 0.142382   	 0.396396  	 0.000000   
2 	 6 	 4 	 0.000000 	 0.961823  	 1.018262 	 2.568798   	 0.396396  	 0.000000   
2 	 6 	 5 	 0.000000 	 0.001995  	 0.018949 	 0.047804   	 0.396396  	 -0.000000   
2 	 6 	 6 	 0.000000 	 0.169580  	 0.192589 	 0.485848   	 0.396396  	 0.000000   
2 	 6 	 7 	 0.000000 	 0.121137  	 0.144895 	 0.365529   	 0.396396  	 -0.000000   
2 	 6 	 8 	 0.000000 	 0.031567  	 0.031567 	 0.079636   	 0.396396  	 -0.000000   
2 	 6 	 9 	 0.000000 	 2.455313  	 2.455313 	 6.194085   	 0.396396  	 0.000000   
2 	 6 	 10 	 0.000000 	 0.085312  	 0.085312 	 0.215218   	 0.396396  	 0.000000   
2 	 6 	 11 	 0.000000 	 0.188976  	 0.188976 	 0.476734   	 0.396396  	 0.000000   
2 	 6 	 12 	 0.000000 	 0.012151  	 0.023369 	 0.058953   	 0.396396  	 -0.000000   
2 	 6 	 13 	 0.000000 	 0.023262  	 0.036681 	 0.092537   	 0.396396  	 0.000000   
2 	 6 	 14 	 0.000000 	 0.015623  	 0.015623 	 0.039413   	 0.396396  	 -0.000000   
2 	 6 	 17 	 0.000000 	 0.407846  	 0.469661 	 1.184827   	 0.396396  	 0.000000   
2 	 6 	 19 	 0.000000 	 0.672624  	 0.766399 	 1.933416   	 0.396396  	 0.000000   
2 	 6 	 20 	 0.000000 	 0.258281  	 0.258281 	 0.651572   	 0.396396  	 0.000000   
2 	 6 	 21 	 0.000000 	 0.003645  	 0.016954 	 0.042771   	 0.396396  	 0.000000   
2 	 6 	 31 	 0.000000 	 0.600468  	 0.600468 	 1.514817   	 0.396396  	 0.000000   
2 	 6 	 37 	 0.000000 	 0.304470  	 0.304470 	 0.768095   	 0.396396  	 0.000000   
2 	 6 	 46 	 0.000000 	 0.040121  	 0.040121 	 0.101214   	 0.396396  	 0.000000   
2 	 6 	 47 	 0.000000 	 0.128345  	 0.128345 	 0.323779   	 0.396396  	 0.000000   
2 	 6 	 52 	 0.000000 	 0.083362  	 0.083362 	 0.210298   	 0.396396  	 0.000000   
2 	 6 	 53 	 0.000000 	 0.027758  	 0.027758 	 0.070026   	 0.396396  	 0.000000   
2 	 6 	 54 	 0.000000 	 1.164446  	 1.164446 	 2.937580   	 0.396396  	 0.000000   
2 	 6 	 55 	 0.000000 	 0.070270  	 0.070270 	 0.177272   	 0.396396  	 0.000000   
2 	 6 	 60 	 0.000000 	 0.027209  	 0.027209 	 0.068640   	 0.396396  	 0.000000   
2 	 6 	 61 	 0.000000 	 0.029315  	 0.029315 	 0.073953   	 0.396396  	 0.000000   
2 	 6 	 62 	 0.000000 	 0.098045  	 0.098045 	 0.247340   	 0.396396  	 0.000000   
2 	 6 	 65 	 0.000000 	 0.660196  	 0.660196 	 1.665494   	 0.396396  	 0.000000   
2 	 6 	 66 	 0.000000 	 0.025125  	 0.025125 	 0.063382   	 0.396396  	 0.000000   
2 	 6 	 75 	 0.000000 	 1.380650  	 1.380650 	 3.483003   	 0.396396  	 0.000000   
2 	 6 	 79 	 0.000000 	 0.081759  	 0.081759 	 0.206255   	 0.396396  	 0.000000   
2 	 6 	 84 	 0.000000 	 9.536683  	 9.536683 	 24.058451   	 0.396396  	 0.000000   
2 	 6 	 86 	 0.000000 	 0.870442  	 0.870442 	 2.195887   	 0.396396  	 0.000000   
2 	 6 	 95 	 0.000000 	 3.486610  	 3.486610 	 8.795767   	 0.396396  	 0.000000   
2 	 7 	 1 	 0.000000 	 47.690467  	 47.690467 	 79.897017   	 0.596899  	 0.000000   
2 	 7 	 2 	 0.000000 	 0.295664  	 0.480848 	 0.805577   	 0.596899  	 0.000000   
2 	 7 	 3 	 0.000000 	 0.654236  	 0.654236 	 1.096058   	 0.596899  	 0.000000   
2 	 7 	 4 	 0.000000 	 0.056453  	 0.185182 	 0.310240   	 0.596899  	 0.000000   
2 	 7 	 5 	 0.000000 	 0.588912  	 1.069761 	 1.792197   	 0.596899  	 0.000000   
2 	 7 	 6 	 0.000001 	 0.279991  	 0.279990 	 0.469074   	 0.596899  	 -0.000001   
2 	 7 	 7 	 0.000000 	 0.001887  	 0.020298 	 0.034007   	 0.596899  	 0.000000   
2 	 7 	 8 	 0.000000 	 0.133398  	 0.206756 	 0.346384   	 0.596899  	 0.000000   
2 	 7 	 9 	 0.000000 	 2.655246  	 2.655246 	 4.448398   	 0.596899  	 0.000000   
2 	 7 	 10 	 0.000000 	 0.095418  	 0.128730 	 0.215664   	 0.596899  	 0.000000   
2 	 7 	 11 	 0.000001 	 2.697511  	 2.697509 	 4.519203   	 0.596899  	 -0.000002   
2 	 7 	 12 	 0.000000 	 0.068874  	 0.080553 	 0.134953   	 0.596899  	 0.000000   
2 	 7 	 13 	 0.000000 	 0.058979  	 0.058979 	 0.098810   	 0.596899  	 -0.000000   
2 	 7 	 14 	 0.000000 	 0.066000  	 0.184618 	 0.309295   	 0.596899  	 0.000000   
2 	 7 	 19 	 0.000003 	 0.429674  	 0.429667 	 0.719832   	 0.596899  	 -0.000005   
2 	 7 	 21 	 0.000000 	 0.087915  	 0.087915 	 0.147287   	 0.596899  	 0.000000   
2 	 7 	 23 	 0.000000 	 0.107397  	 0.107397 	 0.179925   	 0.596899  	 -0.000000   
2 	 7 	 24 	 0.000000 	 0.137758  	 0.137758 	 0.230790   	 0.596899  	 0.000000   
2 	 7 	 25 	 0.000016 	 3.977590  	 3.977558 	 6.663701   	 0.596899  	 -0.000027   
2 	 7 	 26 	 0.000000 	 1.344100  	 1.344100 	 2.251804   	 0.596899  	 0.000001   
2 	 7 	 28 	 0.000000 	 0.366123  	 0.366123 	 0.613374   	 0.596899  	 0.000000   
2 	 7 	 31 	 0.000000 	 0.724651  	 0.724651 	 1.214025   	 0.596899  	 -0.000001   
2 	 7 	 32 	 0.000000 	 0.044812  	 0.044812 	 0.075075   	 0.596899  	 0.000000   
2 	 7 	 33 	 0.000000 	 1.282985  	 1.282985 	 2.149416   	 0.596899  	 0.000000   
2 	 7 	 34 	 0.000000 	 0.120386  	 0.120386 	 0.201685   	 0.596899  	 0.000000   
2 	 7 	 35 	 0.000000 	 0.283416  	 0.283416 	 0.474814   	 0.596899  	 0.000000   
2 	 7 	 37 	 0.000000 	 0.107993  	 0.107993 	 0.180924   	 0.596899  	 0.000000   
2 	 7 	 40 	 0.000000 	 1.158355  	 1.158355 	 1.940621   	 0.596899  	 0.000000   
2 	 7 	 43 	 0.000000 	 0.104090  	 0.104090 	 0.174384   	 0.596899  	 0.000000   
2 	 7 	 44 	 0.000002 	 3.649658  	 3.649658 	 6.114362   	 0.596899  	 0.000004   
2 	 7 	 47 	 0.000000 	 0.652825  	 0.652825 	 1.093694   	 0.596899  	 0.000000   
2 	 7 	 48 	 0.000000 	 0.327282  	 0.327282 	 0.548303   	 0.596899  	 0.000000   
2 	 7 	 49 	 0.000000 	 0.059161  	 0.059161 	 0.099113   	 0.596899  	 0.000000   
2 	 7 	 50 	 0.000000 	 0.672242  	 0.672242 	 1.126223   	 0.596899  	 0.000000   
2 	 7 	 52 	 0.000000 	 0.035618  	 0.035618 	 0.059671   	 0.596899  	 0.000000   
2 	 7 	 53 	 0.000000 	 0.044686  	 0.044686 	 0.074864   	 0.596899  	 0.000000   
2 	 7 	 54 	 0.000000 	 0.422308  	 0.422308 	 0.707503   	 0.596899  	 0.000000   
2 	 7 	 55 	 0.000000 	 0.051209  	 0.051209 	 0.085791   	 0.596899  	 0.000000   
2 	 7 	 56 	 0.000000 	 0.132920  	 0.132920 	 0.222684   	 0.596899  	 0.000000   
2 	 7 	 57 	 0.000000 	 0.206623  	 0.206623 	 0.346160   	 0.596899  	 0.000000   
2 	 7 	 58 	 0.000000 	 0.075322  	 0.075322 	 0.126188   	 0.596899  	 0.000000   
2 	 7 	 59 	 0.000000 	 105.542043  	 105.542043 	 176.817189   	 0.596899  	 0.000000   
2 	 7 	 60 	 0.000000 	 0.227712  	 0.227712 	 0.381492   	 0.596899  	 0.000000   
2 	 7 	 61 	 0.000000 	 0.189116  	 0.189116 	 0.316830   	 0.596899  	 0.000000   
2 	 7 	 62 	 0.000000 	 0.082446  	 0.082446 	 0.138124   	 0.596899  	 0.000000   
2 	 7 	 66 	 0.000002 	 8.353906  	 8.353906 	 13.995504   	 0.596899  	 0.000003   
2 	 7 	 69 	 0.000000 	 0.645130  	 0.645130 	 1.080803   	 0.596899  	 0.000000   
2 	 7 	 72 	 0.000000 	 0.171177  	 0.171177 	 0.286777   	 0.596899  	 0.000000   
2 	 7 	 74 	 0.000000 	 0.140513  	 0.140513 	 0.235405   	 0.596899  	 0.000000   
2 	 7 	 75 	 0.000000 	 0.029492  	 0.029492 	 0.049409   	 0.596899  	 0.000000   
2 	 7 	 79 	 0.000000 	 0.134468  	 0.134468 	 0.225278   	 0.596899  	 0.000000   
2 	 7 	 80 	 0.000000 	 0.491944  	 0.491944 	 0.824166   	 0.596899  	 0.000000   
2 	 7 	 82 	 0.000000 	 120.132932  	 120.132932 	 201.261665   	 0.596899  	 0.000000   
2 	 7 	 84 	 0.000000 	 13.502909  	 13.502909 	 22.621757   	 0.596899  	 0.000000   
2 	 7 	 85 	 0.000000 	 0.055750  	 0.055750 	 0.093400   	 0.596899  	 0.000000   
2 	 7 	 86 	 0.000000 	 0.054986  	 0.054986 	 0.092119   	 0.596899  	 0.000000   
2 	 7 	 87 	 0.000000 	 0.019706  	 0.019706 	 0.033015   	 0.596899  	 0.000000   
2 	 7 	 88 	 0.000000 	 0.065053  	 0.065053 	 0.108984   	 0.596899  	 0.000000   
2 	 7 	 89 	 0.000000 	 0.641005  	 0.641005 	 1.073891   	 0.596899  	 0.000000   
2 	 7 	 90 	 0.000000 	 0.309397  	 0.309397 	 0.518340   	 0.596899  	 0.000000   
2 	 7 	 91 	 0.000000 	 0.068467  	 0.068467 	 0.114704   	 0.596899  	 0.000000   
2 	 7 	 96 	 0.000000 	 56.956812  	 56.956812 	 95.421153   	 0.596899  	 0.000000   
2 	 7 	 97 	 0.000000 	 0.026268  	 0.026268 	 0.044008   	 0.596899  	 0.000000   
2 	 7 	 98 	 0.000000 	 0.038695  	 0.038695 	 0.064827   	 0.596899  	 0.000000   
2 	 7 	 100 	 0.000000 	 0.061554  	 0.061554 	 0.103123   	 0.596899  	 0.000000   
3 	 1 	 2 	 0.000000 	 0.005205  	 0.005205 	 0.131081   	 0.039711  	 -0.000001   
3 	 1 	 4 	 0.000000 	 0.023319  	 0.023318 	 0.587199   	 0.039711  	 0.000000   
3 	 1 	 10 	 0.000000 	 0.010404  	 0.010404 	 0.261993   	 0.039711  	 0.000000   
3 	 1 	 12 	 0.000000 	 0.003401  	 0.003401 	 0.085655   	 0.039711  	 0.000000   
3 	 1 	 33 	 0.000000 	 3.287205  	 3.287205 	 82.777797   	 0.039711  	 0.000000   
3 	 1 	 50 	 0.000000 	 0.016653  	 0.016653 	 0.419361   	 0.039711  	 0.000000   
3 	 1 	 59 	 0.000000 	 0.002050  	 0.002050 	 0.051619   	 0.039711  	 0.000000   
3 	 1 	 69 	 0.000000 	 0.011374  	 0.011374 	 0.286413   	 0.039711  	 0.000000   
3 	 1 	 89 	 0.000000 	 0.018147  	 0.018147 	 0.456965   	 0.039711  	 0.000000   
3 	 1 	 95 	 0.000000 	 0.292911  	 0.292911 	 7.376030   	 0.039711  	 0.000000   
3 	 2 	 1 	 0.000000 	 0.183454  	 0.183454 	 0.344597   	 0.532374  	 0.000000   
3 	 2 	 2 	 0.000000 	 0.085145  	 0.085144 	 0.159933   	 0.532374  	 0.000000   
3 	 2 	 3 	 0.000000 	 0.198307  	 0.198307 	 0.372495   	 0.532374  	 0.000000   
3 	 2 	 4 	 0.000000 	 2.774119  	 2.774113 	 5.210834   	 0.532374  	 0.000000   
3 	 2 	 5 	 0.000000 	 10.421815  	 10.421671 	 19.575841   	 0.532374  	 0.000000   
3 	 2 	 6 	 0.000000 	 0.000531  	 0.017674 	 0.033199   	 0.532374  	 0.000000   
3 	 2 	 7 	 0.000000 	 0.161054  	 0.161054 	 0.302521   	 0.532374  	 0.000000   
3 	 2 	 8 	 0.000000 	 0.580451  	 0.580450 	 1.090304   	 0.532374  	 0.000000   
3 	 2 	 9 	 0.000000 	 0.068535  	 0.068535 	 0.128736   	 0.532374  	 0.000000   
3 	 2 	 10 	 0.000000 	 0.087344  	 0.087344 	 0.164065   	 0.532374  	 0.000000   
3 	 2 	 11 	 0.000000 	 0.036412  	 0.054087 	 0.101596   	 0.532374  	 0.000000   
3 	 2 	 12 	 0.000000 	 0.258385  	 0.608852 	 1.143655   	 0.532374  	 0.000000   
3 	 2 	 13 	 0.000000 	 0.285886  	 0.285886 	 0.537001   	 0.532374  	 0.000000   
3 	 2 	 14 	 0.000000 	 0.062069  	 0.076739 	 0.144144   	 0.532374  	 0.000000   
3 	 2 	 15 	 0.000000 	 0.071544  	 0.097314 	 0.182793   	 0.532374  	 0.000000   
3 	 2 	 16 	 0.000000 	 0.383976  	 0.383976 	 0.721252   	 0.532374  	 0.000000   
3 	 2 	 17 	 0.000000 	 0.678656  	 0.713286 	 1.339821   	 0.532374  	 0.000000   
3 	 2 	 18 	 0.000000 	 0.140517  	 0.140517 	 0.263944   	 0.532374  	 0.000000   
3 	 2 	 19 	 0.000000 	 0.023307  	 0.023307 	 0.043779   	 0.532374  	 0.000000   
3 	 2 	 20 	 0.000000 	 0.347652  	 0.347652 	 0.653022   	 0.532374  	 0.000000   
3 	 2 	 21 	 0.000000 	 0.306126  	 0.306126 	 0.575020   	 0.532374  	 0.000000   
3 	 2 	 22 	 0.000000 	 34.866154  	 35.698269 	 67.054857   	 0.532374  	 0.000000   
3 	 2 	 23 	 0.000000 	 0.029048  	 0.110046 	 0.206708   	 0.532374  	 0.000000   
3 	 2 	 24 	 0.000000 	 1.071238  	 1.071238 	 2.012190   	 0.532374  	 0.000000   
3 	 2 	 25 	 0.000000 	 0.408763  	 0.567481 	 1.065943   	 0.532374  	 0.000000   
3 	 2 	 26 	 0.000000 	 0.096425  	 0.096425 	 0.181122   	 0.532374  	 0.000000   
3 	 2 	 27 	 0.000000 	 0.210519  	 0.210519 	 0.395435   	 0.532374  	 0.000000   
3 	 2 	 28 	 0.000000 	 173.060501  	 173.060501 	 325.073103   	 0.532374  	 0.000000   
3 	 2 	 30 	 0.000000 	 0.107318  	 0.107318 	 0.201584   	 0.532374  	 0.000000   
3 	 2 	 31 	 0.000000 	 0.048908  	 0.061205 	 0.114965   	 0.532374  	 0.000000   
3 	 2 	 32 	 0.000000 	 0.155195  	 0.155195 	 0.291515   	 0.532374  	 0.000000   
3 	 2 	 33 	 0.000000 	 84.261839  	 84.261839 	 158.275617   	 0.532374  	 0.000000   
3 	 2 	 34 	 0.000000 	 0.137324  	 0.137324 	 0.257947   	 0.532374  	 0.000000   
3 	 2 	 35 	 0.000000 	 0.032057  	 0.032057 	 0.060215   	 0.532374  	 0.000000   
3 	 2 	 37 	 0.000000 	 0.235917  	 0.235917 	 0.443142   	 0.532374  	 0.000000   
3 	 2 	 40 	 0.000000 	 0.111045  	 0.111045 	 0.208585   	 0.532374  	 0.000000   
3 	 2 	 43 	 0.000000 	 0.273774  	 0.273774 	 0.514252   	 0.532374  	 0.000000   
3 	 2 	 44 	 0.000000 	 0.204837  	 0.204837 	 0.384761   	 0.532374  	 0.000000   
3 	 2 	 47 	 0.000000 	 0.439497  	 0.439497 	 0.825542   	 0.532374  	 0.000000   
3 	 2 	 48 	 0.000000 	 1.494998  	 1.494998 	 2.808171   	 0.532374  	 0.000000   
3 	 2 	 49 	 0.000000 	 0.160535  	 0.160535 	 0.301545   	 0.532374  	 0.000000   
3 	 2 	 50 	 0.000000 	 0.218691  	 0.218691 	 0.410785   	 0.532374  	 0.000000   
3 	 2 	 54 	 0.000000 	 0.472016  	 0.472016 	 0.886624   	 0.532374  	 0.000000   
3 	 2 	 55 	 0.000000 	 6.225579  	 6.225579 	 11.693992   	 0.532374  	 0.000000   
3 	 2 	 56 	 0.000000 	 0.157342  	 0.157342 	 0.295548   	 0.532374  	 0.000000   
3 	 2 	 57 	 0.000000 	 0.138389  	 0.138389 	 0.259947   	 0.532374  	 0.000000   
3 	 2 	 58 	 0.000000 	 0.642350  	 0.642350 	 1.206577   	 0.532374  	 0.000000   
3 	 2 	 59 	 0.000000 	 1.452453  	 1.452453 	 2.728256   	 0.532374  	 0.000000   
3 	 2 	 60 	 0.000000 	 0.126374  	 0.126374 	 0.237378   	 0.532374  	 0.000000   
3 	 2 	 61 	 0.000000 	 1.032984  	 1.032984 	 1.940335   	 0.532374  	 0.000000   
3 	 2 	 63 	 0.000000 	 0.798764  	 0.798764 	 1.500381   	 0.532374  	 0.000000   
3 	 2 	 72 	 0.000000 	 0.196279  	 0.196279 	 0.368687   	 0.532374  	 0.000000   
3 	 2 	 74 	 0.000000 	 0.339840  	 0.339840 	 0.638348   	 0.532374  	 0.000000   
3 	 2 	 75 	 0.000000 	 0.217773  	 0.217773 	 0.409059   	 0.532374  	 0.000000   
3 	 2 	 76 	 0.000000 	 0.138397  	 0.138397 	 0.259962   	 0.532374  	 0.000000   
3 	 2 	 80 	 0.000000 	 0.315753  	 0.315753 	 0.593103   	 0.532374  	 0.000000   
3 	 2 	 82 	 0.000000 	 0.070682  	 0.070682 	 0.132768   	 0.532374  	 0.000000   
3 	 2 	 84 	 0.000000 	 0.461121  	 0.461121 	 0.866160   	 0.532374  	 0.000000   
3 	 2 	 85 	 0.000000 	 0.272003  	 0.272003 	 0.510924   	 0.532374  	 0.000000   
3 	 2 	 86 	 0.000000 	 37.581311  	 37.581311 	 70.591923   	 0.532374  	 0.000000   
3 	 2 	 87 	 0.000000 	 0.022943  	 0.022943 	 0.043095   	 0.532374  	 0.000000   
3 	 2 	 88 	 0.000000 	 0.101946  	 0.101946 	 0.191494   	 0.532374  	 0.000000   
3 	 2 	 90 	 0.000000 	 0.023080  	 0.023080 	 0.043353   	 0.532374  	 0.000000   
3 	 2 	 91 	 0.000000 	 25.463944  	 25.463944 	 47.830922   	 0.532374  	 0.000000   
3 	 2 	 95 	 0.000000 	 0.070329  	 0.070329 	 0.132104   	 0.532374  	 0.000000   
3 	 2 	 96 	 0.000000 	 0.047367  	 0.047367 	 0.088974   	 0.532374  	 0.000000   
3 	 2 	 97 	 0.000000 	 1.571339  	 1.571339 	 2.951569   	 0.532374  	 0.000000   
3 	 2 	 98 	 0.000000 	 0.044419  	 0.044419 	 0.083436   	 0.532374  	 0.000000   
3 	 2 	 100 	 0.000000 	 0.231448  	 0.231448 	 0.434747   	 0.532374  	 0.000000   
3 	 3 	 1 	 0.000000 	 0.130555  	 0.130555 	 0.238071   	 0.548387  	 0.000000   
3 	 3 	 2 	 0.000001 	 0.041646  	 0.119612 	 0.218116   	 0.548387  	 -0.000002   
3 	 3 	 3 	 0.000000 	 0.052224  	 0.077968 	 0.142177   	 0.548387  	 0.000000   
3 	 3 	 4 	 0.000000 	 0.076597  	 0.155690 	 0.283905   	 0.548387  	 0.000000   
3 	 3 	 5 	 0.000000 	 0.014860  	 0.025744 	 0.046944   	 0.548387  	 0.000000   
3 	 3 	 6 	 0.000000 	 0.123378  	 0.147383 	 0.268758   	 0.548387  	 0.000000   
3 	 3 	 7 	 0.000000 	 0.059137  	 0.079093 	 0.144228   	 0.548387  	 0.000000   
3 	 3 	 8 	 0.000000 	 0.170798  	 0.170798 	 0.311455   	 0.548387  	 0.000000   
3 	 3 	 9 	 0.000000 	 0.083494  	 0.083494 	 0.152254   	 0.548387  	 0.000000   
3 	 3 	 10 	 0.000000 	 0.077207  	 0.153181 	 0.279330   	 0.548387  	 0.000000   
3 	 3 	 11 	 0.000000 	 0.056352  	 0.056351 	 0.102759   	 0.548387  	 0.000000   
3 	 3 	 12 	 0.000000 	 0.096674  	 0.128432 	 0.234200   	 0.548387  	 0.000000   
3 	 3 	 13 	 0.000000 	 0.034983  	 0.053077 	 0.096787   	 0.548387  	 0.000000   
3 	 3 	 14 	 0.000000 	 0.202261  	 0.202261 	 0.368829   	 0.548387  	 0.000000   
3 	 3 	 15 	 0.000000 	 0.011701  	 0.027609 	 0.050346   	 0.548387  	 0.000000   
3 	 3 	 16 	 0.000000 	 0.064726  	 0.064726 	 0.118030   	 0.548387  	 0.000000   
3 	 3 	 17 	 0.000000 	 0.160457  	 0.160455 	 0.292595   	 0.548387  	 0.000000   
3 	 3 	 18 	 0.000000 	 0.050944  	 0.099880 	 0.182135   	 0.548387  	 0.000000   
3 	 3 	 19 	 0.000000 	 0.025578  	 0.066127 	 0.120585   	 0.548387  	 0.000000   
3 	 3 	 20 	 0.000000 	 0.551689  	 0.551689 	 1.006021   	 0.548387  	 0.000000   
3 	 3 	 22 	 0.000000 	 0.307559  	 0.307400 	 0.560553   	 0.548387  	 0.000000   
3 	 3 	 25 	 0.000000 	 0.106196  	 0.106195 	 0.193650   	 0.548387  	 0.000000   
3 	 3 	 27 	 0.000000 	 0.267201  	 0.267201 	 0.487249   	 0.548387  	 0.000000   
3 	 3 	 28 	 0.000000 	 0.185660  	 0.185660 	 0.338556   	 0.548387  	 0.000000   
3 	 3 	 30 	 0.000000 	 27.139542  	 27.139542 	 49.489752   	 0.548387  	 0.000000   
3 	 3 	 32 	 0.000000 	 0.169493  	 0.169493 	 0.309076   	 0.548387  	 0.000000   
3 	 3 	 33 	 0.000000 	 0.402874  	 0.402874 	 0.734653   	 0.548387  	 0.000000   
3 	 3 	 40 	 0.000000 	 1.843328  	 1.843328 	 3.361362   	 0.548387  	 0.000000   
3 	 3 	 47 	 0.000000 	 0.083110  	 0.083110 	 0.151554   	 0.548387  	 0.000000   
3 	 3 	 48 	 0.000000 	 0.234907  	 0.234907 	 0.428359   	 0.548387  	 0.000000   
3 	 3 	 56 	 0.000000 	 1.010217  	 1.010217 	 1.842161   	 0.548387  	 0.000000   
3 	 3 	 60 	 0.000000 	 0.412549  	 0.412549 	 0.752295   	 0.548387  	 0.000000   
3 	 3 	 63 	 0.000000 	 0.798041  	 0.798041 	 1.455251   	 0.548387  	 0.000000   
3 	 3 	 69 	 0.000000 	 0.022440  	 0.022440 	 0.040921   	 0.548387  	 0.000000   
3 	 3 	 75 	 0.000000 	 0.440306  	 0.440306 	 0.802910   	 0.548387  	 0.000000   
3 	 3 	 76 	 0.000000 	 0.101797  	 0.101797 	 0.185629   	 0.548387  	 0.000000   
3 	 3 	 80 	 0.000000 	 0.359696  	 0.359696 	 0.655916   	 0.548387  	 0.000000   
3 	 3 	 82 	 0.000000 	 0.164545  	 0.164545 	 0.300053   	 0.548387  	 0.000000   
3 	 3 	 84 	 0.000000 	 0.026553  	 0.026553 	 0.048420   	 0.548387  	 0.000000   
3 	 3 	 91 	 0.000000 	 0.120894  	 0.120894 	 0.220453   	 0.548387  	 0.000000   
3 	 3 	 100 	 0.000000 	 1.106175  	 1.106175 	 2.017142   	 0.548387  	 0.000000   
3 	 4 	 1 	 0.000000 	 0.001425  	 0.004102 	 0.043579   	 0.094118  	 0.000000   
3 	 4 	 2 	 0.000000 	 0.166554  	 0.184598 	 1.961357   	 0.094118  	 0.000000   
3 	 4 	 14 	 0.000000 	 0.005535  	 0.005535 	 0.058808   	 0.094118  	 0.000000   
3 	 4 	 17 	 0.000000 	 0.007552  	 0.007552 	 0.080240   	 0.094118  	 0.000000   
3 	 5 	 1 	 0.000000 	 0.078120  	 0.078120 	 0.213981   	 0.365079  	 0.000000   
3 	 5 	 3 	 0.000000 	 0.056065  	 0.056065 	 0.153568   	 0.365079  	 0.000000   
3 	 5 	 17 	 0.000000 	 0.019387  	 0.019387 	 0.053103   	 0.365079  	 0.000000   
3 	 5 	 19 	 0.000000 	 0.018806  	 0.018806 	 0.051513   	 0.365079  	 0.000000   
3 	 5 	 20 	 0.000000 	 0.082367  	 0.082367 	 0.225614   	 0.365079  	 0.000000   
3 	 5 	 46 	 0.000000 	 0.040406  	 0.040406 	 0.110679   	 0.365079  	 0.000000   
3 	 5 	 47 	 0.000000 	 0.531774  	 0.531774 	 1.456597   	 0.365079  	 0.000000   
3 	 5 	 53 	 0.000000 	 0.026258  	 0.026258 	 0.071924   	 0.365079  	 0.000000   
3 	 5 	 65 	 0.000000 	 0.129936  	 0.129936 	 0.355913   	 0.365079  	 0.000000   
3 	 5 	 75 	 0.000000 	 0.069146  	 0.069146 	 0.189399   	 0.365079  	 0.000000   
3 	 5 	 86 	 0.000000 	 0.034279  	 0.034279 	 0.093895   	 0.365079  	 0.000000   
3 	 6 	 1 	 0.000000 	 13.496022  	 13.496022 	 34.046782   	 0.396396  	 0.000000   
3 	 6 	 2 	 0.000000 	 2.912961  	 2.912961 	 7.348607   	 0.396396  	 0.000000   
3 	 6 	 3 	 0.000000 	 0.033071  	 0.056440 	 0.142382   	 0.396396  	 0.000000   
3 	 6 	 4 	 0.000000 	 0.961823  	 1.018262 	 2.568798   	 0.396396  	 0.000000   
3 	 6 	 5 	 0.000000 	 0.005321  	 0.018949 	 0.047804   	 0.396396  	 0.000000   
3 	 6 	 6 	 0.000000 	 0.169580  	 0.192589 	 0.485848   	 0.396396  	 0.000000   
3 	 6 	 7 	 0.000000 	 0.121137  	 0.144895 	 0.365529   	 0.396396  	 0.000000   
3 	 6 	 8 	 0.000000 	 0.031567  	 0.031567 	 0.079636   	 0.396396  	 0.000000   
3 	 6 	 9 	 0.000000 	 2.455313  	 2.455313 	 6.194085   	 0.396396  	 0.000000   
3 	 6 	 10 	 0.000000 	 0.085312  	 0.085312 	 0.215218   	 0.396396  	 0.000000   
3 	 6 	 11 	 0.000000 	 0.188976  	 0.188976 	 0.476734   	 0.396396  	 0.000000   
3 	 6 	 12 	 0.000000 	 0.012151  	 0.023369 	 0.058953   	 0.396396  	 0.000000   
3 	 6 	 13 	 0.000000 	 0.023262  	 0.036681 	 0.092537   	 0.396396  	 0.000000   
3 	 6 	 17 	 0.000000 	 0.407846  	 0.469661 	 1.184827   	 0.396396  	 0.000000   
3 	 6 	 19 	 0.000000 	 0.672624  	 0.766399 	 1.933416   	 0.396396  	 0.000000   
3 	 6 	 20 	 0.000000 	 0.258281  	 0.258281 	 0.651572   	 0.396396  	 0.000000   
3 	 6 	 21 	 0.000000 	 0.003645  	 0.016954 	 0.042771   	 0.396396  	 0.000000   
3 	 6 	 31 	 0.000000 	 0.600468  	 0.600468 	 1.514817   	 0.396396  	 0.000000   
3 	 6 	 37 	 0.000000 	 0.304470  	 0.304470 	 0.768095   	 0.396396  	 0.000000   
3 	 6 	 46 	 0.000000 	 0.040121  	 0.040121 	 0.101214   	 0.396396  	 0.000000   
3 	 6 	 47 	 0.000000 	 0.128345  	 0.128345 	 0.323779   	 0.396396  	 0.000000   
3 	 6 	 52 	 0.000000 	 0.083362  	 0.083362 	 0.210298   	 0.396396  	 0.000000   
3 	 6 	 53 	 0.000000 	 0.027758  	 0.027758 	 0.070026   	 0.396396  	 0.000000   
3 	 6 	 54 	 0.000000 	 1.164446  	 1.164446 	 2.937580   	 0.396396  	 0.000000   
3 	 6 	 55 	 0.000000 	 0.070270  	 0.070270 	 0.177272   	 0.396396  	 0.000000   
3 	 6 	 60 	 0.000000 	 0.027209  	 0.027209 	 0.068640   	 0.396396  	 0.000000   
3 	 6 	 61 	 0.000000 	 0.029315  	 0.029315 	 0.073953   	 0.396396  	 0.000000   
3 	 6 	 62 	 0.000000 	 0.098045  	 0.098045 	 0.247340   	 0.396396  	 0.000000   
3 	 6 	 65 	 0.000000 	 0.660196  	 0.660196 	 1.665494   	 0.396396  	 0.000000   
3 	 6 	 66 	 0.000000 	 0.025125  	 0.025125 	 0.063382   	 0.396396  	 0.000000   
3 	 6 	 75 	 0.000000 	 1.380650  	 1.380650 	 3.483003   	 0.396396  	 0.000000   
3 	 6 	 79 	 0.000000 	 0.081759  	 0.081759 	 0.206255   	 0.396396  	 0.000000   
3 	 6 	 84 	 0.000000 	 9.536683  	 9.536683 	 24.058451   	 0.396396  	 0.000000   
3 	 6 	 86 	 0.000000 	 0.870442  	 0.870442 	 2.195887   	 0.396396  	 0.000000   
3 	 6 	 95 	 0.000000 	 3.486610  	 3.486610 	 8.795767   	 0.396396  	 0.000000   
3 	 7 	 1 	 0.000000 	 47.690467  	 47.690467 	 79.897017   	 0.596899  	 0.000000   
3 	 7 	 2 	 0.000000 	 0.295664  	 0.480848 	 0.805577   	 0.596899  	 0.000000   
3 	 7 	 3 	 0.000000 	 0.654236  	 0.654236 	 1.096058   	 0.596899  	 0.000000   
3 	 7 	 4 	 0.000000 	 0.056453  	 0.185182 	 0.310240   	 0.596899  	 0.000000   
3 	 7 	 5 	 0.000000 	 0.588912  	 1.069761 	 1.792197   	 0.596899  	 0.000000   
3 	 7 	 6 	 0.000000 	 0.279991  	 0.279990 	 0.469074   	 0.596899  	 0.000000   
3 	 7 	 7 	 0.000000 	 0.001887  	 0.020298 	 0.034007   	 0.596899  	 0.000000   
3 	 7 	 8 	 0.000000 	 0.133398  	 0.206756 	 0.346384   	 0.596899  	 0.000000   
3 	 7 	 9 	 0.000000 	 2.655246  	 2.655246 	 4.448398   	 0.596899  	 0.000000   
3 	 7 	 10 	 0.000000 	 0.095418  	 0.128730 	 0.215664   	 0.596899  	 0.000000   
3 	 7 	 11 	 0.000000 	 2.697511  	 2.697509 	 4.519203   	 0.596899  	 0.000000   
3 	 7 	 12 	 0.000000 	 0.068874  	 0.080553 	 0.134953   	 0.596899  	 0.000000   
3 	 7 	 13 	 0.000000 	 0.058979  	 0.058979 	 0.098810   	 0.596899  	 0.000000   
3 	 7 	 14 	 0.000000 	 0.066000  	 0.184618 	 0.309295   	 0.596899  	 0.000000   
3 	 7 	 19 	 0.000000 	 0.429674  	 0.429667 	 0.719832   	 0.596899  	 0.000000   
3 	 7 	 21 	 0.000000 	 0.087915  	 0.087915 	 0.147287   	 0.596899  	 0.000000   
3 	 7 	 23 	 0.000000 	 0.107397  	 0.107397 	 0.179925   	 0.596899  	 0.000000   
3 	 7 	 24 	 0.000000 	 0.137758  	 0.137758 	 0.230790   	 0.596899  	 0.000000   
3 	 7 	 25 	 0.000000 	 3.977590  	 3.977558 	 6.663701   	 0.596899  	 0.000000   
3 	 7 	 26 	 0.000000 	 1.344100  	 1.344100 	 2.251804   	 0.596899  	 0.000000   
3 	 7 	 28 	 0.000000 	 0.366123  	 0.366123 	 0.613374   	 0.596899  	 0.000000   
3 	 7 	 31 	 0.000000 	 0.724651  	 0.724651 	 1.214025   	 0.596899  	 0.000000   
3 	 7 	 32 	 0.000000 	 0.044812  	 0.044812 	 0.075075   	 0.596899  	 0.000000   
3 	 7 	 33 	 0.000000 	 1.282985  	 1.282985 	 2.149416   	 0.596899  	 0.000000   
3 	 7 	 34 	 0.000000 	 0.120386  	 0.120386 	 0.201685   	 0.596899  	 0.000000   
3 	 7 	 35 	 0.000000 	 0.283416  	 0.283416 	 0.474814   	 0.596899  	 0.000000   
3 	 7 	 37 	 0.000000 	 0.107993  	 0.107993 	 0.180924   	 0.596899  	 0.000000   
3 	 7 	 40 	 0.000000 	 1.158355  	 1.158355 	 1.940621   	 0.596899  	 0.000000   
3 	 7 	 43 	 0.000000 	 0.104090  	 0.104090 	 0.174384   	 0.596899  	 0.000000   
3 	 7 	 44 	 0.000000 	 3.649658  	 3.649658 	 6.114362   	 0.596899  	 0.000000   
3 	 7 	 47 	 0.000000 	 0.652825  	 0.652825 	 1.093694   	 0.596899  	 0.000000   
3 	 7 	 48 	 0.000000 	 0.327282  	 0.327282 	 0.548303   	 0.596899  	 0.000000   
3 	 7 	 49 	 0.000000 	 0.059161  	 0.059161 	 0.099113   	 0.596899  	 0.000000   
3 	 7 	 50 	 0.000000 	 0.672242  	 0.672242 	 1.126223   	 0.596899  	 0.000000   
3 	 7 	 52 	 0.000000 	 0.035618  	 0.035618 	 0.059671   	 0.596899  	 0.000000   
3 	 7 	 53 	 0.000000 	 0.044686  	 0.044686 	 0.074864   	 0.596899  	 0.000000   
3 	 7 	 54 	 0.000000 	 0.422308  	 0.422308 	 0.707503   	 0.596899  	 0.000000   
3 	 7 	 55 	 0.000000 	 0.051209  	 0.051209 	 0.085791   	 0.596899  	 0.000000   
3 	 7 	 56 	 0.000000 	 0.132920  	 0.132920 	 0.222684   	 0.596899  	 0.000000   
3 	 7 	 57 	 0.000000 	 0.206623  	 0.206623 	 0.346160   	 0.596899  	 0.000000   
3 	 7 	 58 	 0.000000 	 0.075322  	 0.075322 	 0.126188   	 0.596899  	 0.000000   
3 	 7 	 59 	 0.000000 	 105.542043  	 105.542043 	 176.817189   	 0.596899  	 0.000000   
3 	 7 	 60 	 0.000000 	 0.227712  	 0.227712 	 0.381492   	 0.596899  	 0.000000   
3 	 7 	 61 	 0.000000 	 0.189116  	 0.189116 	 0.316830   	 0.596899  	 0.000000   
3 	 7 	 62 	 0.000000 	 0.082446  	 0.082446 	 0.138124   	 0.596899  	 0.000000   
3 	 7 	 66 	 0.000000 	 8.353906  	 8.353906 	 13.995504   	 0.596899  	 0.000000   
3 	 7 	 69 	 0.000000 	 0.645130  	 0.645130 	 1.080803   	 0.596899  	 0.000000   
3 	 7 	 72 	 0.000000 	 0.171177  	 0.171177 	 0.286777   	 0.596899  	 0.000000   
3 	 7 	 74 	 0.000000 	 0.140513  	 0.140513 	 0.235405   	 0.596899  	 0.000000   
3 	 7 	 75 	 0.000000 	 0.029492  	 0.029492 	 0.049409   	 0.596899  	 0.000000   
3 	 7 	 79 	 0.000000 	 0.134468  	 0.134468 	 0.225278   	 0.596899  	 0.000000   
3 	 7 	 80 	 0.000000 	 0.491944  	 0.491944 	 0.824166   	 0.596899  	 0.000000   
3 	 7 	 82 	 0.000000 	 120.132932  	 120.132932 	 201.261665   	 0.596899  	 0.000000   
3 	 7 	 84 	 0.000000 	 13.502909  	 13.502909 	 22.621757   	 0.596899  	 0.000000   
3 	 7 	 85 	 0.000000 	 0.055750  	 0.055750 	 0.093400   	 0.596899  	 0.000000   
3 	 7 	 86 	 0.000000 	 0.054986  	 0.054986 	 0.092119   	 0.596899  	 0.000000   
3 	 7 	 87 	 0.000000 	 0.019706  	 0.019706 	 0.033015   	 0.596899  	 0.000000   
3 	 7 	 88 	 0.000000 	 0.065053  	 0.065053 	 0.108984   	 0.596899  	 0.000000   
3 	 7 	 89 	 0.000000 	 0.641005  	 0.641005 	 1.073891   	 0.596899  	 0.000000   
3 	 7 	 90 	 0.000000 	 0.309397  	 0.309397 	 0.518340   	 0.596899  	 0.000000   
3 	 7 	 91 	 0.000000 	 0.068467  	 0.068467 	 0.114704   	 0.596899  	 0.000000   
3 	 7 	 96 	 0.000000 	 56.956812  	 56.956812 	 95.421153   	 0.596899  	 0.000000   
3 	 7 	 97 	 0.000000 	 0.026268  	 0.026268 	 0.044008   	 0.596899  	 0.000000   
3 	 7 	 98 	 0.000000 	 0.038695  	 0.038695 	 0.064827   	 0.596899  	 0.000000   
3 	 7 	 100 	 0.000000 	 0.061554  	 0.061554 	 0.103123   	 0.596899  	 0.000000   
4 	 1 	 2 	 0.000000 	 0.005205  	 0.005205 	 0.131081   	 0.039711  	 0.000000   
4 	 1 	 4 	 0.000000 	 0.023319  	 0.023318 	 0.587199   	 0.039711  	 0.000000   
4 	 1 	 10 	 0.000000 	 0.010404  	 0.010404 	 0.261993   	 0.039711  	 0.000000   
4 	 1 	 12 	 0.000000 	 0.003401  	 0.003401 	 0.085655   	 0.039711  	 0.000000   
4 	 1 	 33 	 0.000000 	 3.287205  	 3.287205 	 82.777797   	 0.039711  	 0.000000   
4 	 1 	 50 	 0.000000 	 0.016653  	 0.016653 	 0.419361   	 0.039711  	 0.000000   
4 	 1 	 59 	 0.000000 	 0.002050  	 0.002050 	 0.051619   	 0.039711  	 0.000000   
4 	 1 	 69 	 0.000000 	 0.011374  	 0.011374 	 0.286413   	 0.039711  	 0.000000   
4 	 1 	 89 	 0.000000 	 0.018147  	 0.018147 	 0.456965   	 0.039711  	 0.000000   
4 	 1 	 95 	 0.000000 	 0.292911  	 0.292911 	 7.376030   	 0.039711  	 0.000000   
4 	 2 	 1 	 0.000000 	 0.183454  	 0.183454 	 0.344597   	 0.532374  	 0.000000   
4 	 2 	 2 	 0.000000 	 0.085145  	 0.085144 	 0.159933   	 0.532374  	 0.000000   
4 	 2 	 3 	 0.000000 	 0.198307  	 0.198307 	 0.372495   	 0.532374  	 0.000000   
4 	 2 	 4 	 0.000000 	 2.774119  	 2.774113 	 5.210834   	 0.532374  	 0.000000   
4 	 2 	 5 	 0.000000 	 10.421815  	 10.421671 	 19.575841   	 0.532374  	 0.000000   
4 	 2 	 6 	 0.000000 	 0.000531  	 0.017674 	 0.033199   	 0.532374  	 0.000000   
4 	 2 	 7 	 0.000000 	 0.161054  	 0.161054 	 0.302521   	 0.532374  	 0.000000   
4 	 2 	 8 	 0.000000 	 0.580451  	 0.580450 	 1.090304   	 0.532374  	 0.000000   
4 	 2 	 9 	 0.000000 	 0.068535  	 0.068535 	 0.128736   	 0.532374  	 0.000000   
4 	 2 	 10 	 0.000000 	 0.087344  	 0.087344 	 0.164065   	 0.532374  	 0.000000   
4 	 2 	 11 	 0.000000 	 0.036412  	 0.054087 	 0.101596   	 0.532374  	 0.000000   
4 	 2 	 12 	 0.000000 	 0.258385  	 0.608852 	 1.143655   	 0.532374  	 0.000000   
4 	 2 	 13 	 0.000000 	 0.285886  	 0.285886 	 0.537001   	 0.532374  	 0.000000   
4 	 2 	 14 	 0.000000 	 0.062069  	 0.076739 	 0.144144   	 0.532374  	 0.000000   
4 	 2 	 15 	 0.000000 	 0.071544  	 0.097314 	 0.182793   	 0.532374  	 0.000000   
4 	 2 	 16 	 0.000000 	 0.383976  	 0.383976 	 0.721252   	 0.532374  	 0.000000   
4 	 2 	 17 	 0.000000 	 0.678656  	 0.713286 	 1.339821   	 0.532374  	 0.000000   
4 	 2 	 18 	 0.000000 	 0.140517  	 0.140517 	 0.263944   	 0.532374  	 0.000000   
4 	 2 	 19 	 0.000000 	 0.023307  	 0.023307 	 0.043779   	 0.532374  	 0.000000   
4 	 2 	 20 	 0.000000 	 0.347652  	 0.347652 	 0.653022   	 0.532374  	 0.000000   
4 	 2 	 21 	 0.000000 	 0.306126  	 0.306126 	 0.575020   	 0.532374  	 0.000000   
4 	 2 	 22 	 0.000000 	 34.866154  	 35.698269 	 67.054857   	 0.532374  	 0.000000   
4 	 2 	 23 	 0.000000 	 0.029048  	 0.110046 	 0.206708   	 0.532374  	 0.000000   
4 	 2 	 24 	 0.000000 	 1.071238  	 1.071238 	 2.012190   	 0.532374  	 0.000000   
4 	 2 	 25 	 0.000000 	 0.408763  	 0.567481 	 1.065943   	 0.532374  	 0.000000   
4 	 2 	 26 	 0.000000 	 0.096425  	 0.096425 	 0.181122   	 0.532374  	 0.000000   
4 	 2 	 27 	 0.000000 	 0.210519  	 0.210519 	 0.395435   	 0.532374  	 0.000000   
4 	 2 	 28 	 0.000000 	 173.060501  	 173.060501 	 325.073103   	 0.532374  	 0.000000   
4 	 2 	 30 	 0.000000 	 0.107318  	 0.107318 	 0.201584   	 0.532374  	 0.000000   
4 	 2 	 31 	 0.000000 	 0.048908  	 0.061205 	 0.114965   	 0.532374  	 0.000000   
4 	 2 	 32 	 0.000000 	 0.155195  	 0.155195 	 0.291515   	 0.532374  	 0.000000   
4 	 2 	 33 	 0.000000 	 84.261839  	 84.261839 	 158.275617   	 0.532374  	 0.000000   
4 	 2 	 34 	 0.000000 	 0.137324  	 0.137324 	 0.257947   	 0.532374  	 0.000000   
4 	 2 	 35 	 0.000000 	 0.032057  	 0.032057 	 0.060215   	 0.532374  	 0.000000   
4 	 2 	 37 	 0.000000 	 0.235917  	 0.235917 	 0.443142   	 0.532374  	 0.000000   
4 	 2 	 40 	 0.000000 	 0.111045  	 0.111045 	 0.208585   	 0.532374  	 0.000000   
4 	 2 	 43 	 0.000000 	 0.273774  	 0.273774 	 0.514252   	 0.532374  	 0.000000   
4 	 2 	 44 	 0.000000 	 0.204837  	 0.204837 	 0.384761   	 0.532374  	 0.000000   
4 	 2 	 47 	 0.000000 	 0.439497  	 0.439497 	 0.825542   	 0.532374  	 0.000000   
4 	 2 	 48 	 0.000000 	 1.494998  	 1.494998 	 2.808171   	 0.532374  	 0.000000   
4 	 2 	 49 	 0.000000 	 0.160535  	 0.160535 	 0.301545   	 0.532374  	 0.000000   
4 	 2 	 50 	 0.000000 	 0.218691  	 0.218691 	 0.410785   	 0.532374  	 0.000000   
4 	 2 	 54 	 0.000000 	 0.472016  	 0.472016 	 0.886624   	 0.532374  	 0.000000   
4 	 2 	 55 	 0.000000 	 6.225579  	 6.225579 	 11.693992   	 0.532374  	 0.000000   
4 	 2 	 56 	 0.000000 	 0.157342  	 0.157342 	 0.295548   	 0.532374  	 0.000000   
4 	 2 	 57 	 0.000000 	 0.138389  	 0.138389 	 0.259947   	 0.532374  	 0.000000   
4 	 2 	 58 	 0.000000 	 0.642350  	 0.642350 	 1.206577   	 0.532374  	 0.000000   
4 	 2 	 59 	 0.000000 	 1.452453  	 1.452453 	 2.728256   	 0.532374  	 0.000000   
4 	 2 	 60 	 0.000000 	 0.126374  	 0.126374 	 0.237378   	 0.532374  	 0.000000   
4 	 2 	 61 	 0.000000 	 1.032984  	 1.032984 	 1.940335   	 0.532374  	 0.000000   
4 	 2 	 63 	 0.000000 	 0.798764  	 0.798764 	 1.500381   	 0.532374  	 0.000000   
4 	 2 	 72 	 0.000000 	 0.196279  	 0.196279 	 0.368687   	 0.532374  	 0.000000   
4 	 2 	 74 	 0.000000 	 0.339840  	 0.339840 	 0.638348   	 0.532374  	 0.000000   
4 	 2 	 75 	 0.000000 	 0.217773  	 0.217773 	 0.409059   	 0.532374  	 0.000000   
4 	 2 	 76 	 0.000000 	 0.138397  	 0.138397 	 0.259962   	 0.532374  	 0.000000   
4 	 2 	 80 	 0.000000 	 0.315753  	 0.315753 	 0.593103   	 0.532374  	 0.000000   
4 	 2 	 82 	 0.000000 	 0.070682  	 0.070682 	 0.132768   	 0.532374  	 0.000000   
4 	 2 	 84 	 0.000000 	 0.461121  	 0.461121 	 0.866160   	 0.532374  	 0.000000   
4 	 2 	 85 	 0.000000 	 0.272003  	 0.272003 	 0.510924   	 0.532374  	 0.000000   
4 	 2 	 86 	 0.000000 	 37.581311  	 37.581311 	 70.591923   	 0.532374  	 0.000000   
4 	 2 	 87 	 0.000000 	 0.022943  	 0.022943 	 0.043095   	 0.532374  	 0.000000   
4 	 2 	 88 	 0.000000 	 0.101946  	 0.101946 	 0.191494   	 0.532374  	 0.000000   
4 	 2 	 90 	 0.000000 	 0.023080  	 0.023080 	 0.043353   	 0.532374  	 0.000000   
4 	 2 	 91 	 0.000000 	 25.463944  	 25.463944 	 47.830922   	 0.532374  	 0.000000   
4 	 2 	 95 	 0.000000 	 0.070329  	 0.070329 	 0.132104   	 0.532374  	 0.000000   
4 	 2 	 96 	 0.000000 	 0.047367  	 0.047367 	 0.088974   	 0.532374  	 0.000000   
4 	 2 	 97 	 0.000000 	 1.571339  	 1.571339 	 2.951569   	 0.532374  	 0.000000   
4 	 2 	 98 	 0.000000 	 0.044419  	 0.044419 	 0.083436   	 0.532374  	 0.000000   
4 	 2 	 100 	 0.000000 	 0.231448  	 0.231448 	 0.434747   	 0.532374  	 0.000000   
4 	 3 	 1 	 0.000000 	 0.130555  	 0.130555 	 0.238071   	 0.548387  	 0.000000   
4 	 3 	 2 	 0.000000 	 0.041646  	 0.119612 	 0.218116   	 0.548387  	 0.000000   
4 	 3 	 3 	 0.000000 	 0.052224  	 0.077968 	 0.142177   	 0.548387  	 0.000000   
4 	 3 	 4 	 0.000000 	 0.076597  	 0.155690 	 0.283905   	 0.548387  	 0.000000   
4 	 3 	 5 	 0.000000 	 0.014860  	 0.025744 	 0.046944   	 0.548387  	 0.000000   
4 	 3 	 6 	 0.000000 	 0.123378  	 0.147383 	 0.268758   	 0.548387  	 0.000000   
4 	 3 	 7 	 0.000000 	 0.059137  	 0.079093 	 0.144228   	 0.548387  	 0.000000   
4 	 3 	 8 	 0.000000 	 0.170798  	 0.170798 	 0.311455   	 0.548387  	 0.000000   
4 	 3 	 9 	 0.000000 	 0.083494  	 0.083494 	 0.152254   	 0.548387  	 0.000000   
4 	 3 	 10 	 0.000000 	 0.077207  	 0.153181 	 0.279330   	 0.548387  	 0.000000   
4 	 3 	 11 	 0.000000 	 0.056352  	 0.056351 	 0.102759   	 0.548387  	 0.000000   
4 	 3 	 12 	 0.000000 	 0.096674  	 0.128432 	 0.234200   	 0.548387  	 0.000000   
4 	 3 	 13 	 0.000000 	 0.034983  	 0.053077 	 0.096787   	 0.548387  	 0.000000   
4 	 3 	 14 	 0.000000 	 0.202261  	 0.202261 	 0.368829   	 0.548387  	 0.000000   
4 	 3 	 15 	 0.000000 	 0.011701  	 0.027609 	 0.050346   	 0.548387  	 0.000000   
4 	 3 	 16 	 0.000000 	 0.064726  	 0.064726 	 0.118030   	 0.548387  	 0.000000   
4 	 3 	 17 	 0.000000 	 0.160457  	 0.160455 	 0.292595   	 0.548387  	 0.000000   
4 	 3 	 18 	 0.000000 	 0.050944  	 0.099880 	 0.182135   	 0.548387  	 0.000000   
4 	 3 	 19 	 0.000000 	 0.025578  	 0.066127 	 0.120585   	 0.548387  	 0.000000   
4 	 3 	 20 	 0.000000 	 0.551689  	 0.551689 	 1.006021   	 0.548387  	 0.000000   
4 	 3 	 22 	 0.000000 	 0.307559  	 0.307400 	 0.560553   	 0.548387  	 0.000000   
4 	 3 	 25 	 0.000000 	 0.106196  	 0.106195 	 0.193650   	 0.548387  	 0.000000   
4 	 3 	 27 	 0.000000 	 0.267201  	 0.267201 	 0.487249   	 0.548387  	 0.000000   
4 	 3 	 28 	 0.000000 	 0.185660  	 0.185660 	 0.338556   	 0.548387  	 0.000000   
4 	 3 	 30 	 0.000000 	 27.139542  	 27.139542 	 49.489752   	 0.548387  	 0.000000   
4 	 3 	 32 	 0.000000 	 0.169493  	 0.169493 	 0.309076   	 0.548387  	 0.000000   
4 	 3 	 33 	 0.000000 	 0.402874  	 0.402874 	 0.734653   	 0.548387  	 0.000000   
4 	 3 	 40 	 0.000000 	 1.843328  	 1.843328 	 3.361362   	 0.548387  	 0.000000   
4 	 3 	 47 	 0.000000 	 0.083110  	 0.083110 	 0.151554   	 0.548387  	 0.000000   
4 	 3 	 48 	 0.000000 	 0.234907  	 0.234907 	 0.428359   	 0.548387  	 0.000000   
4 	 3 	 56 	 0.000000 	 1.010217  	 1.010217 	 1.842161   	 0.548387  	 0.000000   
4 	 3 	 60 	 0.000000 	 0.412549  	 0.412549 	 0.752295   	 0.548387  	 0.000000   
4 	 3 	 63 	 0.000000 	 0.798041  	 0.798041 	 1.455251   	 0.548387  	 0.000000   
4 	 3 	 69 	 0.000000 	 0.022440  	 0.022440 	 0.040921   	 0.548387  	 0.000000   
4 	 3 	 75 	 0.000000 	 0.440306  	 0.440306 	 0.802910   	 0.548387  	 0.000000   
4 	 3 	 76 	 0.000000 	 0.101797  	 0.101797 	 0.185629   	 0.548387  	 0.000000   
4 	 3 	 80 	 0.000000 	 0.359696  	 0.359696 	 0.655916   	 0.548387  	 0.000000   
4 	 3 	 82 	 0.000000 	 0.164545  	 0.164545 	 0.300053   	 0.548387  	 0.000000   
4 	 3 	 84 	 0.000000 	 0.026553  	 0.026553 	 0.048420   	 0.548387  	 0.000000   
4 	 3 	 91 	 0.000000 	 0.120894  	 0.120894 	 0.220453   	 0.548387  	 0.000000   
4 	 3 	 100 	 0.000000 	 1.106175  	 1.106175 	 2.017142   	 0.548387  	 0.000000   
4 	 4 	 1 	 0.000000 	 0.001425  	 0.004102 	 0.043579   	 0.094118  	 0.000000   
4 	 4 	 2 	 0.000000 	 0.166554  	 0.184598 	 1.961357   	 0.094118  	 0.000000   
4 	 4 	 14 	 0.000000 	 0.005535  	 0.005535 	 0.058808   	 0.094118  	 0.000000   
4 	 4 	 17 	 0.000000 	 0.007552  	 0.007552 	 0.080240   	 0.094118  	 0.000000   
4 	 5 	 1 	 0.000000 	 0.078120  	 0.078120 	 0.213981   	 0.365079  	 0.000000   
4 	 5 	 3 	 0.000000 	 0.056065  	 0.056065 	 0.153568   	 0.365079  	 0.000000   
4 	 5 	 17 	 0.000000 	 0.019387  	 0.019387 	 0.053103   	 0.365079  	 0.000000   
4 	 5 	 19 	 0.000000 	 0.018806  	 0.018806 	 0.051513   	 0.365079  	 0.000000   
4 	 5 	 20 	 0.000000 	 0.082367  	 0.082367 	 0.225614   	 0.365079  	 0.000000   
4 	 5 	 46 	 0.000000 	 0.040406  	 0.040406 	 0.110679   	 0.365079  	 0.000000   
4 	 5 	 47 	 0.000000 	 0.531774  	 0.531774 	 1.456597   	 0.365079  	 0.000000   
4 	 5 	 53 	 0.000000 	 0.026258  	 0.026258 	 0.071924   	 0.365079  	 0.000000   
4 	 5 	 65 	 0.000000 	 0.129936  	 0.129936 	 0.355913   	 0.365079  	 0.000000   
4 	 5 	 75 	 0.000000 	 0.069146  	 0.069146 	 0.189399   	 0.365079  	 0.000000   
4 	 5 	 86 	 0.000000 	 0.034279  	 0.034279 	 0.093895   	 0.365079  	 0.000000   
4 	 6 	 1 	 0.000000 	 13.496022  	 13.496022 	 34.046782   	 0.396396  	 0.000000   
4 	 6 	 2 	 0.000000 	 2.912961  	 2.912961 	 7.348607   	 0.396396  	 0.000000   
4 	 6 	 3 	 0.000000 	 0.033071  	 0.056440 	 0.142382   	 0.396396  	 0.000000   
4 	 6 	 4 	 0.000000 	 0.961823  	 1.018262 	 2.568798   	 0.396396  	 0.000000   
4 	 6 	 5 	 0.000000 	 0.005321  	 0.018949 	 0.047804   	 0.396396  	 0.000000   
4 	 6 	 6 	 0.000000 	 0.169580  	 0.192589 	 0.485848   	 0.396396  	 0.000000   
4 	 6 	 7 	 0.000000 	 0.121137  	 0.144895 	 0.365529   	 0.396396  	 0.000000   
4 	 6 	 8 	 0.000000 	 0.031567  	 0.031567 	 0.079636   	 0.396396  	 0.000000   
4 	 6 	 9 	 0.000000 	 2.455313  	 2.455313 	 6.194085   	 0.396396  	 0.000000   
4 	 6 	 10 	 0.000000 	 0.085312  	 0.085312 	 0.215218   	 0.396396  	 0.000000   
4 	 6 	 11 	 0.000000 	 0.188976  	 0.188976 	 0.476734   	 0.396396  	 0.000000   
4 	 6 	 12 	 0.000000 	 0.012151  	 0.023369 	 0.058953   	 0.396396  	 0.000000   
4 	 6 	 13 	 0.000000 	 0.023262  	 0.036681 	 0.092537   	 0.396396  	 0.000000   
4 	 6 	 17 	 0.000000 	 0.407846  	 0.469661 	 1.184827   	 0.396396  	 0.000000   
4 	 6 	 19 	 0.000000 	 0.672624  	 0.766399 	 1.933416   	 0.396396  	 0.000000   
4 	 6 	 20 	 0.000000 	 0.258281  	 0.258281 	 0.651572   	 0.396396  	 0.000000   
4 	 6 	 21 	 0.000000 	 0.003645  	 0.016954 	 0.042771   	 0.396396  	 0.000000   
4 	 6 	 31 	 0.000000 	 0.600468  	 0.600468 	 1.514817   	 0.396396  	 0.000000   
4 	 6 	 37 	 0.000000 	 0.304470  	 0.304470 	 0.768095   	 0.396396  	 0.000000   
4 	 6 	 46 	 0.000000 	 0.040121  	 0.040121 	 0.101214   	 0.396396  	 0.000000   
4 	 6 	 47 	 0.000000 	 0.128345  	 0.128345 	 0.323779   	 0.396396  	 0.000000   
4 	 6 	 52 	 0.000000 	 0.083362  	 0.083362 	 0.210298   	 0.396396  	 0.000000   
4 	 6 	 53 	 0.000000 	 0.027758  	 0.027758 	 0.070026   	 0.396396  	 0.000000   
4 	 6 	 54 	 0.000000 	 1.164446  	 1.164446 	 2.937580   	 0.396396  	 0.000000   
4 	 6 	 55 	 0.000000 	 0.070270  	 0.070270 	 0.177272   	 0.396396  	 0.000000   
4 	 6 	 60 	 0.000000 	 0.027209  	 0.027209 	 0.068640   	 0.396396  	 0.000000   
4 	 6 	 61 	 0.000000 	 0.029315  	 0.029315 	 0.073953   	 0.396396  	 0.000000   
4 	 6 	 62 	 0.000000 	 0.098045  	 0.098045 	 0.247340   	 0.396396  	 0.000000   
4 	 6 	 65 	 0.000000 	 0.660196  	 0.660196 	 1.665494   	 0.396396  	 0.000000   
4 	 6 	 66 	 0.000000 	 0.025125  	 0.025125 	 0.063382   	 0.396396  	 0.000000   
4 	 6 	 75 	 0.000000 	 1.380650  	 1.380650 	 3.483003   	 0.396396  	 0.000000   
4 	 6 	 79 	 0.000000 	 0.081759  	 0.081759 	 0.206255   	 0.396396  	 0.000000   
4 	 6 	 84 	 0.000000 	 9.536683  	 9.536683 	 24.058451   	 0.396396  	 0.000000   
4 	 6 	 86 	 0.000000 	 0.870442  	 0.870442 	 2.195887   	 0.396396  	 0.000000   
4 	 6 	 95 	 0.000000 	 3.486610  	 3.486610 	 8.795767   	 0.396396  	 0.000000   
4 	 7 	 1 	 0.000000 	 47.690467  	 47.690467 	 79.897017   	 0.596899  	 0.000000   
4 	 7 	 2 	 0.000000 	 0.295664  	 0.480848 	 0.805577   	 0.596899  	 0.000000   
4 	 7 	 3 	 0.000000 	 0.654236  	 0.654236 	 1.096058   	 0.596899  	 0.000000   
4 	 7 	 4 	 0.000000 	 0.056453  	 0.185182 	 0.310240   	 0.596899  	 0.000000   
4 	 7 	 5 	 0.000000 	 0.588912  	 1.069761 	 1.792197   	 0.596899  	 0.000000   
4 	 7 	 6 	 0.000000 	 0.279991  	 0.279990 	 0.469074   	 0.596899  	 0.000000   
4 	 7 	 7 	 0.000000 	 0.001887  	 0.020298 	 0.034007   	 0.596899  	 0.000000   
4 	 7 	 8 	 0.000000 	 0.133398  	 0.206756 	 0.346384   	 0.596899  	 0.000000   
4 	 7 	 9 	 0.000000 	 2.655246  	 2.655246 	 4.448398   	 0.596899  	 0.000000   
4 	 7 	 10 	 0.000000 	 0.095418  	 0.128730 	 0.215664   	 0.596899  	 0.000000   
4 	 7 	 11 	 0.000000 	 2.697511  	 2.697509 	 4.519203   	 0.596899  	 0.000000   
4 	 7 	 12 	 0.000000 	 0.068874  	 0.080553 	 0.134953   	 0.596899  	 0.000000   
4 	 7 	 13 	 0.000000 	 0.058979  	 0.058979 	 0.098810   	 0.596899  	 0.000000   
4 	 7 	 14 	 0.000000 	 0.066000  	 0.184618 	 0.309295   	 0.596899  	 0.000000   
4 	 7 	 19 	 0.000000 	 0.429674  	 0.429667 	 0.719832   	 0.596899  	 0.000000   
4 	 7 	 21 	 0.000000 	 0.087915  	 0.087915 	 0.147287   	 0.596899  	 0.000000   
4 	 7 	 23 	 0.000000 	 0.107397  	 0.107397 	 0.179925   	 0.596899  	 0.000000   
4 	 7 	 24 	 0.000000 	 0.137758  	 0.137758 	 0.230790   	 0.596899  	 0.000000   
4 	 7 	 25 	 0.000000 	 3.977590  	 3.977558 	 6.663701   	 0.596899  	 0.000000   
4 	 7 	 26 	 0.000000 	 1.344100  	 1.344100 	 2.251804   	 0.596899  	 0.000000   
4 	 7 	 28 	 0.000000 	 0.366123  	 0.366123 	 0.613374   	 0.596899  	 0.000000   
4 	 7 	 31 	 0.000000 	 0.724651  	 0.724651 	 1.214025   	 0.596899  	 0.000000   
4 	 7 	 32 	 0.000000 	 0.044812  	 0.044812 	 0.075075   	 0.596899  	 0.000000   
4 	 7 	 33 	 0.000000 	 1.282985  	 1.282985 	 2.149416   	 0.596899  	 0.000000   
4 	 7 	 34 	 0.000000 	 0.120386  	 0.120386 	 0.201685   	 0.596899  	 0.000000   
4 	 7 	 35 	 0.000000 	 0.283416  	 0.283416 	 0.474814   	 0.596899  	 0.000000   
4 	 7 	 37 	 0.000000 	 0.107993  	 0.107993 	 0.180924   	 0.596899  	 0.000000   
4 	 7 	 40 	 0.000000 	 1.158355  	 1.158355 	 1.940621   	 0.596899  	 0.000000   
4 	 7 	 43 	 0.000000 	 0.104090  	 0.104090 	 0.174384   	 0.596899  	 0.000000   
4 	 7 	 44 	 0.000000 	 3.649658  	 3.649658 	 6.114362   	 0.596899  	 0.000000   
4 	 7 	 47 	 0.000000 	 0.652825  	 0.652825 	 1.093694   	 0.596899  	 0.000000   
4 	 7 	 48 	 0.000000 	 0.327282  	 0.327282 	 0.548303   	 0.596899  	 0.000000   
4 	 7 	 49 	 0.000000 	 0.059161  	 0.059161 	 0.099113   	 0.596899  	 0.000000   
4 	 7 	 50 	 0.000000 	 0.672242  	 0.672242 	 1.126223   	 0.596899  	 0.000000   
4 	 7 	 52 	 0.000000 	 0.035618  	 0.035618 	 0.059671   	 0.596899  	 0.000000   
4 	 7 	 53 	 0.000000 	 0.044686  	 0.044686 	 0.074864   	 0.596899  	 0.000000   
4 	 7 	 54 	 0.000000 	 0.422308  	 0.422308 	 0.707503   	 0.596899  	 0.000000   
4 	 7 	 55 	 0.000000 	 0.051209  	 0.051209 	 0.085791   	 0.596899  	 0.000000   
4 	 7 	 56 	 0.000000 	 0.132920  	 0.132920 	 0.222684   	 0.596899  	 0.000000   
4 	 7 	 57 	 0.000000 	 0.206623  	 0.206623 	 0.346160   	 0.596899  	 0.000000   
4 	 7 	 58 	 0.000000 	 0.075322  	 0.075322 	 0.126188   	 0.596899  	 0.000000   
4 	 7 	 59 	 0.000000 	 105.542043  	 105.542043 	 176.817189   	 0.596899  	 0.000000   
4 	 7 	 60 	 0.000000 	 0.227712  	 0.227712 	 0.381492   	 0.596899  	 0.000000   
4 	 7 	 61 	 0.000000 	 0.189116  	 0.189116 	 0.316830   	 0.596899  	 0.000000   
4 	 7 	 62 	 0.000000 	 0.082446  	 0.082446 	 0.138124   	 0.596899  	 0.000000   
4 	 7 	 66 	 0.000000 	 8.353906  	 8.353906 	 13.995504   	 0.596899  	 0.000000   
4 	 7 	 69 	 0.000000 	 0.645130  	 0.645130 	 1.080803   	 0.596899  	 0.000000   
4 	 7 	 72 	 0.000000 	 0.171177  	 0.171177 	 0.286777   	 0.596899  	 0.000000   
4 	 7 	 74 	 0.000000 	 0.140513  	 0.140513 	 0.235405   	 0.596899  	 0.000000   
4 	 7 	 75 	 0.000000 	 0.029492  	 0.029492 	 0.049409   	 0.596899  	 0.000000   
4 	 7 	 79 	 0.000000 	 0.134468  	 0.134468 	 0.225278   	 0.596899  	 0.000000   
4 	 7 	 80 	 0.000000 	 0.491944  	 0.491944 	 0.824166   	 0.596899  	 0.000000   
4 	 7 	 82 	 0.000000 	 120.132932  	 120.132932 	 201.261665   	 0.596899  	 0.000000   
4 	 7 	 84 	 0.000000 	 13.502909  	 13.502909 	 22.621757   	 0.596899  	 0.000000   
4 	 7 	 85 	 0.000000 	 0.055750  	 0.055750 	 0.093400   	 0.596899  	 0.000000   
4 	 7 	 86 	 0.000000 	 0.054986  	 0.054986 	 0.092119   	 0.596899  	 0.000000   
4 	 7 	 87 	 0.000000 	 0.019706  	 0.019706 	 0.033015   	 0.596899  	 0.000000   
4 	 7 	 88 	 0.000000 	 0.065053  	 0.065053 	 0.108984   	 0.596899  	 0.000000   
4 	 7 	 89 	 0.000000 	 0.641005  	 0.641005 	 1.073891   	 0.596899  	 0.000000   
4 	 7 	 90 	 0.000000 	 0.309397  	 0.309397 	 0.518340   	 0.596899  	 0.000000   
4 	 7 	 91 	 0.000000 	 0.068467  	 0.068467 	 0.114704   	 0.596899  	 0.000000   
4 	 7 	 96 	 0.000000 	 56.956812  	 56.956812 	 95.421153   	 0.596899  	 0.000000   
4 	 7 	 97 	 0.000000 	 0.026268  	 0.026268 	 0.044008   	 0.596899  	 0.000000   
4 	 7 	 98 	 0.000000 	 0.038695  	 0.038695 	 0.064827   	 0.596899  	 0.000000   
4 	 7 	 100 	 0.000000 	 0.061554  	 0.061554 	 0.103123   	 0.596899  	 0.000000   
