1  	 4 	 48 	 2.562758 	 0.832088 	 157227.917596 
1  	 4 	 47 	 3.690346 	 0.201708 	 47715.492264 
1  	 4 	 5 	 6.157099 	 0.026058 	 6680.204852 
1  	 4 	 23 	 4.514097 	 0.090313 	 22453.506228 
1  	 4 	 4 	 6.297518 	 0.023804 	 6109.075113 
1  	 4 	 38 	 4.303891 	 0.109076 	 26884.554101 
1  	 4 	 45 	 3.349210 	 0.297210 	 67574.233899 
1  	 4 	 49 	 6.151619 	 0.026129 	 6698.180852 
1  	 4 	 16 	 6.044949 	 0.027786 	 7117.246646 
1  	 4 	 40 	 4.360844 	 0.102793 	 25409.112138 
2  	 4 	 48 	 2.562758 	 0.832088 	 157227.917596 
2  	 4 	 47 	 3.690346 	 0.201708 	 47715.492264 
2  	 4 	 5 	 6.157099 	 0.026058 	 6680.204852 
2  	 4 	 23 	 4.514097 	 0.090313 	 22453.506228 
2  	 4 	 4 	 6.297518 	 0.023804 	 6109.075113 
2  	 4 	 38 	 4.303891 	 0.109076 	 26884.554101 
2  	 4 	 45 	 3.349210 	 0.297210 	 67574.233899 
2  	 4 	 49 	 6.151619 	 0.026129 	 6698.180852 
2  	 4 	 16 	 6.044949 	 0.027786 	 7117.246646 
2  	 4 	 40 	 4.360844 	 0.102793 	 25409.112138 
3  	 4 	 48 	 2.562758 	 0.832088 	 157227.917596 
3  	 4 	 47 	 3.690346 	 0.201708 	 47715.492264 
3  	 4 	 5 	 6.157099 	 0.026058 	 6680.204852 
3  	 4 	 23 	 4.514097 	 0.090313 	 22453.506228 
3  	 4 	 4 	 6.297518 	 0.023804 	 6109.075113 
3  	 4 	 38 	 4.303891 	 0.109076 	 26884.554101 
3  	 4 	 45 	 3.349210 	 0.297210 	 67574.233899 
3  	 4 	 49 	 6.151619 	 0.026129 	 6698.180852 
3  	 4 	 16 	 6.044949 	 0.027786 	 7117.246646 
3  	 4 	 40 	 4.360844 	 0.102793 	 25409.112138 
4  	 4 	 48 	 2.562758 	 0.832088 	 157227.917596 
4  	 4 	 47 	 3.690346 	 0.201708 	 47715.492264 
4  	 4 	 5 	 6.157099 	 0.026058 	 6680.204852 
4  	 4 	 23 	 4.514097 	 0.090313 	 22453.506228 
4  	 4 	 4 	 6.297518 	 0.023804 	 6109.075113 
4  	 4 	 38 	 4.303891 	 0.109076 	 26884.554101 
4  	 4 	 45 	 3.349210 	 0.297210 	 67574.233899 
4  	 4 	 49 	 6.151619 	 0.026129 	 6698.180852 
4  	 4 	 16 	 6.044949 	 0.027786 	 7117.246646 
4  	 4 	 40 	 4.360844 	 0.102793 	 25409.112138 
5  	 4 	 48 	 2.562758 	 0.832088 	 157227.917596 
5  	 4 	 47 	 3.690346 	 0.201708 	 47715.492264 
5  	 4 	 5 	 6.157099 	 0.026058 	 6680.204852 
5  	 4 	 23 	 4.514097 	 0.090313 	 22453.506228 
5  	 4 	 4 	 6.297518 	 0.023804 	 6109.075113 
5  	 4 	 38 	 4.303891 	 0.109076 	 26884.554101 
5  	 4 	 45 	 3.349210 	 0.297210 	 67574.233899 
5  	 4 	 49 	 6.151619 	 0.026129 	 6698.180852 
5  	 4 	 16 	 6.044949 	 0.027786 	 7117.246646 
5  	 4 	 40 	 4.360844 	 0.102793 	 25409.112138 
6  	 4 	 48 	 2.562758 	 0.832088 	 157227.917596 
6  	 4 	 47 	 3.690346 	 0.201708 	 47715.492264 
6  	 4 	 5 	 6.157099 	 0.026058 	 6680.204852 
6  	 4 	 23 	 4.514097 	 0.090313 	 22453.506228 
6  	 4 	 4 	 6.297518 	 0.023804 	 6109.075113 
6  	 4 	 38 	 4.303891 	 0.109076 	 26884.554101 
6  	 4 	 45 	 3.349210 	 0.297210 	 67574.233899 
6  	 4 	 49 	 6.151619 	 0.026129 	 6698.180852 
6  	 4 	 16 	 6.044949 	 0.027786 	 7117.246646 
6  	 4 	 40 	 4.360844 	 0.102793 	 25409.112138 
7  	 4 	 48 	 2.562758 	 0.832088 	 157227.917596 
7  	 4 	 47 	 3.690346 	 0.201708 	 47715.492264 
7  	 4 	 5 	 6.157099 	 0.026058 	 6680.204852 
7  	 4 	 23 	 4.514097 	 0.090313 	 22453.506228 
7  	 4 	 4 	 6.297518 	 0.023804 	 6109.075113 
7  	 4 	 38 	 4.303891 	 0.109076 	 26884.554101 
7  	 4 	 45 	 3.349210 	 0.297210 	 67574.233899 
7  	 4 	 49 	 6.151619 	 0.026129 	 6698.180852 
7  	 4 	 16 	 6.044949 	 0.027786 	 7117.246646 
7  	 4 	 40 	 4.360844 	 0.102793 	 25409.112138 
8  	 4 	 48 	 2.562758 	 0.832088 	 157227.917596 
8  	 4 	 47 	 3.690346 	 0.201708 	 47715.492264 
8  	 4 	 5 	 6.157099 	 0.026058 	 6680.204852 
8  	 4 	 23 	 4.514097 	 0.090313 	 22453.506228 
8  	 4 	 4 	 6.297518 	 0.023804 	 6109.075113 
8  	 4 	 38 	 4.303891 	 0.109076 	 26884.554101 
8  	 4 	 45 	 3.349210 	 0.297210 	 67574.233899 
8  	 4 	 49 	 6.151619 	 0.026129 	 6698.180852 
8  	 4 	 16 	 6.044949 	 0.027786 	 7117.246646 
8  	 4 	 40 	 4.360844 	 0.102793 	 25409.112138 
9  	 4 	 48 	 2.562758 	 0.832088 	 157227.917596 
9  	 4 	 47 	 3.690346 	 0.201708 	 47715.492264 
9  	 4 	 5 	 6.157099 	 0.026058 	 6680.204852 
9  	 4 	 23 	 4.514097 	 0.090313 	 22453.506228 
9  	 4 	 4 	 6.297518 	 0.023804 	 6109.075113 
9  	 4 	 38 	 4.303891 	 0.109076 	 26884.554101 
9  	 4 	 45 	 3.349210 	 0.297210 	 67574.233899 
9  	 4 	 49 	 6.151619 	 0.026129 	 6698.180852 
9  	 4 	 16 	 6.044949 	 0.027786 	 7117.246646 
9  	 4 	 40 	 4.360844 	 0.102793 	 25409.112138 
10  	 4 	 48 	 2.562758 	 0.832088 	 157227.917596 
10  	 4 	 47 	 3.690346 	 0.201708 	 47715.492264 
10  	 4 	 5 	 6.157099 	 0.026058 	 6680.204852 
10  	 4 	 23 	 4.514097 	 0.090313 	 22453.506228 
10  	 4 	 4 	 6.297518 	 0.023804 	 6109.075113 
10  	 4 	 38 	 4.303891 	 0.109076 	 26884.554101 
10  	 4 	 45 	 3.349210 	 0.297210 	 67574.233899 
10  	 4 	 49 	 6.151619 	 0.026129 	 6698.180852 
10  	 4 	 16 	 6.044949 	 0.027786 	 7117.246646 
10  	 4 	 40 	 4.360844 	 0.102793 	 25409.112138 
11  	 4 	 48 	 2.562758 	 0.832088 	 157227.917596 
11  	 4 	 47 	 3.690346 	 0.201708 	 47715.492264 
11  	 4 	 5 	 6.157099 	 0.026058 	 6680.204852 
11  	 4 	 23 	 4.514097 	 0.090313 	 22453.506228 
11  	 4 	 4 	 6.297518 	 0.023804 	 6109.075113 
11  	 4 	 38 	 4.303891 	 0.109076 	 26884.554101 
11  	 4 	 45 	 3.349210 	 0.297210 	 67574.233899 
11  	 4 	 49 	 6.151619 	 0.026129 	 6698.180852 
11  	 4 	 16 	 6.044949 	 0.027786 	 7117.246646 
11  	 4 	 40 	 4.360844 	 0.102793 	 25409.112138 
12  	 4 	 48 	 2.562758 	 0.832088 	 157227.917596 
12  	 4 	 47 	 3.690346 	 0.201708 	 47715.492264 
12  	 4 	 5 	 6.157099 	 0.026058 	 6680.204852 
12  	 4 	 23 	 4.514097 	 0.090313 	 22453.506228 
12  	 4 	 4 	 6.297518 	 0.023804 	 6109.075113 
12  	 4 	 38 	 4.303891 	 0.109076 	 26884.554101 
12  	 4 	 45 	 3.349210 	 0.297210 	 67574.233899 
12  	 4 	 49 	 6.151619 	 0.026129 	 6698.180852 
12  	 4 	 16 	 6.044949 	 0.027786 	 7117.246646 
12  	 4 	 40 	 4.360844 	 0.102793 	 25409.112138 
13  	 4 	 48 	 2.562758 	 0.832088 	 157227.917596 
13  	 4 	 47 	 3.690346 	 0.201708 	 47715.492264 
13  	 4 	 5 	 6.157099 	 0.026058 	 6680.204852 
13  	 4 	 23 	 4.514097 	 0.090313 	 22453.506228 
13  	 4 	 4 	 6.297518 	 0.023804 	 6109.075113 
13  	 4 	 38 	 4.303891 	 0.109076 	 26884.554101 
13  	 4 	 45 	 3.349210 	 0.297210 	 67574.233899 
13  	 4 	 49 	 6.151619 	 0.026129 	 6698.180852 
13  	 4 	 16 	 6.044949 	 0.027786 	 7117.246646 
13  	 4 	 40 	 4.360844 	 0.102793 	 25409.112138 
14  	 4 	 48 	 2.562758 	 0.832088 	 157227.917596 
14  	 4 	 47 	 3.690346 	 0.201708 	 47715.492264 
14  	 4 	 5 	 6.157099 	 0.026058 	 6680.204852 
14  	 4 	 23 	 4.514097 	 0.090313 	 22453.506228 
14  	 4 	 4 	 6.297518 	 0.023804 	 6109.075113 
14  	 4 	 38 	 4.303891 	 0.109076 	 26884.554101 
14  	 4 	 45 	 3.349210 	 0.297210 	 67574.233899 
14  	 4 	 49 	 6.151619 	 0.026129 	 6698.180852 
14  	 4 	 16 	 6.044949 	 0.027786 	 7117.246646 
14  	 4 	 40 	 4.360844 	 0.102793 	 25409.112138 
15  	 4 	 48 	 2.562758 	 0.832088 	 157227.917596 
15  	 4 	 47 	 3.690346 	 0.201708 	 47715.492264 
15  	 4 	 5 	 6.157099 	 0.026058 	 6680.204852 
15  	 4 	 23 	 4.514097 	 0.090313 	 22453.506228 
15  	 4 	 4 	 6.297518 	 0.023804 	 6109.075113 
15  	 4 	 38 	 4.303891 	 0.109076 	 26884.554101 
15  	 4 	 45 	 3.349210 	 0.297210 	 67574.233899 
15  	 4 	 49 	 6.151619 	 0.026129 	 6698.180852 
15  	 4 	 16 	 6.044949 	 0.027786 	 7117.246646 
15  	 4 	 40 	 4.360844 	 0.102793 	 25409.112138 
16  	 4 	 48 	 2.562758 	 0.832088 	 157227.917596 
16  	 4 	 47 	 3.690346 	 0.201708 	 47715.492264 
16  	 4 	 5 	 6.157099 	 0.026058 	 6680.204852 
16  	 4 	 23 	 4.514097 	 0.090313 	 22453.506228 
16  	 4 	 4 	 6.297518 	 0.023804 	 6109.075113 
16  	 4 	 38 	 4.303891 	 0.109076 	 26884.554101 
16  	 4 	 45 	 3.349210 	 0.297210 	 67574.233899 
16  	 4 	 49 	 6.151619 	 0.026129 	 6698.180852 
16  	 4 	 16 	 6.044949 	 0.027786 	 7117.246646 
16  	 4 	 40 	 4.360844 	 0.102793 	 25409.112138 
17  	 4 	 48 	 2.562758 	 0.832088 	 157227.917596 
17  	 4 	 47 	 3.690346 	 0.201708 	 47715.492264 
17  	 4 	 5 	 6.157099 	 0.026058 	 6680.204852 
17  	 4 	 23 	 4.514097 	 0.090313 	 22453.506228 
17  	 4 	 4 	 6.297518 	 0.023804 	 6109.075113 
17  	 4 	 38 	 4.303891 	 0.109076 	 26884.554101 
17  	 4 	 45 	 3.349210 	 0.297210 	 67574.233899 
17  	 4 	 49 	 6.151619 	 0.026129 	 6698.180852 
17  	 4 	 16 	 6.044949 	 0.027786 	 7117.246646 
17  	 4 	 40 	 4.360844 	 0.102793 	 25409.112138 
18  	 4 	 48 	 2.562758 	 0.832088 	 157227.917596 
18  	 4 	 47 	 3.690346 	 0.201708 	 47715.492264 
18  	 4 	 5 	 6.157099 	 0.026058 	 6680.204852 
18  	 4 	 23 	 4.514097 	 0.090313 	 22453.506228 
18  	 4 	 4 	 6.297518 	 0.023804 	 6109.075113 
18  	 4 	 38 	 4.303891 	 0.109076 	 26884.554101 
18  	 4 	 45 	 3.349210 	 0.297210 	 67574.233899 
18  	 4 	 49 	 6.151619 	 0.026129 	 6698.180852 
18  	 4 	 16 	 6.044949 	 0.027786 	 7117.246646 
18  	 4 	 40 	 4.360844 	 0.102793 	 25409.112138 
19  	 4 	 48 	 2.562758 	 0.832088 	 157227.917596 
19  	 4 	 47 	 3.690346 	 0.201708 	 47715.492264 
19  	 4 	 5 	 6.157099 	 0.026058 	 6680.204852 
19  	 4 	 23 	 4.514097 	 0.090313 	 22453.506228 
19  	 4 	 4 	 6.297518 	 0.023804 	 6109.075113 
19  	 4 	 38 	 4.303891 	 0.109076 	 26884.554101 
19  	 4 	 45 	 3.349210 	 0.297210 	 67574.233899 
19  	 4 	 49 	 6.151619 	 0.026129 	 6698.180852 
19  	 4 	 16 	 6.044949 	 0.027786 	 7117.246646 
19  	 4 	 40 	 4.360844 	 0.102793 	 25409.112138 
20  	 4 	 48 	 2.562758 	 0.832088 	 157227.917596 
20  	 4 	 47 	 3.690346 	 0.201708 	 47715.492264 
20  	 4 	 5 	 6.157099 	 0.026058 	 6680.204852 
20  	 4 	 23 	 4.514097 	 0.090313 	 22453.506228 
20  	 4 	 4 	 6.297518 	 0.023804 	 6109.075113 
20  	 4 	 38 	 4.303891 	 0.109076 	 26884.554101 
20  	 4 	 45 	 3.349210 	 0.297210 	 67574.233899 
20  	 4 	 49 	 6.151619 	 0.026129 	 6698.180852 
20  	 4 	 16 	 6.044949 	 0.027786 	 7117.246646 
20  	 4 	 40 	 4.360844 	 0.102793 	 25409.112138 
21  	 4 	 48 	 2.562758 	 0.832088 	 157227.917596 
21  	 4 	 47 	 3.690346 	 0.201708 	 47715.492264 
21  	 4 	 5 	 6.157099 	 0.026058 	 6680.204852 
21  	 4 	 23 	 4.514097 	 0.090313 	 22453.506228 
21  	 4 	 4 	 6.297518 	 0.023804 	 6109.075113 
21  	 4 	 38 	 4.303891 	 0.109076 	 26884.554101 
21  	 4 	 45 	 3.349210 	 0.297210 	 67574.233899 
21  	 4 	 49 	 6.151619 	 0.026129 	 6698.180852 
21  	 4 	 16 	 6.044949 	 0.027786 	 7117.246646 
21  	 4 	 40 	 4.360844 	 0.102793 	 25409.112138 
22  	 4 	 48 	 2.562758 	 0.832088 	 157227.917596 
22  	 4 	 47 	 3.690346 	 0.201708 	 47715.492264 
22  	 4 	 5 	 6.157099 	 0.026058 	 6680.204852 
22  	 4 	 23 	 4.514097 	 0.090313 	 22453.506228 
22  	 4 	 4 	 6.297518 	 0.023804 	 6109.075113 
22  	 4 	 38 	 4.303891 	 0.109076 	 26884.554101 
22  	 4 	 45 	 3.349210 	 0.297210 	 67574.233899 
22  	 4 	 49 	 6.151619 	 0.026129 	 6698.180852 
22  	 4 	 16 	 6.044949 	 0.027786 	 7117.246646 
22  	 4 	 40 	 4.360844 	 0.102793 	 25409.112138 
23  	 4 	 48 	 2.562758 	 0.832088 	 157227.917596 
23  	 4 	 47 	 3.690346 	 0.201708 	 47715.492264 
23  	 4 	 5 	 6.157099 	 0.026058 	 6680.204852 
23  	 4 	 23 	 4.514097 	 0.090313 	 22453.506228 
23  	 4 	 4 	 6.297518 	 0.023804 	 6109.075113 
23  	 4 	 38 	 4.303891 	 0.109076 	 26884.554101 
23  	 4 	 45 	 3.349210 	 0.297210 	 67574.233899 
23  	 4 	 49 	 6.151619 	 0.026129 	 6698.180852 
23  	 4 	 16 	 6.044949 	 0.027786 	 7117.246646 
23  	 4 	 40 	 4.360844 	 0.102793 	 25409.112138 
24  	 4 	 48 	 2.562758 	 0.832088 	 157227.917596 
24  	 4 	 47 	 3.690346 	 0.201708 	 47715.492264 
24  	 4 	 5 	 6.157099 	 0.026058 	 6680.204852 
24  	 4 	 23 	 4.514097 	 0.090313 	 22453.506228 
24  	 4 	 4 	 6.297518 	 0.023804 	 6109.075113 
24  	 4 	 38 	 4.303891 	 0.109076 	 26884.554101 
24  	 4 	 45 	 3.349210 	 0.297210 	 67574.233899 
24  	 4 	 49 	 6.151619 	 0.026129 	 6698.180852 
24  	 4 	 16 	 6.044949 	 0.027786 	 7117.246646 
24  	 4 	 40 	 4.360844 	 0.102793 	 25409.112138 
25  	 4 	 48 	 2.562758 	 0.832088 	 157227.917596 
25  	 4 	 47 	 3.690346 	 0.201708 	 47715.492264 
25  	 4 	 5 	 6.157099 	 0.026058 	 6680.204852 
25  	 4 	 23 	 4.514097 	 0.090313 	 22453.506228 
25  	 4 	 4 	 6.297518 	 0.023804 	 6109.075113 
25  	 4 	 38 	 4.303891 	 0.109076 	 26884.554101 
25  	 4 	 45 	 3.349210 	 0.297210 	 67574.233899 
25  	 4 	 49 	 6.151619 	 0.026129 	 6698.180852 
25  	 4 	 16 	 6.044949 	 0.027786 	 7117.246646 
25  	 4 	 40 	 4.360844 	 0.102793 	 25409.112138 
26  	 4 	 48 	 2.562758 	 0.832088 	 157227.917596 
26  	 4 	 47 	 3.690346 	 0.201708 	 47715.492264 
26  	 4 	 5 	 6.157099 	 0.026058 	 6680.204852 
26  	 4 	 23 	 4.514097 	 0.090313 	 22453.506228 
26  	 4 	 4 	 6.297518 	 0.023804 	 6109.075113 
26  	 4 	 38 	 4.303891 	 0.109076 	 26884.554101 
26  	 4 	 45 	 3.349210 	 0.297210 	 67574.233899 
26  	 4 	 49 	 6.151619 	 0.026129 	 6698.180852 
26  	 4 	 16 	 6.044949 	 0.027786 	 7117.246646 
26  	 4 	 40 	 4.360844 	 0.102793 	 25409.112138 
27  	 4 	 48 	 2.562758 	 0.832088 	 157227.917596 
27  	 4 	 47 	 3.690346 	 0.201708 	 47715.492264 
27  	 4 	 5 	 6.157099 	 0.026058 	 6680.204852 
27  	 4 	 23 	 4.514097 	 0.090313 	 22453.506228 
27  	 4 	 4 	 6.297518 	 0.023804 	 6109.075113 
27  	 4 	 38 	 4.303891 	 0.109076 	 26884.554101 
27  	 4 	 45 	 3.349210 	 0.297210 	 67574.233899 
27  	 4 	 49 	 6.151619 	 0.026129 	 6698.180852 
27  	 4 	 16 	 6.044949 	 0.027786 	 7117.246646 
27  	 4 	 40 	 4.360844 	 0.102793 	 25409.112138 
28  	 4 	 48 	 2.562758 	 0.832088 	 157227.917596 
28  	 4 	 47 	 3.690346 	 0.201708 	 47715.492264 
28  	 4 	 5 	 6.157099 	 0.026058 	 6680.204852 
28  	 4 	 23 	 4.514097 	 0.090313 	 22453.506228 
28  	 4 	 4 	 6.297518 	 0.023804 	 6109.075113 
28  	 4 	 38 	 4.303891 	 0.109076 	 26884.554101 
28  	 4 	 45 	 3.349210 	 0.297210 	 67574.233899 
28  	 4 	 49 	 6.151619 	 0.026129 	 6698.180852 
28  	 4 	 16 	 6.044949 	 0.027786 	 7117.246646 
28  	 4 	 40 	 4.360844 	 0.102793 	 25409.112138 
29  	 4 	 48 	 2.562758 	 0.832088 	 157227.917596 
29  	 4 	 47 	 3.690346 	 0.201708 	 47715.492264 
29  	 4 	 5 	 6.157099 	 0.026058 	 6680.204852 
29  	 4 	 23 	 4.514097 	 0.090313 	 22453.506228 
29  	 4 	 4 	 6.297518 	 0.023804 	 6109.075113 
29  	 4 	 38 	 4.303891 	 0.109076 	 26884.554101 
29  	 4 	 45 	 3.349210 	 0.297210 	 67574.233899 
29  	 4 	 49 	 6.151619 	 0.026129 	 6698.180852 
29  	 4 	 16 	 6.044949 	 0.027786 	 7117.246646 
29  	 4 	 40 	 4.360844 	 0.102793 	 25409.112138 
30  	 4 	 48 	 2.562758 	 0.832088 	 157227.917596 
30  	 4 	 47 	 3.690346 	 0.201708 	 47715.492264 
30  	 4 	 5 	 6.157099 	 0.026058 	 6680.204852 
30  	 4 	 23 	 4.514097 	 0.090313 	 22453.506228 
30  	 4 	 4 	 6.297518 	 0.023804 	 6109.075113 
30  	 4 	 38 	 4.303891 	 0.109076 	 26884.554101 
30  	 4 	 45 	 3.349210 	 0.297210 	 67574.233899 
30  	 4 	 49 	 6.151619 	 0.026129 	 6698.180852 
30  	 4 	 16 	 6.044949 	 0.027786 	 7117.246646 
30  	 4 	 40 	 4.360844 	 0.102793 	 25409.112138 
31  	 4 	 48 	 2.562758 	 0.832088 	 157227.917596 
31  	 4 	 47 	 3.690346 	 0.201708 	 47715.492264 
31  	 4 	 5 	 6.157099 	 0.026058 	 6680.204852 
31  	 4 	 23 	 4.514097 	 0.090313 	 22453.506228 
31  	 4 	 4 	 6.297518 	 0.023804 	 6109.075113 
31  	 4 	 38 	 4.303891 	 0.109076 	 26884.554101 
31  	 4 	 45 	 3.349210 	 0.297210 	 67574.233899 
31  	 4 	 49 	 6.151619 	 0.026129 	 6698.180852 
31  	 4 	 16 	 6.044949 	 0.027786 	 7117.246646 
31  	 4 	 40 	 4.360844 	 0.102793 	 25409.112138 
32  	 4 	 48 	 2.562758 	 0.832088 	 157227.917596 
32  	 4 	 47 	 3.690346 	 0.201708 	 47715.492264 
32  	 4 	 5 	 6.157099 	 0.026058 	 6680.204852 
32  	 4 	 23 	 4.514097 	 0.090313 	 22453.506228 
32  	 4 	 4 	 6.297518 	 0.023804 	 6109.075113 
32  	 4 	 38 	 4.303891 	 0.109076 	 26884.554101 
32  	 4 	 45 	 3.349210 	 0.297210 	 67574.233899 
32  	 4 	 49 	 6.151619 	 0.026129 	 6698.180852 
32  	 4 	 16 	 6.044949 	 0.027786 	 7117.246646 
32  	 4 	 40 	 4.360844 	 0.102793 	 25409.112138 
33  	 4 	 48 	 2.562758 	 0.832088 	 157227.917596 
33  	 4 	 47 	 3.690346 	 0.201708 	 47715.492264 
33  	 4 	 5 	 6.157099 	 0.026058 	 6680.204852 
33  	 4 	 23 	 4.514097 	 0.090313 	 22453.506228 
33  	 4 	 4 	 6.297518 	 0.023804 	 6109.075113 
33  	 4 	 38 	 4.303891 	 0.109076 	 26884.554101 
33  	 4 	 45 	 3.349210 	 0.297210 	 67574.233899 
33  	 4 	 49 	 6.151619 	 0.026129 	 6698.180852 
33  	 4 	 16 	 6.044949 	 0.027786 	 7117.246646 
33  	 4 	 40 	 4.360844 	 0.102793 	 25409.112138 
34  	 4 	 48 	 2.562758 	 0.832088 	 157227.917596 
34  	 4 	 47 	 3.690346 	 0.201708 	 47715.492264 
34  	 4 	 5 	 6.157099 	 0.026058 	 6680.204852 
34  	 4 	 23 	 4.514097 	 0.090313 	 22453.506228 
34  	 4 	 4 	 6.297518 	 0.023804 	 6109.075113 
34  	 4 	 38 	 4.303891 	 0.109076 	 26884.554101 
34  	 4 	 45 	 3.349210 	 0.297210 	 67574.233899 
34  	 4 	 49 	 6.151619 	 0.026129 	 6698.180852 
34  	 4 	 16 	 6.044949 	 0.027786 	 7117.246646 
34  	 4 	 40 	 4.360844 	 0.102793 	 25409.112138 
35  	 4 	 48 	 2.562758 	 0.832088 	 157227.917596 
35  	 4 	 47 	 3.690346 	 0.201708 	 47715.492264 
35  	 4 	 5 	 6.157099 	 0.026058 	 6680.204852 
35  	 4 	 23 	 4.514097 	 0.090313 	 22453.506228 
35  	 4 	 4 	 6.297518 	 0.023804 	 6109.075113 
35  	 4 	 38 	 4.303891 	 0.109076 	 26884.554101 
35  	 4 	 45 	 3.349210 	 0.297210 	 67574.233899 
35  	 4 	 49 	 6.151619 	 0.026129 	 6698.180852 
35  	 4 	 16 	 6.044949 	 0.027786 	 7117.246646 
35  	 4 	 40 	 4.360844 	 0.102793 	 25409.112138 
36  	 4 	 48 	 2.562758 	 0.832088 	 157227.917596 
36  	 4 	 47 	 3.690346 	 0.201708 	 47715.492264 
36  	 4 	 5 	 6.157099 	 0.026058 	 6680.204852 
36  	 4 	 23 	 4.514097 	 0.090313 	 22453.506228 
36  	 4 	 4 	 6.297518 	 0.023804 	 6109.075113 
36  	 4 	 38 	 4.303891 	 0.109076 	 26884.554101 
36  	 4 	 45 	 3.349210 	 0.297210 	 67574.233899 
36  	 4 	 49 	 6.151619 	 0.026129 	 6698.180852 
36  	 4 	 16 	 6.044949 	 0.027786 	 7117.246646 
36  	 4 	 40 	 4.360844 	 0.102793 	 25409.112138 
37  	 4 	 48 	 2.562758 	 0.832088 	 157227.917596 
37  	 4 	 47 	 3.690346 	 0.201708 	 47715.492264 
37  	 4 	 5 	 6.157099 	 0.026058 	 6680.204852 
37  	 4 	 23 	 4.514097 	 0.090313 	 22453.506228 
37  	 4 	 4 	 6.297518 	 0.023804 	 6109.075113 
37  	 4 	 38 	 4.303891 	 0.109076 	 26884.554101 
37  	 4 	 45 	 3.349210 	 0.297210 	 67574.233899 
37  	 4 	 49 	 6.151619 	 0.026129 	 6698.180852 
37  	 4 	 16 	 6.044949 	 0.027786 	 7117.246646 
37  	 4 	 40 	 4.360844 	 0.102793 	 25409.112138 
38  	 4 	 48 	 2.562758 	 0.832088 	 157227.917596 
38  	 4 	 47 	 3.690346 	 0.201708 	 47715.492264 
38  	 4 	 5 	 6.157099 	 0.026058 	 6680.204852 
38  	 4 	 23 	 4.514097 	 0.090313 	 22453.506228 
38  	 4 	 4 	 6.297518 	 0.023804 	 6109.075113 
38  	 4 	 38 	 4.303891 	 0.109076 	 26884.554101 
38  	 4 	 45 	 3.349210 	 0.297210 	 67574.233899 
38  	 4 	 49 	 6.151619 	 0.026129 	 6698.180852 
38  	 4 	 16 	 6.044949 	 0.027786 	 7117.246646 
38  	 4 	 40 	 4.360844 	 0.102793 	 25409.112138 
39  	 4 	 48 	 2.562758 	 0.832088 	 157227.917596 
39  	 4 	 47 	 3.690346 	 0.201708 	 47715.492264 
39  	 4 	 5 	 6.157099 	 0.026058 	 6680.204852 
39  	 4 	 23 	 4.514097 	 0.090313 	 22453.506228 
39  	 4 	 4 	 6.297518 	 0.023804 	 6109.075113 
39  	 4 	 38 	 4.303891 	 0.109076 	 26884.554101 
39  	 4 	 45 	 3.349210 	 0.297210 	 67574.233899 
39  	 4 	 49 	 6.151619 	 0.026129 	 6698.180852 
39  	 4 	 16 	 6.044949 	 0.027786 	 7117.246646 
39  	 4 	 40 	 4.360844 	 0.102793 	 25409.112138 
40  	 4 	 48 	 2.562758 	 0.832088 	 157227.917596 
40  	 4 	 47 	 3.690346 	 0.201708 	 47715.492264 
40  	 4 	 5 	 6.157099 	 0.026058 	 6680.204852 
40  	 4 	 23 	 4.514097 	 0.090313 	 22453.506228 
40  	 4 	 4 	 6.297518 	 0.023804 	 6109.075113 
40  	 4 	 38 	 4.303891 	 0.109076 	 26884.554101 
40  	 4 	 45 	 3.349210 	 0.297210 	 67574.233899 
40  	 4 	 49 	 6.151619 	 0.026129 	 6698.180852 
40  	 4 	 16 	 6.044949 	 0.027786 	 7117.246646 
40  	 4 	 40 	 4.360844 	 0.102793 	 25409.112138 
41  	 4 	 48 	 2.562758 	 0.832088 	 157227.917596 
41  	 4 	 47 	 3.690346 	 0.201708 	 47715.492264 
41  	 4 	 5 	 6.157099 	 0.026058 	 6680.204852 
41  	 4 	 23 	 4.514097 	 0.090313 	 22453.506228 
41  	 4 	 4 	 6.297518 	 0.023804 	 6109.075113 
41  	 4 	 38 	 4.303891 	 0.109076 	 26884.554101 
41  	 4 	 45 	 3.349210 	 0.297210 	 67574.233899 
41  	 4 	 49 	 6.151619 	 0.026129 	 6698.180852 
41  	 4 	 16 	 6.044949 	 0.027786 	 7117.246646 
41  	 4 	 40 	 4.360844 	 0.102793 	 25409.112138 
42  	 4 	 48 	 2.562758 	 0.832088 	 157227.917596 
42  	 4 	 47 	 3.690346 	 0.201708 	 47715.492264 
42  	 4 	 5 	 6.157099 	 0.026058 	 6680.204852 
42  	 4 	 23 	 4.514097 	 0.090313 	 22453.506228 
42  	 4 	 4 	 6.297518 	 0.023804 	 6109.075113 
42  	 4 	 38 	 4.303891 	 0.109076 	 26884.554101 
42  	 4 	 45 	 3.349210 	 0.297210 	 67574.233899 
42  	 4 	 49 	 6.151619 	 0.026129 	 6698.180852 
42  	 4 	 16 	 6.044949 	 0.027786 	 7117.246646 
42  	 4 	 40 	 4.360844 	 0.102793 	 25409.112138 
43  	 4 	 48 	 2.562758 	 0.832088 	 157227.917596 
43  	 4 	 47 	 3.690346 	 0.201708 	 47715.492264 
43  	 4 	 5 	 6.157099 	 0.026058 	 6680.204852 
43  	 4 	 23 	 4.514097 	 0.090313 	 22453.506228 
43  	 4 	 4 	 6.297518 	 0.023804 	 6109.075113 
43  	 4 	 38 	 4.303891 	 0.109076 	 26884.554101 
43  	 4 	 45 	 3.349210 	 0.297210 	 67574.233899 
43  	 4 	 49 	 6.151619 	 0.026129 	 6698.180852 
43  	 4 	 16 	 6.044949 	 0.027786 	 7117.246646 
43  	 4 	 40 	 4.360844 	 0.102793 	 25409.112138 
44  	 4 	 48 	 2.562758 	 0.832088 	 157227.917596 
44  	 4 	 47 	 3.690346 	 0.201708 	 47715.492264 
44  	 4 	 5 	 6.157099 	 0.026058 	 6680.204852 
44  	 4 	 23 	 4.514097 	 0.090313 	 22453.506228 
44  	 4 	 4 	 6.297518 	 0.023804 	 6109.075113 
44  	 4 	 38 	 4.303891 	 0.109076 	 26884.554101 
44  	 4 	 45 	 3.349210 	 0.297210 	 67574.233899 
44  	 4 	 49 	 6.151619 	 0.026129 	 6698.180852 
44  	 4 	 16 	 6.044949 	 0.027786 	 7117.246646 
44  	 4 	 40 	 4.360844 	 0.102793 	 25409.112138 
45  	 4 	 48 	 2.562758 	 0.832088 	 157227.917596 
45  	 4 	 47 	 3.690346 	 0.201708 	 47715.492264 
45  	 4 	 5 	 6.157099 	 0.026058 	 6680.204852 
45  	 4 	 23 	 4.514097 	 0.090313 	 22453.506228 
45  	 4 	 4 	 6.297518 	 0.023804 	 6109.075113 
45  	 4 	 38 	 4.303891 	 0.109076 	 26884.554101 
45  	 4 	 45 	 3.349210 	 0.297210 	 67574.233899 
45  	 4 	 49 	 6.151619 	 0.026129 	 6698.180852 
45  	 4 	 16 	 6.044949 	 0.027786 	 7117.246646 
45  	 4 	 40 	 4.360844 	 0.102793 	 25409.112138 
46  	 4 	 48 	 2.562758 	 0.832088 	 157227.917596 
46  	 4 	 47 	 3.690346 	 0.201708 	 47715.492264 
46  	 4 	 5 	 6.157099 	 0.026058 	 6680.204852 
46  	 4 	 23 	 4.514097 	 0.090313 	 22453.506228 
46  	 4 	 4 	 6.297518 	 0.023804 	 6109.075113 
46  	 4 	 38 	 4.303891 	 0.109076 	 26884.554101 
46  	 4 	 45 	 3.349210 	 0.297210 	 67574.233899 
46  	 4 	 49 	 6.151619 	 0.026129 	 6698.180852 
46  	 4 	 16 	 6.044949 	 0.027786 	 7117.246646 
46  	 4 	 40 	 4.360844 	 0.102793 	 25409.112138 
47  	 4 	 48 	 2.562758 	 0.832088 	 157227.917596 
47  	 4 	 47 	 3.690346 	 0.201708 	 47715.492264 
47  	 4 	 5 	 6.157099 	 0.026058 	 6680.204852 
47  	 4 	 23 	 4.514097 	 0.090313 	 22453.506228 
47  	 4 	 4 	 6.297518 	 0.023804 	 6109.075113 
47  	 4 	 38 	 4.303891 	 0.109076 	 26884.554101 
47  	 4 	 45 	 3.349210 	 0.297210 	 67574.233899 
47  	 4 	 49 	 6.151619 	 0.026129 	 6698.180852 
47  	 4 	 16 	 6.044949 	 0.027786 	 7117.246646 
47  	 4 	 40 	 4.360844 	 0.102793 	 25409.112138 
48  	 4 	 48 	 2.562758 	 0.832088 	 157227.917596 
48  	 4 	 47 	 3.690346 	 0.201708 	 47715.492264 
48  	 4 	 5 	 6.157099 	 0.026058 	 6680.204852 
48  	 4 	 23 	 4.514097 	 0.090313 	 22453.506228 
48  	 4 	 4 	 6.297518 	 0.023804 	 6109.075113 
48  	 4 	 38 	 4.303891 	 0.109076 	 26884.554101 
48  	 4 	 45 	 3.349210 	 0.297210 	 67574.233899 
48  	 4 	 49 	 6.151619 	 0.026129 	 6698.180852 
48  	 4 	 16 	 6.044949 	 0.027786 	 7117.246646 
48  	 4 	 40 	 4.360844 	 0.102793 	 25409.112138 
49  	 4 	 48 	 2.562758 	 0.832088 	 157227.917596 
49  	 4 	 47 	 3.690346 	 0.201708 	 47715.492264 
49  	 4 	 5 	 6.157099 	 0.026058 	 6680.204852 
49  	 4 	 23 	 4.514097 	 0.090313 	 22453.506228 
49  	 4 	 4 	 6.297518 	 0.023804 	 6109.075113 
49  	 4 	 38 	 4.303891 	 0.109076 	 26884.554101 
49  	 4 	 45 	 3.349210 	 0.297210 	 67574.233899 
49  	 4 	 49 	 6.151619 	 0.026129 	 6698.180852 
49  	 4 	 16 	 6.044949 	 0.027786 	 7117.246646 
49  	 4 	 40 	 4.360844 	 0.102793 	 25409.112138 
50  	 4 	 48 	 2.562758 	 0.832088 	 157227.917596 
50  	 4 	 47 	 3.690346 	 0.201708 	 47715.492264 
50  	 4 	 5 	 6.157099 	 0.026058 	 6680.204852 
50  	 4 	 23 	 4.514097 	 0.090313 	 22453.506228 
50  	 4 	 4 	 6.297518 	 0.023804 	 6109.075113 
50  	 4 	 38 	 4.303891 	 0.109076 	 26884.554101 
50  	 4 	 45 	 3.349210 	 0.297210 	 67574.233899 
50  	 4 	 49 	 6.151619 	 0.026129 	 6698.180852 
50  	 4 	 16 	 6.044949 	 0.027786 	 7117.246646 
50  	 4 	 40 	 4.360844 	 0.102793 	 25409.112138 
51  	 4 	 48 	 2.562758 	 0.832088 	 157227.917596 
51  	 4 	 47 	 3.690346 	 0.201708 	 47715.492264 
51  	 4 	 5 	 6.157099 	 0.026058 	 6680.204852 
51  	 4 	 23 	 4.514097 	 0.090313 	 22453.506228 
51  	 4 	 4 	 6.297518 	 0.023804 	 6109.075113 
51  	 4 	 38 	 4.303891 	 0.109076 	 26884.554101 
51  	 4 	 45 	 3.349210 	 0.297210 	 67574.233899 
51  	 4 	 49 	 6.151619 	 0.026129 	 6698.180852 
51  	 4 	 16 	 6.044949 	 0.027786 	 7117.246646 
51  	 4 	 40 	 4.360844 	 0.102793 	 25409.112138 
52  	 4 	 48 	 2.562758 	 0.832088 	 157227.917596 
52  	 4 	 47 	 3.690346 	 0.201708 	 47715.492264 
52  	 4 	 5 	 6.157099 	 0.026058 	 6680.204852 
52  	 4 	 23 	 4.514097 	 0.090313 	 22453.506228 
52  	 4 	 4 	 6.297518 	 0.023804 	 6109.075113 
52  	 4 	 38 	 4.303891 	 0.109076 	 26884.554101 
52  	 4 	 45 	 3.349210 	 0.297210 	 67574.233899 
52  	 4 	 49 	 6.151619 	 0.026129 	 6698.180852 
52  	 4 	 16 	 6.044949 	 0.027786 	 7117.246646 
52  	 4 	 40 	 4.360844 	 0.102793 	 25409.112138 
53  	 4 	 48 	 2.562758 	 0.832088 	 157227.917596 
53  	 4 	 47 	 3.690346 	 0.201708 	 47715.492264 
53  	 4 	 5 	 6.157099 	 0.026058 	 6680.204852 
53  	 4 	 23 	 4.514097 	 0.090313 	 22453.506228 
53  	 4 	 4 	 6.297518 	 0.023804 	 6109.075113 
53  	 4 	 38 	 4.303891 	 0.109076 	 26884.554101 
53  	 4 	 45 	 3.349210 	 0.297210 	 67574.233899 
53  	 4 	 49 	 6.151619 	 0.026129 	 6698.180852 
53  	 4 	 16 	 6.044949 	 0.027786 	 7117.246646 
53  	 4 	 40 	 4.360844 	 0.102793 	 25409.112138 
54  	 4 	 48 	 2.562758 	 0.832088 	 157227.917596 
54  	 4 	 47 	 3.690346 	 0.201708 	 47715.492264 
54  	 4 	 5 	 6.157099 	 0.026058 	 6680.204852 
54  	 4 	 23 	 4.514097 	 0.090313 	 22453.506228 
54  	 4 	 4 	 6.297518 	 0.023804 	 6109.075113 
54  	 4 	 38 	 4.303891 	 0.109076 	 26884.554101 
54  	 4 	 45 	 3.349210 	 0.297210 	 67574.233899 
54  	 4 	 49 	 6.151619 	 0.026129 	 6698.180852 
54  	 4 	 16 	 6.044949 	 0.027786 	 7117.246646 
54  	 4 	 40 	 4.360844 	 0.102793 	 25409.112138 
55  	 4 	 48 	 2.562758 	 0.832088 	 157227.917596 
55  	 4 	 47 	 3.690346 	 0.201708 	 47715.492264 
55  	 4 	 5 	 6.157099 	 0.026058 	 6680.204852 
55  	 4 	 23 	 4.514097 	 0.090313 	 22453.506228 
55  	 4 	 4 	 6.297518 	 0.023804 	 6109.075113 
55  	 4 	 38 	 4.303891 	 0.109076 	 26884.554101 
55  	 4 	 45 	 3.349210 	 0.297210 	 67574.233899 
55  	 4 	 49 	 6.151619 	 0.026129 	 6698.180852 
55  	 4 	 16 	 6.044949 	 0.027786 	 7117.246646 
55  	 4 	 40 	 4.360844 	 0.102793 	 25409.112138 
56  	 4 	 48 	 2.562758 	 0.832088 	 157227.917596 
56  	 4 	 47 	 3.690346 	 0.201708 	 47715.492264 
56  	 4 	 5 	 6.157099 	 0.026058 	 6680.204852 
56  	 4 	 23 	 4.514097 	 0.090313 	 22453.506228 
56  	 4 	 4 	 6.297518 	 0.023804 	 6109.075113 
56  	 4 	 38 	 4.303891 	 0.109076 	 26884.554101 
56  	 4 	 45 	 3.349210 	 0.297210 	 67574.233899 
56  	 4 	 49 	 6.151619 	 0.026129 	 6698.180852 
56  	 4 	 16 	 6.044949 	 0.027786 	 7117.246646 
56  	 4 	 40 	 4.360844 	 0.102793 	 25409.112138 
57  	 4 	 48 	 2.562758 	 0.832088 	 157227.917596 
57  	 4 	 47 	 3.690346 	 0.201708 	 47715.492264 
57  	 4 	 5 	 6.157099 	 0.026058 	 6680.204852 
57  	 4 	 23 	 4.514097 	 0.090313 	 22453.506228 
57  	 4 	 4 	 6.297518 	 0.023804 	 6109.075113 
57  	 4 	 38 	 4.303891 	 0.109076 	 26884.554101 
57  	 4 	 45 	 3.349210 	 0.297210 	 67574.233899 
57  	 4 	 49 	 6.151619 	 0.026129 	 6698.180852 
57  	 4 	 16 	 6.044949 	 0.027786 	 7117.246646 
57  	 4 	 40 	 4.360844 	 0.102793 	 25409.112138 
58  	 4 	 48 	 2.562758 	 0.832088 	 157227.917596 
58  	 4 	 47 	 3.690346 	 0.201708 	 47715.492264 
58  	 4 	 5 	 6.157099 	 0.026058 	 6680.204852 
58  	 4 	 23 	 4.514097 	 0.090313 	 22453.506228 
58  	 4 	 4 	 6.297518 	 0.023804 	 6109.075113 
58  	 4 	 38 	 4.303891 	 0.109076 	 26884.554101 
58  	 4 	 45 	 3.349210 	 0.297210 	 67574.233899 
58  	 4 	 49 	 6.151619 	 0.026129 	 6698.180852 
58  	 4 	 16 	 6.044949 	 0.027786 	 7117.246646 
58  	 4 	 40 	 4.360844 	 0.102793 	 25409.112138 
59  	 4 	 48 	 2.562758 	 0.832088 	 157227.917596 
59  	 4 	 47 	 3.690346 	 0.201708 	 47715.492264 
59  	 4 	 5 	 6.157099 	 0.026058 	 6680.204852 
59  	 4 	 23 	 4.514097 	 0.090313 	 22453.506228 
59  	 4 	 4 	 6.297518 	 0.023804 	 6109.075113 
59  	 4 	 38 	 4.303891 	 0.109076 	 26884.554101 
59  	 4 	 45 	 3.349210 	 0.297210 	 67574.233899 
59  	 4 	 49 	 6.151619 	 0.026129 	 6698.180852 
59  	 4 	 16 	 6.044949 	 0.027786 	 7117.246646 
59  	 4 	 40 	 4.360844 	 0.102793 	 25409.112138 
60  	 4 	 48 	 2.562758 	 0.832088 	 157227.917596 
60  	 4 	 47 	 3.690346 	 0.201708 	 47715.492264 
60  	 4 	 5 	 6.157099 	 0.026058 	 6680.204852 
60  	 4 	 23 	 4.514097 	 0.090313 	 22453.506228 
60  	 4 	 4 	 6.297518 	 0.023804 	 6109.075113 
60  	 4 	 38 	 4.303891 	 0.109076 	 26884.554101 
60  	 4 	 45 	 3.349210 	 0.297210 	 67574.233899 
60  	 4 	 49 	 6.151619 	 0.026129 	 6698.180852 
60  	 4 	 16 	 6.044949 	 0.027786 	 7117.246646 
60  	 4 	 40 	 4.360844 	 0.102793 	 25409.112138 
61  	 4 	 48 	 2.562758 	 0.832088 	 157227.917596 
61  	 4 	 47 	 3.690346 	 0.201708 	 47715.492264 
61  	 4 	 5 	 6.157099 	 0.026058 	 6680.204852 
61  	 4 	 23 	 4.514097 	 0.090313 	 22453.506228 
61  	 4 	 4 	 6.297518 	 0.023804 	 6109.075113 
61  	 4 	 38 	 4.303891 	 0.109076 	 26884.554101 
61  	 4 	 45 	 3.349210 	 0.297210 	 67574.233899 
61  	 4 	 49 	 6.151619 	 0.026129 	 6698.180852 
61  	 4 	 16 	 6.044949 	 0.027786 	 7117.246646 
61  	 4 	 40 	 4.360844 	 0.102793 	 25409.112138 
62  	 4 	 48 	 2.562758 	 0.832088 	 157227.917596 
62  	 4 	 47 	 3.690346 	 0.201708 	 47715.492264 
62  	 4 	 5 	 6.157099 	 0.026058 	 6680.204852 
62  	 4 	 23 	 4.514097 	 0.090313 	 22453.506228 
62  	 4 	 4 	 6.297518 	 0.023804 	 6109.075113 
62  	 4 	 38 	 4.303891 	 0.109076 	 26884.554101 
62  	 4 	 45 	 3.349210 	 0.297210 	 67574.233899 
62  	 4 	 49 	 6.151619 	 0.026129 	 6698.180852 
62  	 4 	 16 	 6.044949 	 0.027786 	 7117.246646 
62  	 4 	 40 	 4.360844 	 0.102793 	 25409.112138 
63  	 4 	 48 	 2.562758 	 0.832088 	 157227.917596 
63  	 4 	 47 	 3.690346 	 0.201708 	 47715.492264 
63  	 4 	 5 	 6.157099 	 0.026058 	 6680.204852 
63  	 4 	 23 	 4.514097 	 0.090313 	 22453.506228 
63  	 4 	 4 	 6.297518 	 0.023804 	 6109.075113 
63  	 4 	 38 	 4.303891 	 0.109076 	 26884.554101 
63  	 4 	 45 	 3.349210 	 0.297210 	 67574.233899 
63  	 4 	 49 	 6.151619 	 0.026129 	 6698.180852 
63  	 4 	 16 	 6.044949 	 0.027786 	 7117.246646 
63  	 4 	 40 	 4.360844 	 0.102793 	 25409.112138 
64  	 4 	 48 	 2.562758 	 0.832088 	 157227.917596 
64  	 4 	 47 	 3.690346 	 0.201708 	 47715.492264 
64  	 4 	 5 	 6.157099 	 0.026058 	 6680.204852 
64  	 4 	 23 	 4.514097 	 0.090313 	 22453.506228 
64  	 4 	 4 	 6.297518 	 0.023804 	 6109.075113 
64  	 4 	 38 	 4.303891 	 0.109076 	 26884.554101 
64  	 4 	 45 	 3.349210 	 0.297210 	 67574.233899 
64  	 4 	 49 	 6.151619 	 0.026129 	 6698.180852 
64  	 4 	 16 	 6.044949 	 0.027786 	 7117.246646 
64  	 4 	 40 	 4.360844 	 0.102793 	 25409.112138 
65  	 4 	 48 	 2.562758 	 0.832088 	 157227.917596 
65  	 4 	 47 	 3.690346 	 0.201708 	 47715.492264 
65  	 4 	 5 	 6.157099 	 0.026058 	 6680.204852 
65  	 4 	 23 	 4.514097 	 0.090313 	 22453.506228 
65  	 4 	 4 	 6.297518 	 0.023804 	 6109.075113 
65  	 4 	 38 	 4.303891 	 0.109076 	 26884.554101 
65  	 4 	 45 	 3.349210 	 0.297210 	 67574.233899 
65  	 4 	 49 	 6.151619 	 0.026129 	 6698.180852 
65  	 4 	 16 	 6.044949 	 0.027786 	 7117.246646 
65  	 4 	 40 	 4.360844 	 0.102793 	 25409.112138 
66  	 4 	 48 	 2.562758 	 0.832088 	 157227.917596 
66  	 4 	 47 	 3.690346 	 0.201708 	 47715.492264 
66  	 4 	 5 	 6.157099 	 0.026058 	 6680.204852 
66  	 4 	 23 	 4.514097 	 0.090313 	 22453.506228 
66  	 4 	 4 	 6.297518 	 0.023804 	 6109.075113 
66  	 4 	 38 	 4.303891 	 0.109076 	 26884.554101 
66  	 4 	 45 	 3.349210 	 0.297210 	 67574.233899 
66  	 4 	 49 	 6.151619 	 0.026129 	 6698.180852 
66  	 4 	 16 	 6.044949 	 0.027786 	 7117.246646 
66  	 4 	 40 	 4.360844 	 0.102793 	 25409.112138 
67  	 4 	 48 	 2.562758 	 0.832088 	 157227.917596 
67  	 4 	 47 	 3.690346 	 0.201708 	 47715.492264 
67  	 4 	 5 	 6.157099 	 0.026058 	 6680.204852 
67  	 4 	 23 	 4.514097 	 0.090313 	 22453.506228 
67  	 4 	 4 	 6.297518 	 0.023804 	 6109.075113 
67  	 4 	 38 	 4.303891 	 0.109076 	 26884.554101 
67  	 4 	 45 	 3.349210 	 0.297210 	 67574.233899 
67  	 4 	 49 	 6.151619 	 0.026129 	 6698.180852 
67  	 4 	 16 	 6.044949 	 0.027786 	 7117.246646 
67  	 4 	 40 	 4.360844 	 0.102793 	 25409.112138 
68  	 4 	 48 	 2.562758 	 0.832088 	 157227.917596 
68  	 4 	 47 	 3.690346 	 0.201708 	 47715.492264 
68  	 4 	 5 	 6.157099 	 0.026058 	 6680.204852 
68  	 4 	 23 	 4.514097 	 0.090313 	 22453.506228 
68  	 4 	 4 	 6.297518 	 0.023804 	 6109.075113 
68  	 4 	 38 	 4.303891 	 0.109076 	 26884.554101 
68  	 4 	 45 	 3.349210 	 0.297210 	 67574.233899 
68  	 4 	 49 	 6.151619 	 0.026129 	 6698.180852 
68  	 4 	 16 	 6.044949 	 0.027786 	 7117.246646 
68  	 4 	 40 	 4.360844 	 0.102793 	 25409.112138 
69  	 4 	 48 	 2.562758 	 0.832088 	 157227.917596 
69  	 4 	 47 	 3.690346 	 0.201708 	 47715.492264 
69  	 4 	 5 	 6.157099 	 0.026058 	 6680.204852 
69  	 4 	 23 	 4.514097 	 0.090313 	 22453.506228 
69  	 4 	 4 	 6.297518 	 0.023804 	 6109.075113 
69  	 4 	 38 	 4.303891 	 0.109076 	 26884.554101 
69  	 4 	 45 	 3.349210 	 0.297210 	 67574.233899 
69  	 4 	 49 	 6.151619 	 0.026129 	 6698.180852 
69  	 4 	 16 	 6.044949 	 0.027786 	 7117.246646 
69  	 4 	 40 	 4.360844 	 0.102793 	 25409.112138 
70  	 4 	 48 	 2.562758 	 0.832088 	 157227.917596 
70  	 4 	 47 	 3.690346 	 0.201708 	 47715.492264 
70  	 4 	 5 	 6.157099 	 0.026058 	 6680.204852 
70  	 4 	 23 	 4.514097 	 0.090313 	 22453.506228 
70  	 4 	 4 	 6.297518 	 0.023804 	 6109.075113 
70  	 4 	 38 	 4.303891 	 0.109076 	 26884.554101 
70  	 4 	 45 	 3.349210 	 0.297210 	 67574.233899 
70  	 4 	 49 	 6.151619 	 0.026129 	 6698.180852 
70  	 4 	 16 	 6.044949 	 0.027786 	 7117.246646 
70  	 4 	 40 	 4.360844 	 0.102793 	 25409.112138 
71  	 4 	 48 	 2.562758 	 0.832088 	 157227.917596 
71  	 4 	 47 	 3.690346 	 0.201708 	 47715.492264 
71  	 4 	 5 	 6.157099 	 0.026058 	 6680.204852 
71  	 4 	 23 	 4.514097 	 0.090313 	 22453.506228 
71  	 4 	 4 	 6.297518 	 0.023804 	 6109.075113 
71  	 4 	 38 	 4.303891 	 0.109076 	 26884.554101 
71  	 4 	 45 	 3.349210 	 0.297210 	 67574.233899 
71  	 4 	 49 	 6.151619 	 0.026129 	 6698.180852 
71  	 4 	 16 	 6.044949 	 0.027786 	 7117.246646 
71  	 4 	 40 	 4.360844 	 0.102793 	 25409.112138 
72  	 4 	 48 	 2.562758 	 0.832088 	 157227.917596 
72  	 4 	 47 	 3.690346 	 0.201708 	 47715.492264 
72  	 4 	 5 	 6.157099 	 0.026058 	 6680.204852 
72  	 4 	 23 	 4.514097 	 0.090313 	 22453.506228 
72  	 4 	 4 	 6.297518 	 0.023804 	 6109.075113 
72  	 4 	 38 	 4.303891 	 0.109076 	 26884.554101 
72  	 4 	 45 	 3.349210 	 0.297210 	 67574.233899 
72  	 4 	 49 	 6.151619 	 0.026129 	 6698.180852 
72  	 4 	 16 	 6.044949 	 0.027786 	 7117.246646 
72  	 4 	 40 	 4.360844 	 0.102793 	 25409.112138 
73  	 4 	 48 	 2.562758 	 0.832088 	 157227.917596 
73  	 4 	 47 	 3.690346 	 0.201708 	 47715.492264 
73  	 4 	 5 	 6.157099 	 0.026058 	 6680.204852 
73  	 4 	 23 	 4.514097 	 0.090313 	 22453.506228 
73  	 4 	 4 	 6.297518 	 0.023804 	 6109.075113 
73  	 4 	 38 	 4.303891 	 0.109076 	 26884.554101 
73  	 4 	 45 	 3.349210 	 0.297210 	 67574.233899 
73  	 4 	 49 	 6.151619 	 0.026129 	 6698.180852 
73  	 4 	 16 	 6.044949 	 0.027786 	 7117.246646 
73  	 4 	 40 	 4.360844 	 0.102793 	 25409.112138 
74  	 4 	 48 	 2.562758 	 0.832088 	 157227.917596 
74  	 4 	 47 	 3.690346 	 0.201708 	 47715.492264 
74  	 4 	 5 	 6.157099 	 0.026058 	 6680.204852 
74  	 4 	 23 	 4.514097 	 0.090313 	 22453.506228 
74  	 4 	 4 	 6.297518 	 0.023804 	 6109.075113 
74  	 4 	 38 	 4.303891 	 0.109076 	 26884.554101 
74  	 4 	 45 	 3.349210 	 0.297210 	 67574.233899 
74  	 4 	 49 	 6.151619 	 0.026129 	 6698.180852 
74  	 4 	 16 	 6.044949 	 0.027786 	 7117.246646 
74  	 4 	 40 	 4.360844 	 0.102793 	 25409.112138 
75  	 4 	 48 	 2.562758 	 0.832088 	 157227.917596 
75  	 4 	 47 	 3.690346 	 0.201708 	 47715.492264 
75  	 4 	 5 	 6.157099 	 0.026058 	 6680.204852 
75  	 4 	 23 	 4.514097 	 0.090313 	 22453.506228 
75  	 4 	 4 	 6.297518 	 0.023804 	 6109.075113 
75  	 4 	 38 	 4.303891 	 0.109076 	 26884.554101 
75  	 4 	 45 	 3.349210 	 0.297210 	 67574.233899 
75  	 4 	 49 	 6.151619 	 0.026129 	 6698.180852 
75  	 4 	 16 	 6.044949 	 0.027786 	 7117.246646 
75  	 4 	 40 	 4.360844 	 0.102793 	 25409.112138 
76  	 4 	 48 	 2.562758 	 0.832088 	 157227.917596 
76  	 4 	 47 	 3.690346 	 0.201708 	 47715.492264 
76  	 4 	 5 	 6.157099 	 0.026058 	 6680.204852 
76  	 4 	 23 	 4.514097 	 0.090313 	 22453.506228 
76  	 4 	 4 	 6.297518 	 0.023804 	 6109.075113 
76  	 4 	 38 	 4.303891 	 0.109076 	 26884.554101 
76  	 4 	 45 	 3.349210 	 0.297210 	 67574.233899 
76  	 4 	 49 	 6.151619 	 0.026129 	 6698.180852 
76  	 4 	 16 	 6.044949 	 0.027786 	 7117.246646 
76  	 4 	 40 	 4.360844 	 0.102793 	 25409.112138 
77  	 4 	 48 	 2.562758 	 0.832088 	 157227.917596 
77  	 4 	 47 	 3.690346 	 0.201708 	 47715.492264 
77  	 4 	 5 	 6.157099 	 0.026058 	 6680.204852 
77  	 4 	 23 	 4.514097 	 0.090313 	 22453.506228 
77  	 4 	 4 	 6.297518 	 0.023804 	 6109.075113 
77  	 4 	 38 	 4.303891 	 0.109076 	 26884.554101 
77  	 4 	 45 	 3.349210 	 0.297210 	 67574.233899 
77  	 4 	 49 	 6.151619 	 0.026129 	 6698.180852 
77  	 4 	 16 	 6.044949 	 0.027786 	 7117.246646 
77  	 4 	 40 	 4.360844 	 0.102793 	 25409.112138 
78  	 4 	 48 	 2.562758 	 0.832088 	 157227.917596 
78  	 4 	 47 	 3.690346 	 0.201708 	 47715.492264 
78  	 4 	 5 	 6.157099 	 0.026058 	 6680.204852 
78  	 4 	 23 	 4.514097 	 0.090313 	 22453.506228 
78  	 4 	 4 	 6.297518 	 0.023804 	 6109.075113 
78  	 4 	 38 	 4.303891 	 0.109076 	 26884.554101 
78  	 4 	 45 	 3.349210 	 0.297210 	 67574.233899 
78  	 4 	 49 	 6.151619 	 0.026129 	 6698.180852 
78  	 4 	 16 	 6.044949 	 0.027786 	 7117.246646 
78  	 4 	 40 	 4.360844 	 0.102793 	 25409.112138 
79  	 4 	 48 	 2.562758 	 0.832088 	 157227.917596 
79  	 4 	 47 	 3.690346 	 0.201708 	 47715.492264 
79  	 4 	 5 	 6.157099 	 0.026058 	 6680.204852 
79  	 4 	 23 	 4.514097 	 0.090313 	 22453.506228 
79  	 4 	 4 	 6.297518 	 0.023804 	 6109.075113 
79  	 4 	 38 	 4.303891 	 0.109076 	 26884.554101 
79  	 4 	 45 	 3.349210 	 0.297210 	 67574.233899 
79  	 4 	 49 	 6.151619 	 0.026129 	 6698.180852 
79  	 4 	 16 	 6.044949 	 0.027786 	 7117.246646 
79  	 4 	 40 	 4.360844 	 0.102793 	 25409.112138 
80  	 4 	 48 	 2.562758 	 0.832088 	 157227.917596 
80  	 4 	 47 	 3.690346 	 0.201708 	 47715.492264 
80  	 4 	 5 	 6.157099 	 0.026058 	 6680.204852 
80  	 4 	 23 	 4.514097 	 0.090313 	 22453.506228 
80  	 4 	 4 	 6.297518 	 0.023804 	 6109.075113 
80  	 4 	 38 	 4.303891 	 0.109076 	 26884.554101 
80  	 4 	 45 	 3.349210 	 0.297210 	 67574.233899 
80  	 4 	 49 	 6.151619 	 0.026129 	 6698.180852 
80  	 4 	 16 	 6.044949 	 0.027786 	 7117.246646 
80  	 4 	 40 	 4.360844 	 0.102793 	 25409.112138 
81  	 4 	 48 	 2.562758 	 0.832088 	 157227.917596 
81  	 4 	 47 	 3.690346 	 0.201708 	 47715.492264 
81  	 4 	 5 	 6.157099 	 0.026058 	 6680.204852 
81  	 4 	 23 	 4.514097 	 0.090313 	 22453.506228 
81  	 4 	 4 	 6.297518 	 0.023804 	 6109.075113 
81  	 4 	 38 	 4.303891 	 0.109076 	 26884.554101 
81  	 4 	 45 	 3.349210 	 0.297210 	 67574.233899 
81  	 4 	 49 	 6.151619 	 0.026129 	 6698.180852 
81  	 4 	 16 	 6.044949 	 0.027786 	 7117.246646 
81  	 4 	 40 	 4.360844 	 0.102793 	 25409.112138 
82  	 4 	 48 	 2.562758 	 0.832088 	 157227.917596 
82  	 4 	 47 	 3.690346 	 0.201708 	 47715.492264 
82  	 4 	 5 	 6.157099 	 0.026058 	 6680.204852 
82  	 4 	 23 	 4.514097 	 0.090313 	 22453.506228 
82  	 4 	 4 	 6.297518 	 0.023804 	 6109.075113 
82  	 4 	 38 	 4.303891 	 0.109076 	 26884.554101 
82  	 4 	 45 	 3.349210 	 0.297210 	 67574.233899 
82  	 4 	 49 	 6.151619 	 0.026129 	 6698.180852 
82  	 4 	 16 	 6.044949 	 0.027786 	 7117.246646 
82  	 4 	 40 	 4.360844 	 0.102793 	 25409.112138 
83  	 4 	 48 	 2.562758 	 0.832088 	 157227.917596 
83  	 4 	 47 	 3.690346 	 0.201708 	 47715.492264 
83  	 4 	 5 	 6.157099 	 0.026058 	 6680.204852 
83  	 4 	 23 	 4.514097 	 0.090313 	 22453.506228 
83  	 4 	 4 	 6.297518 	 0.023804 	 6109.075113 
83  	 4 	 38 	 4.303891 	 0.109076 	 26884.554101 
83  	 4 	 45 	 3.349210 	 0.297210 	 67574.233899 
83  	 4 	 49 	 6.151619 	 0.026129 	 6698.180852 
83  	 4 	 16 	 6.044949 	 0.027786 	 7117.246646 
83  	 4 	 40 	 4.360844 	 0.102793 	 25409.112138 
84  	 4 	 48 	 2.562758 	 0.832088 	 157227.917596 
84  	 4 	 47 	 3.690346 	 0.201708 	 47715.492264 
84  	 4 	 5 	 6.157099 	 0.026058 	 6680.204852 
84  	 4 	 23 	 4.514097 	 0.090313 	 22453.506228 
84  	 4 	 4 	 6.297518 	 0.023804 	 6109.075113 
84  	 4 	 38 	 4.303891 	 0.109076 	 26884.554101 
84  	 4 	 45 	 3.349210 	 0.297210 	 67574.233899 
84  	 4 	 49 	 6.151619 	 0.026129 	 6698.180852 
84  	 4 	 16 	 6.044949 	 0.027786 	 7117.246646 
84  	 4 	 40 	 4.360844 	 0.102793 	 25409.112138 
85  	 4 	 48 	 2.562758 	 0.832088 	 157227.917596 
85  	 4 	 47 	 3.690346 	 0.201708 	 47715.492264 
85  	 4 	 5 	 6.157099 	 0.026058 	 6680.204852 
85  	 4 	 23 	 4.514097 	 0.090313 	 22453.506228 
85  	 4 	 4 	 6.297518 	 0.023804 	 6109.075113 
85  	 4 	 38 	 4.303891 	 0.109076 	 26884.554101 
85  	 4 	 45 	 3.349210 	 0.297210 	 67574.233899 
85  	 4 	 49 	 6.151619 	 0.026129 	 6698.180852 
85  	 4 	 16 	 6.044949 	 0.027786 	 7117.246646 
85  	 4 	 40 	 4.360844 	 0.102793 	 25409.112138 
86  	 4 	 48 	 2.562758 	 0.832088 	 157227.917596 
86  	 4 	 47 	 3.690346 	 0.201708 	 47715.492264 
86  	 4 	 5 	 6.157099 	 0.026058 	 6680.204852 
86  	 4 	 23 	 4.514097 	 0.090313 	 22453.506228 
86  	 4 	 4 	 6.297518 	 0.023804 	 6109.075113 
86  	 4 	 38 	 4.303891 	 0.109076 	 26884.554101 
86  	 4 	 45 	 3.349210 	 0.297210 	 67574.233899 
86  	 4 	 49 	 6.151619 	 0.026129 	 6698.180852 
86  	 4 	 16 	 6.044949 	 0.027786 	 7117.246646 
86  	 4 	 40 	 4.360844 	 0.102793 	 25409.112138 
87  	 4 	 48 	 2.562758 	 0.832088 	 157227.917596 
87  	 4 	 47 	 3.690346 	 0.201708 	 47715.492264 
87  	 4 	 5 	 6.157099 	 0.026058 	 6680.204852 
87  	 4 	 23 	 4.514097 	 0.090313 	 22453.506228 
87  	 4 	 4 	 6.297518 	 0.023804 	 6109.075113 
87  	 4 	 38 	 4.303891 	 0.109076 	 26884.554101 
87  	 4 	 45 	 3.349210 	 0.297210 	 67574.233899 
87  	 4 	 49 	 6.151619 	 0.026129 	 6698.180852 
87  	 4 	 16 	 6.044949 	 0.027786 	 7117.246646 
87  	 4 	 40 	 4.360844 	 0.102793 	 25409.112138 
88  	 4 	 48 	 2.562758 	 0.832088 	 157227.917596 
88  	 4 	 47 	 3.690346 	 0.201708 	 47715.492264 
88  	 4 	 5 	 6.157099 	 0.026058 	 6680.204852 
88  	 4 	 23 	 4.514097 	 0.090313 	 22453.506228 
88  	 4 	 4 	 6.297518 	 0.023804 	 6109.075113 
88  	 4 	 38 	 4.303891 	 0.109076 	 26884.554101 
88  	 4 	 45 	 3.349210 	 0.297210 	 67574.233899 
88  	 4 	 49 	 6.151619 	 0.026129 	 6698.180852 
88  	 4 	 16 	 6.044949 	 0.027786 	 7117.246646 
88  	 4 	 40 	 4.360844 	 0.102793 	 25409.112138 
89  	 4 	 48 	 2.562758 	 0.832088 	 157227.917596 
89  	 4 	 47 	 3.690346 	 0.201708 	 47715.492264 
89  	 4 	 5 	 6.157099 	 0.026058 	 6680.204852 
89  	 4 	 23 	 4.514097 	 0.090313 	 22453.506228 
89  	 4 	 4 	 6.297518 	 0.023804 	 6109.075113 
89  	 4 	 38 	 4.303891 	 0.109076 	 26884.554101 
89  	 4 	 45 	 3.349210 	 0.297210 	 67574.233899 
89  	 4 	 49 	 6.151619 	 0.026129 	 6698.180852 
89  	 4 	 16 	 6.044949 	 0.027786 	 7117.246646 
89  	 4 	 40 	 4.360844 	 0.102793 	 25409.112138 
90  	 4 	 48 	 2.562758 	 0.832088 	 157227.917596 
90  	 4 	 47 	 3.690346 	 0.201708 	 47715.492264 
90  	 4 	 5 	 6.157099 	 0.026058 	 6680.204852 
90  	 4 	 23 	 4.514097 	 0.090313 	 22453.506228 
90  	 4 	 4 	 6.297518 	 0.023804 	 6109.075113 
90  	 4 	 38 	 4.303891 	 0.109076 	 26884.554101 
90  	 4 	 45 	 3.349210 	 0.297210 	 67574.233899 
90  	 4 	 49 	 6.151619 	 0.026129 	 6698.180852 
90  	 4 	 16 	 6.044949 	 0.027786 	 7117.246646 
90  	 4 	 40 	 4.360844 	 0.102793 	 25409.112138 
91  	 4 	 48 	 2.562758 	 0.832088 	 157227.917596 
91  	 4 	 47 	 3.690346 	 0.201708 	 47715.492264 
91  	 4 	 5 	 6.157099 	 0.026058 	 6680.204852 
91  	 4 	 23 	 4.514097 	 0.090313 	 22453.506228 
91  	 4 	 4 	 6.297518 	 0.023804 	 6109.075113 
91  	 4 	 38 	 4.303891 	 0.109076 	 26884.554101 
91  	 4 	 45 	 3.349210 	 0.297210 	 67574.233899 
91  	 4 	 49 	 6.151619 	 0.026129 	 6698.180852 
91  	 4 	 16 	 6.044949 	 0.027786 	 7117.246646 
91  	 4 	 40 	 4.360844 	 0.102793 	 25409.112138 
92  	 4 	 48 	 2.562758 	 0.832088 	 157227.917596 
92  	 4 	 47 	 3.690346 	 0.201708 	 47715.492264 
92  	 4 	 5 	 6.157099 	 0.026058 	 6680.204852 
92  	 4 	 23 	 4.514097 	 0.090313 	 22453.506228 
92  	 4 	 4 	 6.297518 	 0.023804 	 6109.075113 
92  	 4 	 38 	 4.303891 	 0.109076 	 26884.554101 
92  	 4 	 45 	 3.349210 	 0.297210 	 67574.233899 
92  	 4 	 49 	 6.151619 	 0.026129 	 6698.180852 
92  	 4 	 16 	 6.044949 	 0.027786 	 7117.246646 
92  	 4 	 40 	 4.360844 	 0.102793 	 25409.112138 
93  	 4 	 48 	 2.562758 	 0.832088 	 157227.917596 
93  	 4 	 47 	 3.690346 	 0.201708 	 47715.492264 
93  	 4 	 5 	 6.157099 	 0.026058 	 6680.204852 
93  	 4 	 23 	 4.514097 	 0.090313 	 22453.506228 
93  	 4 	 4 	 6.297518 	 0.023804 	 6109.075113 
93  	 4 	 38 	 4.303891 	 0.109076 	 26884.554101 
93  	 4 	 45 	 3.349210 	 0.297210 	 67574.233899 
93  	 4 	 49 	 6.151619 	 0.026129 	 6698.180852 
93  	 4 	 16 	 6.044949 	 0.027786 	 7117.246646 
93  	 4 	 40 	 4.360844 	 0.102793 	 25409.112138 
94  	 4 	 48 	 2.562758 	 0.832088 	 157227.917596 
94  	 4 	 47 	 3.690346 	 0.201708 	 47715.492264 
94  	 4 	 5 	 6.157099 	 0.026058 	 6680.204852 
94  	 4 	 23 	 4.514097 	 0.090313 	 22453.506228 
94  	 4 	 4 	 6.297518 	 0.023804 	 6109.075113 
94  	 4 	 38 	 4.303891 	 0.109076 	 26884.554101 
94  	 4 	 45 	 3.349210 	 0.297210 	 67574.233899 
94  	 4 	 49 	 6.151619 	 0.026129 	 6698.180852 
94  	 4 	 16 	 6.044949 	 0.027786 	 7117.246646 
94  	 4 	 40 	 4.360844 	 0.102793 	 25409.112138 
95  	 4 	 48 	 2.562758 	 0.832088 	 157227.917596 
95  	 4 	 47 	 3.690346 	 0.201708 	 47715.492264 
95  	 4 	 5 	 6.157099 	 0.026058 	 6680.204852 
95  	 4 	 23 	 4.514097 	 0.090313 	 22453.506228 
95  	 4 	 4 	 6.297518 	 0.023804 	 6109.075113 
95  	 4 	 38 	 4.303891 	 0.109076 	 26884.554101 
95  	 4 	 45 	 3.349210 	 0.297210 	 67574.233899 
95  	 4 	 49 	 6.151619 	 0.026129 	 6698.180852 
95  	 4 	 16 	 6.044949 	 0.027786 	 7117.246646 
95  	 4 	 40 	 4.360844 	 0.102793 	 25409.112138 
96  	 4 	 48 	 2.562758 	 0.832088 	 157227.917596 
96  	 4 	 47 	 3.690346 	 0.201708 	 47715.492264 
96  	 4 	 5 	 6.157099 	 0.026058 	 6680.204852 
96  	 4 	 23 	 4.514097 	 0.090313 	 22453.506228 
96  	 4 	 4 	 6.297518 	 0.023804 	 6109.075113 
96  	 4 	 38 	 4.303891 	 0.109076 	 26884.554101 
96  	 4 	 45 	 3.349210 	 0.297210 	 67574.233899 
96  	 4 	 49 	 6.151619 	 0.026129 	 6698.180852 
96  	 4 	 16 	 6.044949 	 0.027786 	 7117.246646 
96  	 4 	 40 	 4.360844 	 0.102793 	 25409.112138 
97  	 4 	 48 	 2.562758 	 0.832088 	 157227.917596 
97  	 4 	 47 	 3.690346 	 0.201708 	 47715.492264 
97  	 4 	 5 	 6.157099 	 0.026058 	 6680.204852 
97  	 4 	 23 	 4.514097 	 0.090313 	 22453.506228 
97  	 4 	 4 	 6.297518 	 0.023804 	 6109.075113 
97  	 4 	 38 	 4.303891 	 0.109076 	 26884.554101 
97  	 4 	 45 	 3.349210 	 0.297210 	 67574.233899 
97  	 4 	 49 	 6.151619 	 0.026129 	 6698.180852 
97  	 4 	 16 	 6.044949 	 0.027786 	 7117.246646 
97  	 4 	 40 	 4.360844 	 0.102793 	 25409.112138 
98  	 4 	 48 	 2.562758 	 0.832088 	 157227.917596 
98  	 4 	 47 	 3.690346 	 0.201708 	 47715.492264 
98  	 4 	 5 	 6.157099 	 0.026058 	 6680.204852 
98  	 4 	 23 	 4.514097 	 0.090313 	 22453.506228 
98  	 4 	 4 	 6.297518 	 0.023804 	 6109.075113 
98  	 4 	 38 	 4.303891 	 0.109076 	 26884.554101 
98  	 4 	 45 	 3.349210 	 0.297210 	 67574.233899 
98  	 4 	 49 	 6.151619 	 0.026129 	 6698.180852 
98  	 4 	 16 	 6.044949 	 0.027786 	 7117.246646 
98  	 4 	 40 	 4.360844 	 0.102793 	 25409.112138 
99  	 4 	 48 	 2.562758 	 0.832088 	 157227.917596 
99  	 4 	 47 	 3.690346 	 0.201708 	 47715.492264 
99  	 4 	 5 	 6.157099 	 0.026058 	 6680.204852 
99  	 4 	 23 	 4.514097 	 0.090313 	 22453.506228 
99  	 4 	 4 	 6.297518 	 0.023804 	 6109.075113 
99  	 4 	 38 	 4.303891 	 0.109076 	 26884.554101 
99  	 4 	 45 	 3.349210 	 0.297210 	 67574.233899 
99  	 4 	 49 	 6.151619 	 0.026129 	 6698.180852 
99  	 4 	 16 	 6.044949 	 0.027786 	 7117.246646 
99  	 4 	 40 	 4.360844 	 0.102793 	 25409.112138 
100  	 4 	 48 	 2.562758 	 0.832088 	 157227.917596 
100  	 4 	 47 	 3.690346 	 0.201708 	 47715.492264 
100  	 4 	 5 	 6.157099 	 0.026058 	 6680.204852 
100  	 4 	 23 	 4.514097 	 0.090313 	 22453.506228 
100  	 4 	 4 	 6.297518 	 0.023804 	 6109.075113 
100  	 4 	 38 	 4.303891 	 0.109076 	 26884.554101 
100  	 4 	 45 	 3.349210 	 0.297210 	 67574.233899 
100  	 4 	 49 	 6.151619 	 0.026129 	 6698.180852 
100  	 4 	 16 	 6.044949 	 0.027786 	 7117.246646 
100  	 4 	 40 	 4.360844 	 0.102793 	 25409.112138 
101  	 4 	 48 	 2.562758 	 0.832088 	 157227.917596 
101  	 4 	 47 	 3.690346 	 0.201708 	 47715.492264 
101  	 4 	 5 	 6.157099 	 0.026058 	 6680.204852 
101  	 4 	 23 	 4.514097 	 0.090313 	 22453.506228 
101  	 4 	 4 	 6.297518 	 0.023804 	 6109.075113 
101  	 4 	 38 	 4.303891 	 0.109076 	 26884.554101 
101  	 4 	 45 	 3.349210 	 0.297210 	 67574.233899 
101  	 4 	 49 	 6.151619 	 0.026129 	 6698.180852 
101  	 4 	 16 	 6.044949 	 0.027786 	 7117.246646 
101  	 4 	 40 	 4.360844 	 0.102793 	 25409.112138 
102  	 4 	 48 	 2.562758 	 0.832088 	 157227.917596 
102  	 4 	 47 	 3.690346 	 0.201708 	 47715.492264 
102  	 4 	 5 	 6.157099 	 0.026058 	 6680.204852 
102  	 4 	 23 	 4.514097 	 0.090313 	 22453.506228 
102  	 4 	 4 	 6.297518 	 0.023804 	 6109.075113 
102  	 4 	 38 	 4.303891 	 0.109076 	 26884.554101 
102  	 4 	 45 	 3.349210 	 0.297210 	 67574.233899 
102  	 4 	 49 	 6.151619 	 0.026129 	 6698.180852 
102  	 4 	 16 	 6.044949 	 0.027786 	 7117.246646 
102  	 4 	 40 	 4.360844 	 0.102793 	 25409.112138 
