1 	 1 	 1  	 3090.76 	  	 3090.76 	 	 0 	 	 3090.76  
1 	 2 	 2  	 285569 	  	 285569 	 	 0 	 	 285569 
1 	 3 	 3  	 149028 	  	 149028 	 	 0 	 	 149028 
1 	 4 	 4  	 67976.3 	  	 67976.3 	 	 0 	 	 67976.3 
1 	 5 	 5  	 83082.9 	  	 83082.9 	 	 0 	 	 83082.9 
1 	 6 	 6  	 504918 	  	 504918 	 	 0 	 	 504918 
1 	 7 	 7  	 162987 	  	 162987 	 	 0 	 	 162987 
2 	 1 	 8  	 3160.28 	  	 3160.28 	 	 3090.76 	 	 69.5222 
2 	 2 	 9  	 286584 	  	 286584 	 	 285569 	 	 1014.63 
2 	 3 	 10  	 149288 	  	 149288 	 	 149028 	 	 260.796 
2 	 4 	 11  	 67976.3 	  	 67976.3 	 	 67976.3 	 	 0 
2 	 5 	 12  	 83157.9 	  	 83157.9 	 	 83082.9 	 	 75.0015 
2 	 6 	 13  	 507213 	  	 507213 	 	 504918 	 	 2294.67 
2 	 7 	 14  	 163020 	  	 163020 	 	 162987 	 	 33.4645 
3 	 1 	 15  	 3160.28 	  	 3160.28 	 	 3160.28 	 	 0 
3 	 2 	 16  	 286584 	  	 286584 	 	 286584 	 	 0 
3 	 3 	 17  	 149288 	  	 149288 	 	 149288 	 	 0 
3 	 4 	 18  	 67976.3 	  	 67976.3 	 	 67976.3 	 	 0 
3 	 5 	 19  	 83157.9 	  	 83157.9 	 	 83157.9 	 	 0 
3 	 6 	 20  	 507213 	  	 507213 	 	 507213 	 	 0 
3 	 7 	 21  	 163020 	  	 163020 	 	 163020 	 	 0 
4 	 1 	 22  	 3160.28 	  	 3160.28 	 	 3160.28 	 	 0 
4 	 2 	 23  	 286584 	  	 286584 	 	 286584 	 	 0 
4 	 3 	 24  	 149288 	  	 149288 	 	 149288 	 	 0 
4 	 4 	 25  	 67976.3 	  	 67976.3 	 	 67976.3 	 	 0 
4 	 5 	 26  	 83157.9 	  	 83157.9 	 	 83157.9 	 	 0 
4 	 6 	 27  	 507213 	  	 507213 	 	 507213 	 	 0 
4 	 7 	 28  	 163020 	  	 163020 	 	 163020 	 	 0 
5 	 1 	 29  	 3160.28 	  	 3160.28 	 	 3160.28 	 	 0 
5 	 2 	 30  	 286584 	  	 286584 	 	 286584 	 	 0 
5 	 3 	 31  	 149288 	  	 149288 	 	 149288 	 	 0 
5 	 4 	 32  	 67976.3 	  	 67976.3 	 	 67976.3 	 	 0 
5 	 5 	 33  	 83157.9 	  	 83157.9 	 	 83157.9 	 	 0 
5 	 6 	 34  	 507213 	  	 507213 	 	 507213 	 	 0 
5 	 7 	 35  	 163020 	  	 163020 	 	 163020 	 	 0 
6 	 1 	 36  	 3160.28 	  	 3160.28 	 	 3160.28 	 	 0 
6 	 2 	 37  	 286584 	  	 286584 	 	 286584 	 	 0 
6 	 3 	 38  	 149288 	  	 149288 	 	 149288 	 	 0 
6 	 4 	 39  	 67976.3 	  	 67976.3 	 	 67976.3 	 	 0 
6 	 5 	 40  	 83157.9 	  	 83157.9 	 	 83157.9 	 	 0 
6 	 6 	 41  	 507213 	  	 507213 	 	 507213 	 	 0 
6 	 7 	 42  	 163020 	  	 163020 	 	 163020 	 	 0 
7 	 1 	 43  	 3160.28 	  	 3160.28 	 	 3160.28 	 	 0 
7 	 2 	 44  	 286584 	  	 286584 	 	 286584 	 	 0 
7 	 3 	 45  	 149288 	  	 149288 	 	 149288 	 	 0 
7 	 4 	 46  	 67976.3 	  	 67976.3 	 	 67976.3 	 	 0 
7 	 5 	 47  	 83157.9 	  	 83157.9 	 	 83157.9 	 	 0 
7 	 6 	 48  	 507213 	  	 507213 	 	 507213 	 	 0 
7 	 7 	 49  	 163020 	  	 163020 	 	 163020 	 	 0 
8 	 1 	 50  	 3160.28 	  	 3160.28 	 	 3160.28 	 	 0 
8 	 2 	 51  	 286584 	  	 286584 	 	 286584 	 	 0 
8 	 3 	 52  	 149288 	  	 149288 	 	 149288 	 	 0 
8 	 4 	 53  	 67976.3 	  	 67976.3 	 	 67976.3 	 	 0 
8 	 5 	 54  	 83157.9 	  	 83157.9 	 	 83157.9 	 	 0 
8 	 6 	 55  	 507213 	  	 507213 	 	 507213 	 	 0 
8 	 7 	 56  	 163020 	  	 163020 	 	 163020 	 	 0 
9 	 1 	 57  	 3160.28 	  	 3160.28 	 	 3160.28 	 	 0 
9 	 2 	 58  	 286584 	  	 286584 	 	 286584 	 	 0 
9 	 3 	 59  	 149288 	  	 149288 	 	 149288 	 	 0 
9 	 4 	 60  	 67976.3 	  	 67976.3 	 	 67976.3 	 	 0 
9 	 5 	 61  	 83157.9 	  	 83157.9 	 	 83157.9 	 	 0 
9 	 6 	 62  	 507213 	  	 507213 	 	 507213 	 	 0 
9 	 7 	 63  	 163020 	  	 163020 	 	 163020 	 	 0 
10 	 1 	 64  	 3160.28 	  	 3160.28 	 	 3160.28 	 	 0 
10 	 2 	 65  	 286584 	  	 286584 	 	 286584 	 	 0 
10 	 3 	 66  	 149288 	  	 149288 	 	 149288 	 	 0 
10 	 4 	 67  	 67976.3 	  	 67976.3 	 	 67976.3 	 	 0 
10 	 5 	 68  	 83157.9 	  	 83157.9 	 	 83157.9 	 	 0 
10 	 6 	 69  	 507213 	  	 507213 	 	 507213 	 	 0 
10 	 7 	 70  	 163020 	  	 163020 	 	 163020 	 	 0 
11 	 1 	 71  	 3160.28 	  	 3160.28 	 	 3160.28 	 	 0 
11 	 2 	 72  	 286584 	  	 286584 	 	 286584 	 	 0 
11 	 3 	 73  	 149288 	  	 149288 	 	 149288 	 	 0 
11 	 4 	 74  	 67976.3 	  	 67976.3 	 	 67976.3 	 	 0 
11 	 5 	 75  	 83157.9 	  	 83157.9 	 	 83157.9 	 	 0 
11 	 6 	 76  	 507213 	  	 507213 	 	 507213 	 	 0 
11 	 7 	 77  	 163020 	  	 163020 	 	 163020 	 	 0 
12 	 1 	 78  	 3160.28 	  	 3160.28 	 	 3160.28 	 	 0 
12 	 2 	 79  	 286584 	  	 286584 	 	 286584 	 	 0 
12 	 3 	 80  	 149288 	  	 149288 	 	 149288 	 	 0 
12 	 4 	 81  	 67976.3 	  	 67976.3 	 	 67976.3 	 	 0 
12 	 5 	 82  	 83157.9 	  	 83157.9 	 	 83157.9 	 	 0 
12 	 6 	 83  	 507213 	  	 507213 	 	 507213 	 	 0 
12 	 7 	 84  	 163020 	  	 163020 	 	 163020 	 	 0 
13 	 1 	 85  	 3160.28 	  	 3160.28 	 	 3160.28 	 	 0 
13 	 2 	 86  	 286584 	  	 286584 	 	 286584 	 	 0 
13 	 3 	 87  	 149288 	  	 149288 	 	 149288 	 	 0 
13 	 4 	 88  	 67976.3 	  	 67976.3 	 	 67976.3 	 	 0 
13 	 5 	 89  	 83157.9 	  	 83157.9 	 	 83157.9 	 	 0 
13 	 6 	 90  	 507213 	  	 507213 	 	 507213 	 	 0 
13 	 7 	 91  	 163020 	  	 163020 	 	 163020 	 	 0 
14 	 1 	 92  	 3160.28 	  	 3160.28 	 	 3160.28 	 	 0 
14 	 2 	 93  	 286584 	  	 286584 	 	 286584 	 	 0 
14 	 3 	 94  	 149288 	  	 149288 	 	 149288 	 	 0 
14 	 4 	 95  	 67976.3 	  	 67976.3 	 	 67976.3 	 	 0 
14 	 5 	 96  	 83157.9 	  	 83157.9 	 	 83157.9 	 	 0 
14 	 6 	 97  	 507213 	  	 507213 	 	 507213 	 	 0 
14 	 7 	 98  	 163020 	  	 163020 	 	 163020 	 	 0 
15 	 1 	 99  	 3160.28 	  	 3160.28 	 	 3160.28 	 	 0 
15 	 2 	 100  	 286584 	  	 286584 	 	 286584 	 	 0 
15 	 3 	 101  	 149288 	  	 149288 	 	 149288 	 	 0 
15 	 4 	 102  	 67976.3 	  	 67976.3 	 	 67976.3 	 	 0 
15 	 5 	 103  	 83157.9 	  	 83157.9 	 	 83157.9 	 	 0 
15 	 6 	 104  	 507213 	  	 507213 	 	 507213 	 	 0 
15 	 7 	 105  	 163020 	  	 163020 	 	 163020 	 	 0 
16 	 1 	 106  	 3160.28 	  	 3160.28 	 	 3160.28 	 	 0 
16 	 2 	 107  	 286584 	  	 286584 	 	 286584 	 	 0 
16 	 3 	 108  	 149288 	  	 149288 	 	 149288 	 	 0 
16 	 4 	 109  	 67976.3 	  	 67976.3 	 	 67976.3 	 	 0 
16 	 5 	 110  	 83157.9 	  	 83157.9 	 	 83157.9 	 	 0 
16 	 6 	 111  	 507213 	  	 507213 	 	 507213 	 	 0 
16 	 7 	 112  	 163020 	  	 163020 	 	 163020 	 	 0 
17 	 1 	 113  	 3160.28 	  	 3160.28 	 	 3160.28 	 	 0 
17 	 2 	 114  	 286584 	  	 286584 	 	 286584 	 	 0 
17 	 3 	 115  	 149288 	  	 149288 	 	 149288 	 	 0 
17 	 4 	 116  	 67976.3 	  	 67976.3 	 	 67976.3 	 	 0 
17 	 5 	 117  	 83157.9 	  	 83157.9 	 	 83157.9 	 	 0 
17 	 6 	 118  	 507213 	  	 507213 	 	 507213 	 	 0 
17 	 7 	 119  	 163020 	  	 163020 	 	 163020 	 	 0 
18 	 1 	 120  	 3160.28 	  	 3160.28 	 	 3160.28 	 	 0 
18 	 2 	 121  	 286584 	  	 286584 	 	 286584 	 	 0 
18 	 3 	 122  	 149288 	  	 149288 	 	 149288 	 	 0 
18 	 4 	 123  	 67976.3 	  	 67976.3 	 	 67976.3 	 	 0 
18 	 5 	 124  	 83157.9 	  	 83157.9 	 	 83157.9 	 	 0 
18 	 6 	 125  	 507213 	  	 507213 	 	 507213 	 	 0 
18 	 7 	 126  	 163020 	  	 163020 	 	 163020 	 	 0 
19 	 1 	 127  	 3160.28 	  	 3160.28 	 	 3160.28 	 	 0 
19 	 2 	 128  	 286584 	  	 286584 	 	 286584 	 	 0 
19 	 3 	 129  	 149288 	  	 149288 	 	 149288 	 	 0 
19 	 4 	 130  	 67976.3 	  	 67976.3 	 	 67976.3 	 	 0 
19 	 5 	 131  	 83157.9 	  	 83157.9 	 	 83157.9 	 	 0 
19 	 6 	 132  	 507213 	  	 507213 	 	 507213 	 	 0 
19 	 7 	 133  	 163020 	  	 163020 	 	 163020 	 	 0 
20 	 1 	 134  	 3160.28 	  	 3160.28 	 	 3160.28 	 	 0 
20 	 2 	 135  	 286584 	  	 286584 	 	 286584 	 	 0 
20 	 3 	 136  	 149288 	  	 149288 	 	 149288 	 	 0 
20 	 4 	 137  	 67976.3 	  	 67976.3 	 	 67976.3 	 	 0 
20 	 5 	 138  	 83157.9 	  	 83157.9 	 	 83157.9 	 	 0 
20 	 6 	 139  	 507213 	  	 507213 	 	 507213 	 	 0 
20 	 7 	 140  	 163020 	  	 163020 	 	 163020 	 	 0 
21 	 1 	 141  	 3160.28 	  	 3160.28 	 	 3160.28 	 	 0 
21 	 2 	 142  	 286584 	  	 286584 	 	 286584 	 	 0 
21 	 3 	 143  	 149288 	  	 149288 	 	 149288 	 	 0 
21 	 4 	 144  	 67976.3 	  	 67976.3 	 	 67976.3 	 	 0 
21 	 5 	 145  	 83157.9 	  	 83157.9 	 	 83157.9 	 	 0 
21 	 6 	 146  	 507213 	  	 507213 	 	 507213 	 	 0 
21 	 7 	 147  	 163020 	  	 163020 	 	 163020 	 	 0 
22 	 1 	 148  	 3160.28 	  	 3160.28 	 	 3160.28 	 	 0 
22 	 2 	 149  	 286584 	  	 286584 	 	 286584 	 	 0 
22 	 3 	 150  	 149288 	  	 149288 	 	 149288 	 	 0 
22 	 4 	 151  	 67976.3 	  	 67976.3 	 	 67976.3 	 	 0 
22 	 5 	 152  	 83157.9 	  	 83157.9 	 	 83157.9 	 	 0 
22 	 6 	 153  	 507213 	  	 507213 	 	 507213 	 	 0 
22 	 7 	 154  	 163020 	  	 163020 	 	 163020 	 	 0 
23 	 1 	 155  	 3160.28 	  	 3160.28 	 	 3160.28 	 	 0 
23 	 2 	 156  	 286584 	  	 286584 	 	 286584 	 	 0 
23 	 3 	 157  	 149288 	  	 149288 	 	 149288 	 	 0 
23 	 4 	 158  	 67976.3 	  	 67976.3 	 	 67976.3 	 	 0 
23 	 5 	 159  	 83157.9 	  	 83157.9 	 	 83157.9 	 	 0 
23 	 6 	 160  	 507213 	  	 507213 	 	 507213 	 	 0 
23 	 7 	 161  	 163020 	  	 163020 	 	 163020 	 	 0 
24 	 1 	 162  	 3160.28 	  	 3160.28 	 	 3160.28 	 	 0 
24 	 2 	 163  	 286584 	  	 286584 	 	 286584 	 	 0 
24 	 3 	 164  	 149288 	  	 149288 	 	 149288 	 	 0 
24 	 4 	 165  	 67976.3 	  	 67976.3 	 	 67976.3 	 	 0 
24 	 5 	 166  	 83157.9 	  	 83157.9 	 	 83157.9 	 	 0 
24 	 6 	 167  	 507213 	  	 507213 	 	 507213 	 	 0 
24 	 7 	 168  	 163020 	  	 163020 	 	 163020 	 	 0 
25 	 1 	 169  	 3160.28 	  	 3160.28 	 	 3160.28 	 	 0 
25 	 2 	 170  	 286584 	  	 286584 	 	 286584 	 	 0 
25 	 3 	 171  	 149288 	  	 149288 	 	 149288 	 	 0 
25 	 4 	 172  	 67976.3 	  	 67976.3 	 	 67976.3 	 	 0 
25 	 5 	 173  	 83157.9 	  	 83157.9 	 	 83157.9 	 	 0 
25 	 6 	 174  	 507213 	  	 507213 	 	 507213 	 	 0 
25 	 7 	 175  	 163020 	  	 163020 	 	 163020 	 	 0 
26 	 1 	 176  	 3160.28 	  	 3160.28 	 	 3160.28 	 	 0 
26 	 2 	 177  	 286584 	  	 286584 	 	 286584 	 	 0 
26 	 3 	 178  	 149288 	  	 149288 	 	 149288 	 	 0 
26 	 4 	 179  	 67976.3 	  	 67976.3 	 	 67976.3 	 	 0 
26 	 5 	 180  	 83157.9 	  	 83157.9 	 	 83157.9 	 	 0 
26 	 6 	 181  	 507213 	  	 507213 	 	 507213 	 	 0 
26 	 7 	 182  	 163020 	  	 163020 	 	 163020 	 	 0 
27 	 1 	 183  	 3160.28 	  	 3160.28 	 	 3160.28 	 	 0 
27 	 2 	 184  	 286584 	  	 286584 	 	 286584 	 	 0 
27 	 3 	 185  	 149288 	  	 149288 	 	 149288 	 	 0 
27 	 4 	 186  	 67976.3 	  	 67976.3 	 	 67976.3 	 	 0 
27 	 5 	 187  	 83157.9 	  	 83157.9 	 	 83157.9 	 	 0 
27 	 6 	 188  	 507213 	  	 507213 	 	 507213 	 	 0 
27 	 7 	 189  	 163020 	  	 163020 	 	 163020 	 	 0 
28 	 1 	 190  	 3160.28 	  	 3160.28 	 	 3160.28 	 	 0 
28 	 2 	 191  	 286584 	  	 286584 	 	 286584 	 	 0 
28 	 3 	 192  	 149288 	  	 149288 	 	 149288 	 	 0 
28 	 4 	 193  	 67976.3 	  	 67976.3 	 	 67976.3 	 	 0 
28 	 5 	 194  	 83157.9 	  	 83157.9 	 	 83157.9 	 	 0 
28 	 6 	 195  	 507213 	  	 507213 	 	 507213 	 	 0 
28 	 7 	 196  	 163020 	  	 163020 	 	 163020 	 	 0 
29 	 1 	 197  	 3160.28 	  	 3160.28 	 	 3160.28 	 	 0 
29 	 2 	 198  	 286584 	  	 286584 	 	 286584 	 	 0 
29 	 3 	 199  	 149288 	  	 149288 	 	 149288 	 	 0 
29 	 4 	 200  	 67976.3 	  	 67976.3 	 	 67976.3 	 	 0 
29 	 5 	 201  	 83157.9 	  	 83157.9 	 	 83157.9 	 	 0 
29 	 6 	 202  	 507213 	  	 507213 	 	 507213 	 	 0 
29 	 7 	 203  	 163020 	  	 163020 	 	 163020 	 	 0 
30 	 1 	 204  	 3160.28 	  	 3160.28 	 	 3160.28 	 	 0 
30 	 2 	 205  	 286584 	  	 286584 	 	 286584 	 	 0 
30 	 3 	 206  	 149288 	  	 149288 	 	 149288 	 	 0 
30 	 4 	 207  	 67976.3 	  	 67976.3 	 	 67976.3 	 	 0 
30 	 5 	 208  	 83157.9 	  	 83157.9 	 	 83157.9 	 	 0 
30 	 6 	 209  	 507213 	  	 507213 	 	 507213 	 	 0 
30 	 7 	 210  	 163020 	  	 163020 	 	 163020 	 	 0 
31 	 1 	 211  	 3160.28 	  	 3160.28 	 	 3160.28 	 	 0 
31 	 2 	 212  	 286584 	  	 286584 	 	 286584 	 	 0 
31 	 3 	 213  	 149288 	  	 149288 	 	 149288 	 	 0 
31 	 4 	 214  	 67976.3 	  	 67976.3 	 	 67976.3 	 	 0 
31 	 5 	 215  	 83157.9 	  	 83157.9 	 	 83157.9 	 	 0 
31 	 6 	 216  	 507213 	  	 507213 	 	 507213 	 	 0 
31 	 7 	 217  	 163020 	  	 163020 	 	 163020 	 	 0 
32 	 1 	 218  	 3160.28 	  	 3160.28 	 	 3160.28 	 	 0 
32 	 2 	 219  	 286584 	  	 286584 	 	 286584 	 	 0 
32 	 3 	 220  	 149288 	  	 149288 	 	 149288 	 	 0 
32 	 4 	 221  	 67976.3 	  	 67976.3 	 	 67976.3 	 	 0 
32 	 5 	 222  	 83157.9 	  	 83157.9 	 	 83157.9 	 	 0 
32 	 6 	 223  	 507213 	  	 507213 	 	 507213 	 	 0 
32 	 7 	 224  	 163020 	  	 163020 	 	 163020 	 	 0 
33 	 1 	 225  	 3160.28 	  	 3160.28 	 	 3160.28 	 	 0 
33 	 2 	 226  	 286584 	  	 286584 	 	 286584 	 	 0 
33 	 3 	 227  	 149288 	  	 149288 	 	 149288 	 	 0 
33 	 4 	 228  	 67976.3 	  	 67976.3 	 	 67976.3 	 	 0 
33 	 5 	 229  	 83157.9 	  	 83157.9 	 	 83157.9 	 	 0 
33 	 6 	 230  	 507213 	  	 507213 	 	 507213 	 	 0 
33 	 7 	 231  	 163020 	  	 163020 	 	 163020 	 	 0 
34 	 1 	 232  	 3160.28 	  	 3160.28 	 	 3160.28 	 	 0 
34 	 2 	 233  	 286584 	  	 286584 	 	 286584 	 	 0 
34 	 3 	 234  	 149288 	  	 149288 	 	 149288 	 	 0 
34 	 4 	 235  	 67976.3 	  	 67976.3 	 	 67976.3 	 	 0 
34 	 5 	 236  	 83157.9 	  	 83157.9 	 	 83157.9 	 	 0 
34 	 6 	 237  	 507213 	  	 507213 	 	 507213 	 	 0 
34 	 7 	 238  	 163020 	  	 163020 	 	 163020 	 	 0 
35 	 1 	 239  	 3160.28 	  	 3160.28 	 	 3160.28 	 	 0 
35 	 2 	 240  	 286584 	  	 286584 	 	 286584 	 	 0 
35 	 3 	 241  	 149288 	  	 149288 	 	 149288 	 	 0 
35 	 4 	 242  	 67976.3 	  	 67976.3 	 	 67976.3 	 	 0 
35 	 5 	 243  	 83157.9 	  	 83157.9 	 	 83157.9 	 	 0 
35 	 6 	 244  	 507213 	  	 507213 	 	 507213 	 	 0 
35 	 7 	 245  	 163020 	  	 163020 	 	 163020 	 	 0 
36 	 1 	 246  	 3160.28 	  	 3160.28 	 	 3160.28 	 	 0 
36 	 2 	 247  	 286584 	  	 286584 	 	 286584 	 	 0 
36 	 3 	 248  	 149288 	  	 149288 	 	 149288 	 	 0 
36 	 4 	 249  	 67976.3 	  	 67976.3 	 	 67976.3 	 	 0 
36 	 5 	 250  	 83157.9 	  	 83157.9 	 	 83157.9 	 	 0 
36 	 6 	 251  	 507213 	  	 507213 	 	 507213 	 	 0 
36 	 7 	 252  	 163020 	  	 163020 	 	 163020 	 	 0 
37 	 1 	 253  	 3160.28 	  	 3160.28 	 	 3160.28 	 	 0 
37 	 2 	 254  	 286584 	  	 286584 	 	 286584 	 	 0 
37 	 3 	 255  	 149288 	  	 149288 	 	 149288 	 	 0 
37 	 4 	 256  	 67976.3 	  	 67976.3 	 	 67976.3 	 	 0 
37 	 5 	 257  	 83157.9 	  	 83157.9 	 	 83157.9 	 	 0 
37 	 6 	 258  	 507213 	  	 507213 	 	 507213 	 	 0 
37 	 7 	 259  	 163020 	  	 163020 	 	 163020 	 	 0 
38 	 1 	 260  	 3160.28 	  	 3160.28 	 	 3160.28 	 	 0 
38 	 2 	 261  	 286584 	  	 286584 	 	 286584 	 	 0 
38 	 3 	 262  	 149288 	  	 149288 	 	 149288 	 	 0 
38 	 4 	 263  	 67976.3 	  	 67976.3 	 	 67976.3 	 	 0 
38 	 5 	 264  	 83157.9 	  	 83157.9 	 	 83157.9 	 	 0 
38 	 6 	 265  	 507213 	  	 507213 	 	 507213 	 	 0 
38 	 7 	 266  	 163020 	  	 163020 	 	 163020 	 	 0 
39 	 1 	 267  	 3160.28 	  	 3160.28 	 	 3160.28 	 	 0 
39 	 2 	 268  	 286584 	  	 286584 	 	 286584 	 	 0 
39 	 3 	 269  	 149288 	  	 149288 	 	 149288 	 	 0 
39 	 4 	 270  	 67976.3 	  	 67976.3 	 	 67976.3 	 	 0 
39 	 5 	 271  	 83157.9 	  	 83157.9 	 	 83157.9 	 	 0 
39 	 6 	 272  	 507213 	  	 507213 	 	 507213 	 	 0 
39 	 7 	 273  	 163020 	  	 163020 	 	 163020 	 	 0 
40 	 1 	 274  	 3160.28 	  	 3160.28 	 	 3160.28 	 	 0 
40 	 2 	 275  	 286584 	  	 286584 	 	 286584 	 	 0 
40 	 3 	 276  	 149288 	  	 149288 	 	 149288 	 	 0 
40 	 4 	 277  	 67976.3 	  	 67976.3 	 	 67976.3 	 	 0 
40 	 5 	 278  	 83157.9 	  	 83157.9 	 	 83157.9 	 	 0 
40 	 6 	 279  	 507213 	  	 507213 	 	 507213 	 	 0 
40 	 7 	 280  	 163020 	  	 163020 	 	 163020 	 	 0 
41 	 1 	 281  	 3160.28 	  	 3160.28 	 	 3160.28 	 	 0 
41 	 2 	 282  	 286584 	  	 286584 	 	 286584 	 	 0 
41 	 3 	 283  	 149288 	  	 149288 	 	 149288 	 	 0 
41 	 4 	 284  	 67976.3 	  	 67976.3 	 	 67976.3 	 	 0 
41 	 5 	 285  	 83157.9 	  	 83157.9 	 	 83157.9 	 	 0 
41 	 6 	 286  	 507213 	  	 507213 	 	 507213 	 	 0 
41 	 7 	 287  	 163020 	  	 163020 	 	 163020 	 	 0 
42 	 1 	 288  	 3160.28 	  	 3160.28 	 	 3160.28 	 	 0 
42 	 2 	 289  	 286584 	  	 286584 	 	 286584 	 	 0 
42 	 3 	 290  	 149288 	  	 149288 	 	 149288 	 	 0 
42 	 4 	 291  	 67976.3 	  	 67976.3 	 	 67976.3 	 	 0 
42 	 5 	 292  	 83157.9 	  	 83157.9 	 	 83157.9 	 	 0 
42 	 6 	 293  	 507213 	  	 507213 	 	 507213 	 	 0 
42 	 7 	 294  	 163020 	  	 163020 	 	 163020 	 	 0 
43 	 1 	 295  	 3160.28 	  	 3160.28 	 	 3160.28 	 	 0 
43 	 2 	 296  	 286584 	  	 286584 	 	 286584 	 	 0 
43 	 3 	 297  	 149288 	  	 149288 	 	 149288 	 	 0 
43 	 4 	 298  	 67976.3 	  	 67976.3 	 	 67976.3 	 	 0 
43 	 5 	 299  	 83157.9 	  	 83157.9 	 	 83157.9 	 	 0 
43 	 6 	 300  	 507213 	  	 507213 	 	 507213 	 	 0 
43 	 7 	 301  	 163020 	  	 163020 	 	 163020 	 	 0 
44 	 1 	 302  	 3160.28 	  	 3160.28 	 	 3160.28 	 	 0 
44 	 2 	 303  	 286584 	  	 286584 	 	 286584 	 	 0 
44 	 3 	 304  	 149288 	  	 149288 	 	 149288 	 	 0 
44 	 4 	 305  	 67976.3 	  	 67976.3 	 	 67976.3 	 	 0 
44 	 5 	 306  	 83157.9 	  	 83157.9 	 	 83157.9 	 	 0 
44 	 6 	 307  	 507213 	  	 507213 	 	 507213 	 	 0 
44 	 7 	 308  	 163020 	  	 163020 	 	 163020 	 	 0 
45 	 1 	 309  	 3160.28 	  	 3160.28 	 	 3160.28 	 	 0 
45 	 2 	 310  	 286584 	  	 286584 	 	 286584 	 	 0 
45 	 3 	 311  	 149288 	  	 149288 	 	 149288 	 	 0 
45 	 4 	 312  	 67976.3 	  	 67976.3 	 	 67976.3 	 	 0 
45 	 5 	 313  	 83157.9 	  	 83157.9 	 	 83157.9 	 	 0 
45 	 6 	 314  	 507213 	  	 507213 	 	 507213 	 	 0 
45 	 7 	 315  	 163020 	  	 163020 	 	 163020 	 	 0 
46 	 1 	 316  	 3160.28 	  	 3160.28 	 	 3160.28 	 	 0 
46 	 2 	 317  	 286584 	  	 286584 	 	 286584 	 	 0 
46 	 3 	 318  	 149288 	  	 149288 	 	 149288 	 	 0 
46 	 4 	 319  	 67976.3 	  	 67976.3 	 	 67976.3 	 	 0 
46 	 5 	 320  	 83157.9 	  	 83157.9 	 	 83157.9 	 	 0 
46 	 6 	 321  	 507213 	  	 507213 	 	 507213 	 	 0 
46 	 7 	 322  	 163020 	  	 163020 	 	 163020 	 	 0 
47 	 1 	 323  	 3160.28 	  	 3160.28 	 	 3160.28 	 	 0 
47 	 2 	 324  	 286584 	  	 286584 	 	 286584 	 	 0 
47 	 3 	 325  	 149288 	  	 149288 	 	 149288 	 	 0 
47 	 4 	 326  	 67976.3 	  	 67976.3 	 	 67976.3 	 	 0 
47 	 5 	 327  	 83157.9 	  	 83157.9 	 	 83157.9 	 	 0 
47 	 6 	 328  	 507213 	  	 507213 	 	 507213 	 	 0 
47 	 7 	 329  	 163020 	  	 163020 	 	 163020 	 	 0 
48 	 1 	 330  	 3160.28 	  	 3160.28 	 	 3160.28 	 	 0 
48 	 2 	 331  	 286584 	  	 286584 	 	 286584 	 	 0 
48 	 3 	 332  	 149288 	  	 149288 	 	 149288 	 	 0 
48 	 4 	 333  	 67976.3 	  	 67976.3 	 	 67976.3 	 	 0 
48 	 5 	 334  	 83157.9 	  	 83157.9 	 	 83157.9 	 	 0 
48 	 6 	 335  	 507213 	  	 507213 	 	 507213 	 	 0 
48 	 7 	 336  	 163020 	  	 163020 	 	 163020 	 	 0 
49 	 1 	 337  	 3160.28 	  	 3160.28 	 	 3160.28 	 	 0 
49 	 2 	 338  	 286584 	  	 286584 	 	 286584 	 	 0 
49 	 3 	 339  	 149288 	  	 149288 	 	 149288 	 	 0 
49 	 4 	 340  	 67976.3 	  	 67976.3 	 	 67976.3 	 	 0 
49 	 5 	 341  	 83157.9 	  	 83157.9 	 	 83157.9 	 	 0 
49 	 6 	 342  	 507213 	  	 507213 	 	 507213 	 	 0 
49 	 7 	 343  	 163020 	  	 163020 	 	 163020 	 	 0 
50 	 1 	 344  	 3160.28 	  	 3160.28 	 	 3160.28 	 	 0 
50 	 2 	 345  	 286584 	  	 286584 	 	 286584 	 	 0 
50 	 3 	 346  	 149288 	  	 149288 	 	 149288 	 	 0 
50 	 4 	 347  	 67976.3 	  	 67976.3 	 	 67976.3 	 	 0 
50 	 5 	 348  	 83157.9 	  	 83157.9 	 	 83157.9 	 	 0 
50 	 6 	 349  	 507213 	  	 507213 	 	 507213 	 	 0 
50 	 7 	 350  	 163020 	  	 163020 	 	 163020 	 	 0 
51 	 1 	 351  	 3160.28 	  	 3160.28 	 	 3160.28 	 	 0 
51 	 2 	 352  	 286584 	  	 286584 	 	 286584 	 	 0 
51 	 3 	 353  	 149288 	  	 149288 	 	 149288 	 	 0 
51 	 4 	 354  	 67976.3 	  	 67976.3 	 	 67976.3 	 	 0 
51 	 5 	 355  	 83157.9 	  	 83157.9 	 	 83157.9 	 	 0 
51 	 6 	 356  	 507213 	  	 507213 	 	 507213 	 	 0 
51 	 7 	 357  	 163020 	  	 163020 	 	 163020 	 	 0 
52 	 1 	 358  	 3160.28 	  	 3160.28 	 	 3160.28 	 	 0 
52 	 2 	 359  	 286584 	  	 286584 	 	 286584 	 	 0 
52 	 3 	 360  	 149288 	  	 149288 	 	 149288 	 	 0 
52 	 4 	 361  	 67976.3 	  	 67976.3 	 	 67976.3 	 	 0 
52 	 5 	 362  	 83157.9 	  	 83157.9 	 	 83157.9 	 	 0 
52 	 6 	 363  	 507213 	  	 507213 	 	 507213 	 	 0 
52 	 7 	 364  	 163020 	  	 163020 	 	 163020 	 	 0 
53 	 1 	 365  	 3160.28 	  	 3160.28 	 	 3160.28 	 	 0 
53 	 2 	 366  	 286584 	  	 286584 	 	 286584 	 	 0 
53 	 3 	 367  	 149288 	  	 149288 	 	 149288 	 	 0 
53 	 4 	 368  	 67976.3 	  	 67976.3 	 	 67976.3 	 	 0 
53 	 5 	 369  	 83157.9 	  	 83157.9 	 	 83157.9 	 	 0 
53 	 6 	 370  	 507213 	  	 507213 	 	 507213 	 	 0 
53 	 7 	 371  	 163020 	  	 163020 	 	 163020 	 	 0 
54 	 1 	 372  	 3160.28 	  	 3160.28 	 	 3160.28 	 	 0 
54 	 2 	 373  	 286584 	  	 286584 	 	 286584 	 	 0 
54 	 3 	 374  	 149288 	  	 149288 	 	 149288 	 	 0 
54 	 4 	 375  	 67976.3 	  	 67976.3 	 	 67976.3 	 	 0 
54 	 5 	 376  	 83157.9 	  	 83157.9 	 	 83157.9 	 	 0 
54 	 6 	 377  	 507213 	  	 507213 	 	 507213 	 	 0 
54 	 7 	 378  	 163020 	  	 163020 	 	 163020 	 	 0 
55 	 1 	 379  	 3160.28 	  	 3160.28 	 	 3160.28 	 	 0 
55 	 2 	 380  	 286584 	  	 286584 	 	 286584 	 	 0 
55 	 3 	 381  	 149288 	  	 149288 	 	 149288 	 	 0 
55 	 4 	 382  	 67976.3 	  	 67976.3 	 	 67976.3 	 	 0 
55 	 5 	 383  	 83157.9 	  	 83157.9 	 	 83157.9 	 	 0 
55 	 6 	 384  	 507213 	  	 507213 	 	 507213 	 	 0 
55 	 7 	 385  	 163020 	  	 163020 	 	 163020 	 	 0 
56 	 1 	 386  	 3160.28 	  	 3160.28 	 	 3160.28 	 	 0 
56 	 2 	 387  	 286584 	  	 286584 	 	 286584 	 	 0 
56 	 3 	 388  	 149288 	  	 149288 	 	 149288 	 	 0 
56 	 4 	 389  	 67976.3 	  	 67976.3 	 	 67976.3 	 	 0 
56 	 5 	 390  	 83157.9 	  	 83157.9 	 	 83157.9 	 	 0 
56 	 6 	 391  	 507213 	  	 507213 	 	 507213 	 	 0 
56 	 7 	 392  	 163020 	  	 163020 	 	 163020 	 	 0 
57 	 1 	 393  	 3160.28 	  	 3160.28 	 	 3160.28 	 	 0 
57 	 2 	 394  	 286584 	  	 286584 	 	 286584 	 	 0 
57 	 3 	 395  	 149288 	  	 149288 	 	 149288 	 	 0 
57 	 4 	 396  	 67976.3 	  	 67976.3 	 	 67976.3 	 	 0 
57 	 5 	 397  	 83157.9 	  	 83157.9 	 	 83157.9 	 	 0 
57 	 6 	 398  	 507213 	  	 507213 	 	 507213 	 	 0 
57 	 7 	 399  	 163020 	  	 163020 	 	 163020 	 	 0 
58 	 1 	 400  	 3160.28 	  	 3160.28 	 	 3160.28 	 	 0 
58 	 2 	 401  	 286584 	  	 286584 	 	 286584 	 	 0 
58 	 3 	 402  	 149288 	  	 149288 	 	 149288 	 	 0 
58 	 4 	 403  	 67976.3 	  	 67976.3 	 	 67976.3 	 	 0 
58 	 5 	 404  	 83157.9 	  	 83157.9 	 	 83157.9 	 	 0 
58 	 6 	 405  	 507213 	  	 507213 	 	 507213 	 	 0 
58 	 7 	 406  	 163020 	  	 163020 	 	 163020 	 	 0 
59 	 1 	 407  	 3160.28 	  	 3160.28 	 	 3160.28 	 	 0 
59 	 2 	 408  	 286584 	  	 286584 	 	 286584 	 	 0 
59 	 3 	 409  	 149288 	  	 149288 	 	 149288 	 	 0 
59 	 4 	 410  	 67976.3 	  	 67976.3 	 	 67976.3 	 	 0 
59 	 5 	 411  	 83157.9 	  	 83157.9 	 	 83157.9 	 	 0 
59 	 6 	 412  	 507213 	  	 507213 	 	 507213 	 	 0 
59 	 7 	 413  	 163020 	  	 163020 	 	 163020 	 	 0 
60 	 1 	 414  	 3160.28 	  	 3160.28 	 	 3160.28 	 	 0 
60 	 2 	 415  	 286584 	  	 286584 	 	 286584 	 	 0 
60 	 3 	 416  	 149288 	  	 149288 	 	 149288 	 	 0 
60 	 4 	 417  	 67976.3 	  	 67976.3 	 	 67976.3 	 	 0 
60 	 5 	 418  	 83157.9 	  	 83157.9 	 	 83157.9 	 	 0 
60 	 6 	 419  	 507213 	  	 507213 	 	 507213 	 	 0 
60 	 7 	 420  	 163020 	  	 163020 	 	 163020 	 	 0 
61 	 1 	 421  	 3160.28 	  	 3160.28 	 	 3160.28 	 	 0 
61 	 2 	 422  	 286584 	  	 286584 	 	 286584 	 	 0 
61 	 3 	 423  	 149288 	  	 149288 	 	 149288 	 	 0 
61 	 4 	 424  	 67976.3 	  	 67976.3 	 	 67976.3 	 	 0 
61 	 5 	 425  	 83157.9 	  	 83157.9 	 	 83157.9 	 	 0 
61 	 6 	 426  	 507213 	  	 507213 	 	 507213 	 	 0 
61 	 7 	 427  	 163020 	  	 163020 	 	 163020 	 	 0 
62 	 1 	 428  	 3160.28 	  	 3160.28 	 	 3160.28 	 	 0 
62 	 2 	 429  	 286584 	  	 286584 	 	 286584 	 	 0 
62 	 3 	 430  	 149288 	  	 149288 	 	 149288 	 	 0 
62 	 4 	 431  	 67976.3 	  	 67976.3 	 	 67976.3 	 	 0 
62 	 5 	 432  	 83157.9 	  	 83157.9 	 	 83157.9 	 	 0 
62 	 6 	 433  	 507213 	  	 507213 	 	 507213 	 	 0 
62 	 7 	 434  	 163020 	  	 163020 	 	 163020 	 	 0 
63 	 1 	 435  	 3160.28 	  	 3160.28 	 	 3160.28 	 	 0 
63 	 2 	 436  	 286584 	  	 286584 	 	 286584 	 	 0 
63 	 3 	 437  	 149288 	  	 149288 	 	 149288 	 	 0 
63 	 4 	 438  	 67976.3 	  	 67976.3 	 	 67976.3 	 	 0 
63 	 5 	 439  	 83157.9 	  	 83157.9 	 	 83157.9 	 	 0 
63 	 6 	 440  	 507213 	  	 507213 	 	 507213 	 	 0 
63 	 7 	 441  	 163020 	  	 163020 	 	 163020 	 	 0 
64 	 1 	 442  	 3160.28 	  	 3160.28 	 	 3160.28 	 	 0 
64 	 2 	 443  	 286584 	  	 286584 	 	 286584 	 	 0 
64 	 3 	 444  	 149288 	  	 149288 	 	 149288 	 	 0 
64 	 4 	 445  	 67976.3 	  	 67976.3 	 	 67976.3 	 	 0 
64 	 5 	 446  	 83157.9 	  	 83157.9 	 	 83157.9 	 	 0 
64 	 6 	 447  	 507213 	  	 507213 	 	 507213 	 	 0 
64 	 7 	 448  	 163020 	  	 163020 	 	 163020 	 	 0 
65 	 1 	 449  	 3160.28 	  	 3160.28 	 	 3160.28 	 	 0 
65 	 2 	 450  	 286584 	  	 286584 	 	 286584 	 	 0 
65 	 3 	 451  	 149288 	  	 149288 	 	 149288 	 	 0 
65 	 4 	 452  	 67976.3 	  	 67976.3 	 	 67976.3 	 	 0 
65 	 5 	 453  	 83157.9 	  	 83157.9 	 	 83157.9 	 	 0 
65 	 6 	 454  	 507213 	  	 507213 	 	 507213 	 	 0 
65 	 7 	 455  	 163020 	  	 163020 	 	 163020 	 	 0 
66 	 1 	 456  	 3160.28 	  	 3160.28 	 	 3160.28 	 	 0 
66 	 2 	 457  	 286584 	  	 286584 	 	 286584 	 	 0 
66 	 3 	 458  	 149288 	  	 149288 	 	 149288 	 	 0 
66 	 4 	 459  	 67976.3 	  	 67976.3 	 	 67976.3 	 	 0 
66 	 5 	 460  	 83157.9 	  	 83157.9 	 	 83157.9 	 	 0 
66 	 6 	 461  	 507213 	  	 507213 	 	 507213 	 	 0 
66 	 7 	 462  	 163020 	  	 163020 	 	 163020 	 	 0 
67 	 1 	 463  	 3160.28 	  	 3160.28 	 	 3160.28 	 	 0 
67 	 2 	 464  	 286584 	  	 286584 	 	 286584 	 	 0 
67 	 3 	 465  	 149288 	  	 149288 	 	 149288 	 	 0 
67 	 4 	 466  	 67976.3 	  	 67976.3 	 	 67976.3 	 	 0 
67 	 5 	 467  	 83157.9 	  	 83157.9 	 	 83157.9 	 	 0 
67 	 6 	 468  	 507213 	  	 507213 	 	 507213 	 	 0 
67 	 7 	 469  	 163020 	  	 163020 	 	 163020 	 	 0 
68 	 1 	 470  	 3160.28 	  	 3160.28 	 	 3160.28 	 	 0 
68 	 2 	 471  	 286584 	  	 286584 	 	 286584 	 	 0 
68 	 3 	 472  	 149288 	  	 149288 	 	 149288 	 	 0 
68 	 4 	 473  	 67976.3 	  	 67976.3 	 	 67976.3 	 	 0 
68 	 5 	 474  	 83157.9 	  	 83157.9 	 	 83157.9 	 	 0 
68 	 6 	 475  	 507213 	  	 507213 	 	 507213 	 	 0 
68 	 7 	 476  	 163020 	  	 163020 	 	 163020 	 	 0 
69 	 1 	 477  	 3160.28 	  	 3160.28 	 	 3160.28 	 	 0 
69 	 2 	 478  	 286584 	  	 286584 	 	 286584 	 	 0 
69 	 3 	 479  	 149288 	  	 149288 	 	 149288 	 	 0 
69 	 4 	 480  	 67976.3 	  	 67976.3 	 	 67976.3 	 	 0 
69 	 5 	 481  	 83157.9 	  	 83157.9 	 	 83157.9 	 	 0 
69 	 6 	 482  	 507213 	  	 507213 	 	 507213 	 	 0 
69 	 7 	 483  	 163020 	  	 163020 	 	 163020 	 	 0 
70 	 1 	 484  	 3160.28 	  	 3160.28 	 	 3160.28 	 	 0 
70 	 2 	 485  	 286584 	  	 286584 	 	 286584 	 	 0 
70 	 3 	 486  	 149288 	  	 149288 	 	 149288 	 	 0 
70 	 4 	 487  	 67976.3 	  	 67976.3 	 	 67976.3 	 	 0 
70 	 5 	 488  	 83157.9 	  	 83157.9 	 	 83157.9 	 	 0 
70 	 6 	 489  	 507213 	  	 507213 	 	 507213 	 	 0 
70 	 7 	 490  	 163020 	  	 163020 	 	 163020 	 	 0 
71 	 1 	 491  	 3160.28 	  	 3160.28 	 	 3160.28 	 	 0 
71 	 2 	 492  	 286584 	  	 286584 	 	 286584 	 	 0 
71 	 3 	 493  	 149288 	  	 149288 	 	 149288 	 	 0 
71 	 4 	 494  	 67976.3 	  	 67976.3 	 	 67976.3 	 	 0 
71 	 5 	 495  	 83157.9 	  	 83157.9 	 	 83157.9 	 	 0 
71 	 6 	 496  	 507213 	  	 507213 	 	 507213 	 	 0 
71 	 7 	 497  	 163020 	  	 163020 	 	 163020 	 	 0 
72 	 1 	 498  	 3160.28 	  	 3160.28 	 	 3160.28 	 	 0 
72 	 2 	 499  	 286584 	  	 286584 	 	 286584 	 	 0 
72 	 3 	 500  	 149288 	  	 149288 	 	 149288 	 	 0 
72 	 4 	 501  	 67976.3 	  	 67976.3 	 	 67976.3 	 	 0 
72 	 5 	 502  	 83157.9 	  	 83157.9 	 	 83157.9 	 	 0 
72 	 6 	 503  	 507213 	  	 507213 	 	 507213 	 	 0 
72 	 7 	 504  	 163020 	  	 163020 	 	 163020 	 	 0 
73 	 1 	 505  	 3160.28 	  	 3160.28 	 	 3160.28 	 	 0 
73 	 2 	 506  	 286584 	  	 286584 	 	 286584 	 	 0 
73 	 3 	 507  	 149288 	  	 149288 	 	 149288 	 	 0 
73 	 4 	 508  	 67976.3 	  	 67976.3 	 	 67976.3 	 	 0 
73 	 5 	 509  	 83157.9 	  	 83157.9 	 	 83157.9 	 	 0 
73 	 6 	 510  	 507213 	  	 507213 	 	 507213 	 	 0 
73 	 7 	 511  	 163020 	  	 163020 	 	 163020 	 	 0 
74 	 1 	 512  	 3160.28 	  	 3160.28 	 	 3160.28 	 	 0 
74 	 2 	 513  	 286584 	  	 286584 	 	 286584 	 	 0 
74 	 3 	 514  	 149288 	  	 149288 	 	 149288 	 	 0 
74 	 4 	 515  	 67976.3 	  	 67976.3 	 	 67976.3 	 	 0 
74 	 5 	 516  	 83157.9 	  	 83157.9 	 	 83157.9 	 	 0 
74 	 6 	 517  	 507213 	  	 507213 	 	 507213 	 	 0 
74 	 7 	 518  	 163020 	  	 163020 	 	 163020 	 	 0 
75 	 1 	 519  	 3160.28 	  	 3160.28 	 	 3160.28 	 	 0 
75 	 2 	 520  	 286584 	  	 286584 	 	 286584 	 	 0 
75 	 3 	 521  	 149288 	  	 149288 	 	 149288 	 	 0 
75 	 4 	 522  	 67976.3 	  	 67976.3 	 	 67976.3 	 	 0 
75 	 5 	 523  	 83157.9 	  	 83157.9 	 	 83157.9 	 	 0 
75 	 6 	 524  	 507213 	  	 507213 	 	 507213 	 	 0 
75 	 7 	 525  	 163020 	  	 163020 	 	 163020 	 	 0 
76 	 1 	 526  	 3160.28 	  	 3160.28 	 	 3160.28 	 	 0 
76 	 2 	 527  	 286584 	  	 286584 	 	 286584 	 	 0 
76 	 3 	 528  	 149288 	  	 149288 	 	 149288 	 	 0 
76 	 4 	 529  	 67976.3 	  	 67976.3 	 	 67976.3 	 	 0 
76 	 5 	 530  	 83157.9 	  	 83157.9 	 	 83157.9 	 	 0 
76 	 6 	 531  	 507213 	  	 507213 	 	 507213 	 	 0 
76 	 7 	 532  	 163020 	  	 163020 	 	 163020 	 	 0 
77 	 1 	 533  	 3160.28 	  	 3160.28 	 	 3160.28 	 	 0 
77 	 2 	 534  	 286584 	  	 286584 	 	 286584 	 	 0 
77 	 3 	 535  	 149288 	  	 149288 	 	 149288 	 	 0 
77 	 4 	 536  	 67976.3 	  	 67976.3 	 	 67976.3 	 	 0 
77 	 5 	 537  	 83157.9 	  	 83157.9 	 	 83157.9 	 	 0 
77 	 6 	 538  	 507213 	  	 507213 	 	 507213 	 	 0 
77 	 7 	 539  	 163020 	  	 163020 	 	 163020 	 	 0 
78 	 1 	 540  	 3160.28 	  	 3160.28 	 	 3160.28 	 	 0 
78 	 2 	 541  	 286584 	  	 286584 	 	 286584 	 	 0 
78 	 3 	 542  	 149288 	  	 149288 	 	 149288 	 	 0 
78 	 4 	 543  	 67976.3 	  	 67976.3 	 	 67976.3 	 	 0 
78 	 5 	 544  	 83157.9 	  	 83157.9 	 	 83157.9 	 	 0 
78 	 6 	 545  	 507213 	  	 507213 	 	 507213 	 	 0 
78 	 7 	 546  	 163020 	  	 163020 	 	 163020 	 	 0 
79 	 1 	 547  	 3160.28 	  	 3160.28 	 	 3160.28 	 	 0 
79 	 2 	 548  	 286584 	  	 286584 	 	 286584 	 	 0 
79 	 3 	 549  	 149288 	  	 149288 	 	 149288 	 	 0 
79 	 4 	 550  	 67976.3 	  	 67976.3 	 	 67976.3 	 	 0 
79 	 5 	 551  	 83157.9 	  	 83157.9 	 	 83157.9 	 	 0 
79 	 6 	 552  	 507213 	  	 507213 	 	 507213 	 	 0 
79 	 7 	 553  	 163020 	  	 163020 	 	 163020 	 	 0 
80 	 1 	 554  	 3160.28 	  	 3160.28 	 	 3160.28 	 	 0 
80 	 2 	 555  	 286584 	  	 286584 	 	 286584 	 	 0 
80 	 3 	 556  	 149288 	  	 149288 	 	 149288 	 	 0 
80 	 4 	 557  	 67976.3 	  	 67976.3 	 	 67976.3 	 	 0 
80 	 5 	 558  	 83157.9 	  	 83157.9 	 	 83157.9 	 	 0 
80 	 6 	 559  	 507213 	  	 507213 	 	 507213 	 	 0 
80 	 7 	 560  	 163020 	  	 163020 	 	 163020 	 	 0 
81 	 1 	 561  	 3160.28 	  	 3160.28 	 	 3160.28 	 	 0 
81 	 2 	 562  	 286584 	  	 286584 	 	 286584 	 	 0 
81 	 3 	 563  	 149288 	  	 149288 	 	 149288 	 	 0 
81 	 4 	 564  	 67976.3 	  	 67976.3 	 	 67976.3 	 	 0 
81 	 5 	 565  	 83157.9 	  	 83157.9 	 	 83157.9 	 	 0 
81 	 6 	 566  	 507213 	  	 507213 	 	 507213 	 	 0 
81 	 7 	 567  	 163020 	  	 163020 	 	 163020 	 	 0 
82 	 1 	 568  	 3160.28 	  	 3160.28 	 	 3160.28 	 	 0 
82 	 2 	 569  	 286584 	  	 286584 	 	 286584 	 	 0 
82 	 3 	 570  	 149288 	  	 149288 	 	 149288 	 	 0 
82 	 4 	 571  	 67976.3 	  	 67976.3 	 	 67976.3 	 	 0 
82 	 5 	 572  	 83157.9 	  	 83157.9 	 	 83157.9 	 	 0 
82 	 6 	 573  	 507213 	  	 507213 	 	 507213 	 	 0 
82 	 7 	 574  	 163020 	  	 163020 	 	 163020 	 	 0 
83 	 1 	 575  	 3160.28 	  	 3160.28 	 	 3160.28 	 	 0 
83 	 2 	 576  	 286584 	  	 286584 	 	 286584 	 	 0 
83 	 3 	 577  	 149288 	  	 149288 	 	 149288 	 	 0 
83 	 4 	 578  	 67976.3 	  	 67976.3 	 	 67976.3 	 	 0 
83 	 5 	 579  	 83157.9 	  	 83157.9 	 	 83157.9 	 	 0 
83 	 6 	 580  	 507213 	  	 507213 	 	 507213 	 	 0 
83 	 7 	 581  	 163020 	  	 163020 	 	 163020 	 	 0 
84 	 1 	 582  	 3160.28 	  	 3160.28 	 	 3160.28 	 	 0 
84 	 2 	 583  	 286584 	  	 286584 	 	 286584 	 	 0 
84 	 3 	 584  	 149288 	  	 149288 	 	 149288 	 	 0 
84 	 4 	 585  	 67976.3 	  	 67976.3 	 	 67976.3 	 	 0 
84 	 5 	 586  	 83157.9 	  	 83157.9 	 	 83157.9 	 	 0 
84 	 6 	 587  	 507213 	  	 507213 	 	 507213 	 	 0 
84 	 7 	 588  	 163020 	  	 163020 	 	 163020 	 	 0 
85 	 1 	 589  	 3160.28 	  	 3160.28 	 	 3160.28 	 	 0 
85 	 2 	 590  	 286584 	  	 286584 	 	 286584 	 	 0 
85 	 3 	 591  	 149288 	  	 149288 	 	 149288 	 	 0 
85 	 4 	 592  	 67976.3 	  	 67976.3 	 	 67976.3 	 	 0 
85 	 5 	 593  	 83157.9 	  	 83157.9 	 	 83157.9 	 	 0 
85 	 6 	 594  	 507213 	  	 507213 	 	 507213 	 	 0 
85 	 7 	 595  	 163020 	  	 163020 	 	 163020 	 	 0 
86 	 1 	 596  	 3160.28 	  	 3160.28 	 	 3160.28 	 	 0 
86 	 2 	 597  	 286584 	  	 286584 	 	 286584 	 	 0 
86 	 3 	 598  	 149288 	  	 149288 	 	 149288 	 	 0 
86 	 4 	 599  	 67976.3 	  	 67976.3 	 	 67976.3 	 	 0 
86 	 5 	 600  	 83157.9 	  	 83157.9 	 	 83157.9 	 	 0 
86 	 6 	 601  	 507213 	  	 507213 	 	 507213 	 	 0 
86 	 7 	 602  	 163020 	  	 163020 	 	 163020 	 	 0 
87 	 1 	 603  	 3160.28 	  	 3160.28 	 	 3160.28 	 	 0 
87 	 2 	 604  	 286584 	  	 286584 	 	 286584 	 	 0 
87 	 3 	 605  	 149288 	  	 149288 	 	 149288 	 	 0 
87 	 4 	 606  	 67976.3 	  	 67976.3 	 	 67976.3 	 	 0 
87 	 5 	 607  	 83157.9 	  	 83157.9 	 	 83157.9 	 	 0 
87 	 6 	 608  	 507213 	  	 507213 	 	 507213 	 	 0 
87 	 7 	 609  	 163020 	  	 163020 	 	 163020 	 	 0 
88 	 1 	 610  	 3160.28 	  	 3160.28 	 	 3160.28 	 	 0 
88 	 2 	 611  	 286584 	  	 286584 	 	 286584 	 	 0 
88 	 3 	 612  	 149288 	  	 149288 	 	 149288 	 	 0 
88 	 4 	 613  	 67976.3 	  	 67976.3 	 	 67976.3 	 	 0 
88 	 5 	 614  	 83157.9 	  	 83157.9 	 	 83157.9 	 	 0 
88 	 6 	 615  	 507213 	  	 507213 	 	 507213 	 	 0 
88 	 7 	 616  	 163020 	  	 163020 	 	 163020 	 	 0 
89 	 1 	 617  	 3160.28 	  	 3160.28 	 	 3160.28 	 	 0 
89 	 2 	 618  	 286584 	  	 286584 	 	 286584 	 	 0 
89 	 3 	 619  	 149288 	  	 149288 	 	 149288 	 	 0 
89 	 4 	 620  	 67976.3 	  	 67976.3 	 	 67976.3 	 	 0 
89 	 5 	 621  	 83157.9 	  	 83157.9 	 	 83157.9 	 	 0 
89 	 6 	 622  	 507213 	  	 507213 	 	 507213 	 	 0 
89 	 7 	 623  	 163020 	  	 163020 	 	 163020 	 	 0 
90 	 1 	 624  	 3160.28 	  	 3160.28 	 	 3160.28 	 	 0 
90 	 2 	 625  	 286584 	  	 286584 	 	 286584 	 	 0 
90 	 3 	 626  	 149288 	  	 149288 	 	 149288 	 	 0 
90 	 4 	 627  	 67976.3 	  	 67976.3 	 	 67976.3 	 	 0 
90 	 5 	 628  	 83157.9 	  	 83157.9 	 	 83157.9 	 	 0 
90 	 6 	 629  	 507213 	  	 507213 	 	 507213 	 	 0 
90 	 7 	 630  	 163020 	  	 163020 	 	 163020 	 	 0 
91 	 1 	 631  	 3160.28 	  	 3160.28 	 	 3160.28 	 	 0 
91 	 2 	 632  	 286584 	  	 286584 	 	 286584 	 	 0 
91 	 3 	 633  	 149288 	  	 149288 	 	 149288 	 	 0 
91 	 4 	 634  	 67976.3 	  	 67976.3 	 	 67976.3 	 	 0 
91 	 5 	 635  	 83157.9 	  	 83157.9 	 	 83157.9 	 	 0 
91 	 6 	 636  	 507213 	  	 507213 	 	 507213 	 	 0 
91 	 7 	 637  	 163020 	  	 163020 	 	 163020 	 	 0 
92 	 1 	 638  	 3160.28 	  	 3160.28 	 	 3160.28 	 	 0 
92 	 2 	 639  	 286584 	  	 286584 	 	 286584 	 	 0 
92 	 3 	 640  	 149288 	  	 149288 	 	 149288 	 	 0 
92 	 4 	 641  	 67976.3 	  	 67976.3 	 	 67976.3 	 	 0 
92 	 5 	 642  	 83157.9 	  	 83157.9 	 	 83157.9 	 	 0 
92 	 6 	 643  	 507213 	  	 507213 	 	 507213 	 	 0 
92 	 7 	 644  	 163020 	  	 163020 	 	 163020 	 	 0 
93 	 1 	 645  	 3160.28 	  	 3160.28 	 	 3160.28 	 	 0 
93 	 2 	 646  	 286584 	  	 286584 	 	 286584 	 	 0 
93 	 3 	 647  	 149288 	  	 149288 	 	 149288 	 	 0 
93 	 4 	 648  	 67976.3 	  	 67976.3 	 	 67976.3 	 	 0 
93 	 5 	 649  	 83157.9 	  	 83157.9 	 	 83157.9 	 	 0 
93 	 6 	 650  	 507213 	  	 507213 	 	 507213 	 	 0 
93 	 7 	 651  	 163020 	  	 163020 	 	 163020 	 	 0 
94 	 1 	 652  	 3160.28 	  	 3160.28 	 	 3160.28 	 	 0 
94 	 2 	 653  	 286584 	  	 286584 	 	 286584 	 	 0 
94 	 3 	 654  	 149288 	  	 149288 	 	 149288 	 	 0 
94 	 4 	 655  	 67976.3 	  	 67976.3 	 	 67976.3 	 	 0 
94 	 5 	 656  	 83157.9 	  	 83157.9 	 	 83157.9 	 	 0 
94 	 6 	 657  	 507213 	  	 507213 	 	 507213 	 	 0 
94 	 7 	 658  	 163020 	  	 163020 	 	 163020 	 	 0 
95 	 1 	 659  	 3160.28 	  	 3160.28 	 	 3160.28 	 	 0 
95 	 2 	 660  	 286584 	  	 286584 	 	 286584 	 	 0 
95 	 3 	 661  	 149288 	  	 149288 	 	 149288 	 	 0 
95 	 4 	 662  	 67976.3 	  	 67976.3 	 	 67976.3 	 	 0 
95 	 5 	 663  	 83157.9 	  	 83157.9 	 	 83157.9 	 	 0 
95 	 6 	 664  	 507213 	  	 507213 	 	 507213 	 	 0 
95 	 7 	 665  	 163020 	  	 163020 	 	 163020 	 	 0 
96 	 1 	 666  	 3160.28 	  	 3160.28 	 	 3160.28 	 	 0 
96 	 2 	 667  	 286584 	  	 286584 	 	 286584 	 	 0 
96 	 3 	 668  	 149288 	  	 149288 	 	 149288 	 	 0 
96 	 4 	 669  	 67976.3 	  	 67976.3 	 	 67976.3 	 	 0 
96 	 5 	 670  	 83157.9 	  	 83157.9 	 	 83157.9 	 	 0 
96 	 6 	 671  	 507213 	  	 507213 	 	 507213 	 	 0 
96 	 7 	 672  	 163020 	  	 163020 	 	 163020 	 	 0 
97 	 1 	 673  	 3160.28 	  	 3160.28 	 	 3160.28 	 	 0 
97 	 2 	 674  	 286584 	  	 286584 	 	 286584 	 	 0 
97 	 3 	 675  	 149288 	  	 149288 	 	 149288 	 	 0 
97 	 4 	 676  	 67976.3 	  	 67976.3 	 	 67976.3 	 	 0 
97 	 5 	 677  	 83157.9 	  	 83157.9 	 	 83157.9 	 	 0 
97 	 6 	 678  	 507213 	  	 507213 	 	 507213 	 	 0 
97 	 7 	 679  	 163020 	  	 163020 	 	 163020 	 	 0 
98 	 1 	 680  	 3160.28 	  	 3160.28 	 	 3160.28 	 	 0 
98 	 2 	 681  	 286584 	  	 286584 	 	 286584 	 	 0 
98 	 3 	 682  	 149288 	  	 149288 	 	 149288 	 	 0 
98 	 4 	 683  	 67976.3 	  	 67976.3 	 	 67976.3 	 	 0 
98 	 5 	 684  	 83157.9 	  	 83157.9 	 	 83157.9 	 	 0 
98 	 6 	 685  	 507213 	  	 507213 	 	 507213 	 	 0 
98 	 7 	 686  	 163020 	  	 163020 	 	 163020 	 	 0 
99 	 1 	 687  	 3160.28 	  	 3160.28 	 	 3160.28 	 	 0 
99 	 2 	 688  	 286584 	  	 286584 	 	 286584 	 	 0 
99 	 3 	 689  	 149288 	  	 149288 	 	 149288 	 	 0 
99 	 4 	 690  	 67976.3 	  	 67976.3 	 	 67976.3 	 	 0 
99 	 5 	 691  	 83157.9 	  	 83157.9 	 	 83157.9 	 	 0 
99 	 6 	 692  	 507213 	  	 507213 	 	 507213 	 	 0 
99 	 7 	 693  	 163020 	  	 163020 	 	 163020 	 	 0 
100 	 1 	 694  	 3160.28 	  	 3160.28 	 	 3160.28 	 	 0 
100 	 2 	 695  	 286584 	  	 286584 	 	 286584 	 	 0 
100 	 3 	 696  	 149288 	  	 149288 	 	 149288 	 	 0 
100 	 4 	 697  	 67976.3 	  	 67976.3 	 	 67976.3 	 	 0 
100 	 5 	 698  	 83157.9 	  	 83157.9 	 	 83157.9 	 	 0 
100 	 6 	 699  	 507213 	  	 507213 	 	 507213 	 	 0 
100 	 7 	 700  	 163020 	  	 163020 	 	 163020 	 	 0 
101 	 1 	 701  	 3160.28 	  	 3160.28 	 	 3160.28 	 	 0 
101 	 2 	 702  	 286584 	  	 286584 	 	 286584 	 	 0 
101 	 3 	 703  	 149288 	  	 149288 	 	 149288 	 	 0 
101 	 4 	 704  	 67976.3 	  	 67976.3 	 	 67976.3 	 	 0 
101 	 5 	 705  	 83157.9 	  	 83157.9 	 	 83157.9 	 	 0 
101 	 6 	 706  	 507213 	  	 507213 	 	 507213 	 	 0 
101 	 7 	 707  	 163020 	  	 163020 	 	 163020 	 	 0 
102 	 1 	 708  	 3160.28 	  	 3160.28 	 	 3160.28 	 	 0 
102 	 2 	 709  	 286584 	  	 286584 	 	 286584 	 	 0 
102 	 3 	 710  	 149288 	  	 149288 	 	 149288 	 	 0 
102 	 4 	 711  	 67976.3 	  	 67976.3 	 	 67976.3 	 	 0 
102 	 5 	 712  	 83157.9 	  	 83157.9 	 	 83157.9 	 	 0 
102 	 6 	 713  	 507213 	  	 507213 	 	 507213 	 	 0 
102 	 7 	 714  	 163020 	  	 163020 	 	 163020 	 	 0 
