102 	 4 	 1  	 67976.3 	  	 0 	 	 0 	 	 0 
102 	 4 	 2  	 67976.3 	  	 0 	 	 0 	 	 0 
102 	 4 	 3  	 67976.3 	  	 0 	 	 0 	 	 0 
102 	 4 	 4  	 67976.3 	  	 67976.3 	 	 0 	 	 0 
102 	 4 	 5  	 67976.3 	  	 67976.3 	 	 67976.3 	 	 0 
102 	 4 	 6  	 67976.3 	  	 67976.3 	 	 67976.3 	 	 0 
102 	 4 	 7  	 67976.3 	  	 67976.3 	 	 67976.3 	 	 0 
102 	 4 	 8  	 67976.3 	  	 67976.3 	 	 67976.3 	 	 0 
102 	 4 	 9  	 67976.3 	  	 67976.3 	 	 67976.3 	 	 0 
102 	 4 	 10  	 67976.3 	  	 67976.3 	 	 67976.3 	 	 0 
102 	 4 	 11  	 67976.3 	  	 67976.3 	 	 67976.3 	 	 0 
102 	 4 	 12  	 67976.3 	  	 67976.3 	 	 67976.3 	 	 0 
102 	 4 	 13  	 67976.3 	  	 67976.3 	 	 67976.3 	 	 0 
102 	 4 	 14  	 67976.3 	  	 67976.3 	 	 67976.3 	 	 0 
102 	 4 	 15  	 67976.3 	  	 67976.3 	 	 67976.3 	 	 0 
102 	 4 	 16  	 67976.3 	  	 67976.3 	 	 67976.3 	 	 0 
102 	 4 	 17  	 67976.3 	  	 67976.3 	 	 67976.3 	 	 0 
102 	 4 	 18  	 67976.3 	  	 67976.3 	 	 67976.3 	 	 0 
102 	 4 	 19  	 67976.3 	  	 67976.3 	 	 67976.3 	 	 0 
102 	 4 	 20  	 67976.3 	  	 67976.3 	 	 67976.3 	 	 0 
102 	 4 	 21  	 67976.3 	  	 67976.3 	 	 67976.3 	 	 0 
102 	 4 	 22  	 67976.3 	  	 67976.3 	 	 67976.3 	 	 0 
102 	 4 	 23  	 67976.3 	  	 67976.3 	 	 67976.3 	 	 0 
102 	 4 	 24  	 67976.3 	  	 67976.3 	 	 67976.3 	 	 0 
102 	 4 	 25  	 67976.3 	  	 67976.3 	 	 67976.3 	 	 0 
102 	 4 	 26  	 67976.3 	  	 67976.3 	 	 67976.3 	 	 0 
102 	 4 	 27  	 67976.3 	  	 67976.3 	 	 67976.3 	 	 0 
102 	 4 	 28  	 67976.3 	  	 67976.3 	 	 67976.3 	 	 0 
102 	 4 	 29  	 67976.3 	  	 67976.3 	 	 67976.3 	 	 0 
102 	 4 	 30  	 67976.3 	  	 67976.3 	 	 67976.3 	 	 0 
102 	 4 	 31  	 67976.3 	  	 67976.3 	 	 67976.3 	 	 0 
102 	 4 	 32  	 67976.3 	  	 67976.3 	 	 67976.3 	 	 0 
102 	 4 	 33  	 67976.3 	  	 67976.3 	 	 67976.3 	 	 0 
102 	 4 	 34  	 67976.3 	  	 67976.3 	 	 67976.3 	 	 0 
102 	 4 	 35  	 67976.3 	  	 67976.3 	 	 67976.3 	 	 0 
102 	 4 	 36  	 67976.3 	  	 67976.3 	 	 67976.3 	 	 0 
102 	 4 	 37  	 67976.3 	  	 67976.3 	 	 67976.3 	 	 0 
102 	 4 	 38  	 67976.3 	  	 67976.3 	 	 67976.3 	 	 0 
102 	 4 	 39  	 67976.3 	  	 67976.3 	 	 67976.3 	 	 0 
102 	 4 	 40  	 67976.3 	  	 67976.3 	 	 67976.3 	 	 0 
102 	 4 	 41  	 67976.3 	  	 67976.3 	 	 67976.3 	 	 0 
102 	 4 	 42  	 67976.3 	  	 67976.3 	 	 67976.3 	 	 0 
102 	 4 	 43  	 67976.3 	  	 67976.3 	 	 67976.3 	 	 0 
102 	 4 	 44  	 67976.3 	  	 67976.3 	 	 67976.3 	 	 0 
102 	 4 	 45  	 67976.3 	  	 67976.3 	 	 67976.3 	 	 0 
102 	 4 	 46  	 67976.3 	  	 67976.3 	 	 67976.3 	 	 0 
102 	 4 	 47  	 67976.3 	  	 67976.3 	 	 67976.3 	 	 0 
102 	 4 	 48  	 67976.3 	  	 67976.3 	 	 67976.3 	 	 0 
102 	 4 	 49  	 67976.3 	  	 67976.3 	 	 67976.3 	 	 0 
102 	 4 	 50  	 67976.3 	  	 67976.3 	 	 67976.3 	 	 0 
102 	 4 	 51  	 67976.3 	  	 67976.3 	 	 67976.3 	 	 0 
102 	 4 	 52  	 67976.3 	  	 67976.3 	 	 67976.3 	 	 0 
102 	 4 	 53  	 67976.3 	  	 67976.3 	 	 67976.3 	 	 0 
102 	 4 	 54  	 67976.3 	  	 67976.3 	 	 67976.3 	 	 0 
102 	 4 	 55  	 67976.3 	  	 67976.3 	 	 67976.3 	 	 0 
102 	 4 	 56  	 67976.3 	  	 67976.3 	 	 67976.3 	 	 0 
102 	 4 	 57  	 67976.3 	  	 67976.3 	 	 67976.3 	 	 0 
102 	 4 	 58  	 67976.3 	  	 67976.3 	 	 67976.3 	 	 0 
102 	 4 	 59  	 67976.3 	  	 67976.3 	 	 67976.3 	 	 0 
102 	 4 	 60  	 67976.3 	  	 67976.3 	 	 67976.3 	 	 0 
102 	 4 	 61  	 67976.3 	  	 67976.3 	 	 67976.3 	 	 0 
102 	 4 	 62  	 67976.3 	  	 67976.3 	 	 67976.3 	 	 0 
102 	 4 	 63  	 67976.3 	  	 67976.3 	 	 67976.3 	 	 0 
102 	 4 	 64  	 67976.3 	  	 67976.3 	 	 67976.3 	 	 0 
102 	 4 	 65  	 67976.3 	  	 67976.3 	 	 67976.3 	 	 0 
102 	 4 	 66  	 67976.3 	  	 67976.3 	 	 67976.3 	 	 0 
102 	 4 	 67  	 67976.3 	  	 67976.3 	 	 67976.3 	 	 0 
102 	 4 	 68  	 67976.3 	  	 67976.3 	 	 67976.3 	 	 0 
102 	 4 	 69  	 67976.3 	  	 67976.3 	 	 67976.3 	 	 0 
102 	 4 	 70  	 67976.3 	  	 67976.3 	 	 67976.3 	 	 0 
102 	 4 	 71  	 67976.3 	  	 67976.3 	 	 67976.3 	 	 0 
102 	 4 	 72  	 67976.3 	  	 67976.3 	 	 67976.3 	 	 0 
102 	 4 	 73  	 67976.3 	  	 67976.3 	 	 67976.3 	 	 0 
102 	 4 	 74  	 67976.3 	  	 67976.3 	 	 67976.3 	 	 0 
102 	 4 	 75  	 67976.3 	  	 67976.3 	 	 67976.3 	 	 0 
102 	 4 	 76  	 67976.3 	  	 67976.3 	 	 67976.3 	 	 0 
102 	 4 	 77  	 67976.3 	  	 67976.3 	 	 67976.3 	 	 0 
102 	 4 	 78  	 67976.3 	  	 67976.3 	 	 67976.3 	 	 0 
102 	 4 	 79  	 67976.3 	  	 67976.3 	 	 67976.3 	 	 0 
102 	 4 	 80  	 67976.3 	  	 67976.3 	 	 67976.3 	 	 0 
102 	 4 	 81  	 67976.3 	  	 67976.3 	 	 67976.3 	 	 0 
102 	 4 	 82  	 67976.3 	  	 67976.3 	 	 67976.3 	 	 0 
102 	 4 	 83  	 67976.3 	  	 67976.3 	 	 67976.3 	 	 0 
102 	 4 	 84  	 67976.3 	  	 67976.3 	 	 67976.3 	 	 0 
102 	 4 	 85  	 67976.3 	  	 67976.3 	 	 67976.3 	 	 0 
102 	 4 	 86  	 67976.3 	  	 67976.3 	 	 67976.3 	 	 0 
102 	 4 	 87  	 67976.3 	  	 67976.3 	 	 67976.3 	 	 0 
102 	 4 	 88  	 67976.3 	  	 67976.3 	 	 67976.3 	 	 0 
102 	 4 	 89  	 67976.3 	  	 67976.3 	 	 67976.3 	 	 0 
102 	 4 	 90  	 67976.3 	  	 67976.3 	 	 67976.3 	 	 0 
102 	 4 	 91  	 67976.3 	  	 67976.3 	 	 67976.3 	 	 0 
102 	 4 	 92  	 67976.3 	  	 67976.3 	 	 67976.3 	 	 0 
102 	 4 	 93  	 67976.3 	  	 67976.3 	 	 67976.3 	 	 0 
102 	 4 	 94  	 67976.3 	  	 67976.3 	 	 67976.3 	 	 0 
102 	 4 	 95  	 67976.3 	  	 67976.3 	 	 67976.3 	 	 0 
102 	 4 	 96  	 67976.3 	  	 67976.3 	 	 67976.3 	 	 0 
102 	 4 	 97  	 67976.3 	  	 67976.3 	 	 67976.3 	 	 0 
102 	 4 	 98  	 67976.3 	  	 67976.3 	 	 67976.3 	 	 0 
102 	 4 	 99  	 67976.3 	  	 67976.3 	 	 67976.3 	 	 0 
102 	 4 	 100  	 67976.3 	  	 67976.3 	 	 67976.3 	 	 0 
102 	 4 	 101  	 67976.3 	  	 67976.3 	 	 67976.3 	 	 0 
102 	 4 	 102  	 67976.3 	  	 67976.3 	 	 67976.3 	 	 0 
102 	 4 	 103  	 67976.3 	  	 67976.3 	 	 67976.3 	 	 0 
102 	 4 	 104  	 67976.3 	  	 67976.3 	 	 67976.3 	 	 0 
102 	 4 	 105  	 67976.3 	  	 67976.3 	 	 67976.3 	 	 0 
102 	 4 	 106  	 67976.3 	  	 67976.3 	 	 67976.3 	 	 0 
102 	 4 	 107  	 67976.3 	  	 67976.3 	 	 67976.3 	 	 0 
102 	 4 	 108  	 67976.3 	  	 67976.3 	 	 67976.3 	 	 0 
102 	 4 	 109  	 67976.3 	  	 67976.3 	 	 67976.3 	 	 0 
102 	 4 	 110  	 67976.3 	  	 67976.3 	 	 67976.3 	 	 0 
102 	 4 	 111  	 67976.3 	  	 67976.3 	 	 67976.3 	 	 0 
102 	 4 	 112  	 67976.3 	  	 67976.3 	 	 67976.3 	 	 0 
102 	 4 	 113  	 67976.3 	  	 67976.3 	 	 67976.3 	 	 0 
102 	 4 	 114  	 67976.3 	  	 67976.3 	 	 67976.3 	 	 0 
102 	 4 	 115  	 67976.3 	  	 67976.3 	 	 67976.3 	 	 0 
102 	 4 	 116  	 67976.3 	  	 67976.3 	 	 67976.3 	 	 0 
102 	 4 	 117  	 67976.3 	  	 67976.3 	 	 67976.3 	 	 0 
102 	 4 	 118  	 67976.3 	  	 67976.3 	 	 67976.3 	 	 0 
102 	 4 	 119  	 67976.3 	  	 67976.3 	 	 67976.3 	 	 0 
102 	 4 	 120  	 67976.3 	  	 67976.3 	 	 67976.3 	 	 0 
102 	 4 	 121  	 67976.3 	  	 67976.3 	 	 67976.3 	 	 0 
102 	 4 	 122  	 67976.3 	  	 67976.3 	 	 67976.3 	 	 0 
102 	 4 	 123  	 67976.3 	  	 67976.3 	 	 67976.3 	 	 0 
102 	 4 	 124  	 67976.3 	  	 67976.3 	 	 67976.3 	 	 0 
102 	 4 	 125  	 67976.3 	  	 67976.3 	 	 67976.3 	 	 0 
102 	 4 	 126  	 67976.3 	  	 67976.3 	 	 67976.3 	 	 0 
102 	 4 	 127  	 67976.3 	  	 67976.3 	 	 67976.3 	 	 0 
102 	 4 	 128  	 67976.3 	  	 67976.3 	 	 67976.3 	 	 0 
102 	 4 	 129  	 67976.3 	  	 67976.3 	 	 67976.3 	 	 0 
102 	 4 	 130  	 67976.3 	  	 67976.3 	 	 67976.3 	 	 0 
102 	 4 	 131  	 67976.3 	  	 67976.3 	 	 67976.3 	 	 0 
102 	 4 	 132  	 67976.3 	  	 67976.3 	 	 67976.3 	 	 0 
102 	 4 	 133  	 67976.3 	  	 67976.3 	 	 67976.3 	 	 0 
102 	 4 	 134  	 67976.3 	  	 67976.3 	 	 67976.3 	 	 0 
102 	 4 	 135  	 67976.3 	  	 67976.3 	 	 67976.3 	 	 0 
102 	 4 	 136  	 67976.3 	  	 67976.3 	 	 67976.3 	 	 0 
102 	 4 	 137  	 67976.3 	  	 67976.3 	 	 67976.3 	 	 0 
102 	 4 	 138  	 67976.3 	  	 67976.3 	 	 67976.3 	 	 0 
102 	 4 	 139  	 67976.3 	  	 67976.3 	 	 67976.3 	 	 0 
102 	 4 	 140  	 67976.3 	  	 67976.3 	 	 67976.3 	 	 0 
102 	 4 	 141  	 67976.3 	  	 67976.3 	 	 67976.3 	 	 0 
102 	 4 	 142  	 67976.3 	  	 67976.3 	 	 67976.3 	 	 0 
102 	 4 	 143  	 67976.3 	  	 67976.3 	 	 67976.3 	 	 0 
102 	 4 	 144  	 67976.3 	  	 67976.3 	 	 67976.3 	 	 0 
102 	 4 	 145  	 67976.3 	  	 67976.3 	 	 67976.3 	 	 0 
102 	 4 	 146  	 67976.3 	  	 67976.3 	 	 67976.3 	 	 0 
102 	 4 	 147  	 67976.3 	  	 67976.3 	 	 67976.3 	 	 0 
102 	 4 	 148  	 67976.3 	  	 67976.3 	 	 67976.3 	 	 0 
102 	 4 	 149  	 67976.3 	  	 67976.3 	 	 67976.3 	 	 0 
102 	 4 	 150  	 67976.3 	  	 67976.3 	 	 67976.3 	 	 0 
102 	 4 	 151  	 67976.3 	  	 67976.3 	 	 67976.3 	 	 0 
102 	 4 	 152  	 67976.3 	  	 67976.3 	 	 67976.3 	 	 0 
102 	 4 	 153  	 67976.3 	  	 67976.3 	 	 67976.3 	 	 0 
102 	 4 	 154  	 67976.3 	  	 67976.3 	 	 67976.3 	 	 0 
102 	 4 	 155  	 67976.3 	  	 67976.3 	 	 67976.3 	 	 0 
102 	 4 	 156  	 67976.3 	  	 67976.3 	 	 67976.3 	 	 0 
102 	 4 	 157  	 67976.3 	  	 67976.3 	 	 67976.3 	 	 0 
102 	 4 	 158  	 67976.3 	  	 67976.3 	 	 67976.3 	 	 0 
102 	 4 	 159  	 67976.3 	  	 67976.3 	 	 67976.3 	 	 0 
102 	 4 	 160  	 67976.3 	  	 67976.3 	 	 67976.3 	 	 0 
102 	 4 	 161  	 67976.3 	  	 67976.3 	 	 67976.3 	 	 0 
102 	 4 	 162  	 67976.3 	  	 67976.3 	 	 67976.3 	 	 0 
102 	 4 	 163  	 67976.3 	  	 67976.3 	 	 67976.3 	 	 0 
102 	 4 	 164  	 67976.3 	  	 67976.3 	 	 67976.3 	 	 0 
102 	 4 	 165  	 67976.3 	  	 67976.3 	 	 67976.3 	 	 0 
102 	 4 	 166  	 67976.3 	  	 67976.3 	 	 67976.3 	 	 0 
102 	 4 	 167  	 67976.3 	  	 67976.3 	 	 67976.3 	 	 0 
102 	 4 	 168  	 67976.3 	  	 67976.3 	 	 67976.3 	 	 0 
102 	 4 	 169  	 67976.3 	  	 67976.3 	 	 67976.3 	 	 0 
102 	 4 	 170  	 67976.3 	  	 67976.3 	 	 67976.3 	 	 0 
102 	 4 	 171  	 67976.3 	  	 67976.3 	 	 67976.3 	 	 0 
102 	 4 	 172  	 67976.3 	  	 67976.3 	 	 67976.3 	 	 0 
102 	 4 	 173  	 67976.3 	  	 67976.3 	 	 67976.3 	 	 0 
102 	 4 	 174  	 67976.3 	  	 67976.3 	 	 67976.3 	 	 0 
102 	 4 	 175  	 67976.3 	  	 67976.3 	 	 67976.3 	 	 0 
102 	 4 	 176  	 67976.3 	  	 67976.3 	 	 67976.3 	 	 0 
102 	 4 	 177  	 67976.3 	  	 67976.3 	 	 67976.3 	 	 0 
102 	 4 	 178  	 67976.3 	  	 67976.3 	 	 67976.3 	 	 0 
102 	 4 	 179  	 67976.3 	  	 67976.3 	 	 67976.3 	 	 0 
102 	 4 	 180  	 67976.3 	  	 67976.3 	 	 67976.3 	 	 0 
102 	 4 	 181  	 67976.3 	  	 67976.3 	 	 67976.3 	 	 0 
102 	 4 	 182  	 67976.3 	  	 67976.3 	 	 67976.3 	 	 0 
102 	 4 	 183  	 67976.3 	  	 67976.3 	 	 67976.3 	 	 0 
102 	 4 	 184  	 67976.3 	  	 67976.3 	 	 67976.3 	 	 0 
102 	 4 	 185  	 67976.3 	  	 67976.3 	 	 67976.3 	 	 0 
102 	 4 	 186  	 67976.3 	  	 67976.3 	 	 67976.3 	 	 0 
102 	 4 	 187  	 67976.3 	  	 67976.3 	 	 67976.3 	 	 0 
102 	 4 	 188  	 67976.3 	  	 67976.3 	 	 67976.3 	 	 0 
102 	 4 	 189  	 67976.3 	  	 67976.3 	 	 67976.3 	 	 0 
102 	 4 	 190  	 67976.3 	  	 67976.3 	 	 67976.3 	 	 0 
102 	 4 	 191  	 67976.3 	  	 67976.3 	 	 67976.3 	 	 0 
102 	 4 	 192  	 67976.3 	  	 67976.3 	 	 67976.3 	 	 0 
102 	 4 	 193  	 67976.3 	  	 67976.3 	 	 67976.3 	 	 0 
102 	 4 	 194  	 67976.3 	  	 67976.3 	 	 67976.3 	 	 0 
102 	 4 	 195  	 67976.3 	  	 67976.3 	 	 67976.3 	 	 0 
102 	 4 	 196  	 67976.3 	  	 67976.3 	 	 67976.3 	 	 0 
102 	 4 	 197  	 67976.3 	  	 67976.3 	 	 67976.3 	 	 0 
102 	 4 	 198  	 67976.3 	  	 67976.3 	 	 67976.3 	 	 0 
102 	 4 	 199  	 67976.3 	  	 67976.3 	 	 67976.3 	 	 0 
102 	 4 	 200  	 67976.3 	  	 67976.3 	 	 67976.3 	 	 0 
102 	 4 	 201  	 67976.3 	  	 67976.3 	 	 67976.3 	 	 0 
102 	 4 	 202  	 67976.3 	  	 67976.3 	 	 67976.3 	 	 0 
102 	 4 	 203  	 67976.3 	  	 67976.3 	 	 67976.3 	 	 0 
102 	 4 	 204  	 67976.3 	  	 67976.3 	 	 67976.3 	 	 0 
102 	 4 	 205  	 67976.3 	  	 67976.3 	 	 67976.3 	 	 0 
102 	 4 	 206  	 67976.3 	  	 67976.3 	 	 67976.3 	 	 0 
102 	 4 	 207  	 67976.3 	  	 67976.3 	 	 67976.3 	 	 0 
102 	 4 	 208  	 67976.3 	  	 67976.3 	 	 67976.3 	 	 0 
102 	 4 	 209  	 67976.3 	  	 67976.3 	 	 67976.3 	 	 0 
102 	 4 	 210  	 67976.3 	  	 67976.3 	 	 67976.3 	 	 0 
102 	 4 	 211  	 67976.3 	  	 67976.3 	 	 67976.3 	 	 0 
102 	 4 	 212  	 67976.3 	  	 67976.3 	 	 67976.3 	 	 0 
102 	 4 	 213  	 67976.3 	  	 67976.3 	 	 67976.3 	 	 0 
102 	 4 	 214  	 67976.3 	  	 67976.3 	 	 67976.3 	 	 0 
102 	 4 	 215  	 67976.3 	  	 67976.3 	 	 67976.3 	 	 0 
102 	 4 	 216  	 67976.3 	  	 67976.3 	 	 67976.3 	 	 0 
102 	 4 	 217  	 67976.3 	  	 67976.3 	 	 67976.3 	 	 0 
102 	 4 	 218  	 67976.3 	  	 67976.3 	 	 67976.3 	 	 0 
102 	 4 	 219  	 67976.3 	  	 67976.3 	 	 67976.3 	 	 0 
102 	 4 	 220  	 67976.3 	  	 67976.3 	 	 67976.3 	 	 0 
102 	 4 	 221  	 67976.3 	  	 67976.3 	 	 67976.3 	 	 0 
102 	 4 	 222  	 67976.3 	  	 67976.3 	 	 67976.3 	 	 0 
102 	 4 	 223  	 67976.3 	  	 67976.3 	 	 67976.3 	 	 0 
102 	 4 	 224  	 67976.3 	  	 67976.3 	 	 67976.3 	 	 0 
102 	 4 	 225  	 67976.3 	  	 67976.3 	 	 67976.3 	 	 0 
102 	 4 	 226  	 67976.3 	  	 67976.3 	 	 67976.3 	 	 0 
102 	 4 	 227  	 67976.3 	  	 67976.3 	 	 67976.3 	 	 0 
102 	 4 	 228  	 67976.3 	  	 67976.3 	 	 67976.3 	 	 0 
102 	 4 	 229  	 67976.3 	  	 67976.3 	 	 67976.3 	 	 0 
102 	 4 	 230  	 67976.3 	  	 67976.3 	 	 67976.3 	 	 0 
102 	 4 	 231  	 67976.3 	  	 67976.3 	 	 67976.3 	 	 0 
102 	 4 	 232  	 67976.3 	  	 67976.3 	 	 67976.3 	 	 0 
102 	 4 	 233  	 67976.3 	  	 67976.3 	 	 67976.3 	 	 0 
102 	 4 	 234  	 67976.3 	  	 67976.3 	 	 67976.3 	 	 0 
102 	 4 	 235  	 67976.3 	  	 67976.3 	 	 67976.3 	 	 0 
102 	 4 	 236  	 67976.3 	  	 67976.3 	 	 67976.3 	 	 0 
102 	 4 	 237  	 67976.3 	  	 67976.3 	 	 67976.3 	 	 0 
102 	 4 	 238  	 67976.3 	  	 67976.3 	 	 67976.3 	 	 0 
102 	 4 	 239  	 67976.3 	  	 67976.3 	 	 67976.3 	 	 0 
102 	 4 	 240  	 67976.3 	  	 67976.3 	 	 67976.3 	 	 0 
102 	 4 	 241  	 67976.3 	  	 67976.3 	 	 67976.3 	 	 0 
102 	 4 	 242  	 67976.3 	  	 67976.3 	 	 67976.3 	 	 0 
102 	 4 	 243  	 67976.3 	  	 67976.3 	 	 67976.3 	 	 0 
102 	 4 	 244  	 67976.3 	  	 67976.3 	 	 67976.3 	 	 0 
102 	 4 	 245  	 67976.3 	  	 67976.3 	 	 67976.3 	 	 0 
102 	 4 	 246  	 67976.3 	  	 67976.3 	 	 67976.3 	 	 0 
102 	 4 	 247  	 67976.3 	  	 67976.3 	 	 67976.3 	 	 0 
102 	 4 	 248  	 67976.3 	  	 67976.3 	 	 67976.3 	 	 0 
102 	 4 	 249  	 67976.3 	  	 67976.3 	 	 67976.3 	 	 0 
102 	 4 	 250  	 67976.3 	  	 67976.3 	 	 67976.3 	 	 0 
102 	 4 	 251  	 67976.3 	  	 67976.3 	 	 67976.3 	 	 0 
102 	 4 	 252  	 67976.3 	  	 67976.3 	 	 67976.3 	 	 0 
102 	 4 	 253  	 67976.3 	  	 67976.3 	 	 67976.3 	 	 0 
102 	 4 	 254  	 67976.3 	  	 67976.3 	 	 67976.3 	 	 0 
102 	 4 	 255  	 67976.3 	  	 67976.3 	 	 67976.3 	 	 0 
102 	 4 	 256  	 67976.3 	  	 67976.3 	 	 67976.3 	 	 0 
102 	 4 	 257  	 67976.3 	  	 67976.3 	 	 67976.3 	 	 0 
102 	 4 	 258  	 67976.3 	  	 67976.3 	 	 67976.3 	 	 0 
102 	 4 	 259  	 67976.3 	  	 67976.3 	 	 67976.3 	 	 0 
102 	 4 	 260  	 67976.3 	  	 67976.3 	 	 67976.3 	 	 0 
102 	 4 	 261  	 67976.3 	  	 67976.3 	 	 67976.3 	 	 0 
102 	 4 	 262  	 67976.3 	  	 67976.3 	 	 67976.3 	 	 0 
102 	 4 	 263  	 67976.3 	  	 67976.3 	 	 67976.3 	 	 0 
102 	 4 	 264  	 67976.3 	  	 67976.3 	 	 67976.3 	 	 0 
102 	 4 	 265  	 67976.3 	  	 67976.3 	 	 67976.3 	 	 0 
102 	 4 	 266  	 67976.3 	  	 67976.3 	 	 67976.3 	 	 0 
102 	 4 	 267  	 67976.3 	  	 67976.3 	 	 67976.3 	 	 0 
102 	 4 	 268  	 67976.3 	  	 67976.3 	 	 67976.3 	 	 0 
102 	 4 	 269  	 67976.3 	  	 67976.3 	 	 67976.3 	 	 0 
102 	 4 	 270  	 67976.3 	  	 67976.3 	 	 67976.3 	 	 0 
102 	 4 	 271  	 67976.3 	  	 67976.3 	 	 67976.3 	 	 0 
102 	 4 	 272  	 67976.3 	  	 67976.3 	 	 67976.3 	 	 0 
102 	 4 	 273  	 67976.3 	  	 67976.3 	 	 67976.3 	 	 0 
102 	 4 	 274  	 67976.3 	  	 67976.3 	 	 67976.3 	 	 0 
102 	 4 	 275  	 67976.3 	  	 67976.3 	 	 67976.3 	 	 0 
102 	 4 	 276  	 67976.3 	  	 67976.3 	 	 67976.3 	 	 0 
102 	 4 	 277  	 67976.3 	  	 67976.3 	 	 67976.3 	 	 0 
102 	 4 	 278  	 67976.3 	  	 67976.3 	 	 67976.3 	 	 0 
102 	 4 	 279  	 67976.3 	  	 67976.3 	 	 67976.3 	 	 0 
102 	 4 	 280  	 67976.3 	  	 67976.3 	 	 67976.3 	 	 0 
102 	 4 	 281  	 67976.3 	  	 67976.3 	 	 67976.3 	 	 0 
102 	 4 	 282  	 67976.3 	  	 67976.3 	 	 67976.3 	 	 0 
102 	 4 	 283  	 67976.3 	  	 67976.3 	 	 67976.3 	 	 0 
102 	 4 	 284  	 67976.3 	  	 67976.3 	 	 67976.3 	 	 0 
102 	 4 	 285  	 67976.3 	  	 67976.3 	 	 67976.3 	 	 0 
102 	 4 	 286  	 67976.3 	  	 67976.3 	 	 67976.3 	 	 0 
102 	 4 	 287  	 67976.3 	  	 67976.3 	 	 67976.3 	 	 0 
102 	 4 	 288  	 67976.3 	  	 67976.3 	 	 67976.3 	 	 0 
102 	 4 	 289  	 67976.3 	  	 67976.3 	 	 67976.3 	 	 0 
102 	 4 	 290  	 67976.3 	  	 67976.3 	 	 67976.3 	 	 0 
102 	 4 	 291  	 67976.3 	  	 67976.3 	 	 67976.3 	 	 0 
102 	 4 	 292  	 67976.3 	  	 67976.3 	 	 67976.3 	 	 0 
102 	 4 	 293  	 67976.3 	  	 67976.3 	 	 67976.3 	 	 0 
102 	 4 	 294  	 67976.3 	  	 67976.3 	 	 67976.3 	 	 0 
102 	 4 	 295  	 67976.3 	  	 67976.3 	 	 67976.3 	 	 0 
102 	 4 	 296  	 67976.3 	  	 67976.3 	 	 67976.3 	 	 0 
102 	 4 	 297  	 67976.3 	  	 67976.3 	 	 67976.3 	 	 0 
102 	 4 	 298  	 67976.3 	  	 67976.3 	 	 67976.3 	 	 0 
102 	 4 	 299  	 67976.3 	  	 67976.3 	 	 67976.3 	 	 0 
102 	 4 	 300  	 67976.3 	  	 67976.3 	 	 67976.3 	 	 0 
102 	 4 	 301  	 67976.3 	  	 67976.3 	 	 67976.3 	 	 0 
102 	 4 	 302  	 67976.3 	  	 67976.3 	 	 67976.3 	 	 0 
102 	 4 	 303  	 67976.3 	  	 67976.3 	 	 67976.3 	 	 0 
102 	 4 	 304  	 67976.3 	  	 67976.3 	 	 67976.3 	 	 0 
102 	 4 	 305  	 67976.3 	  	 67976.3 	 	 67976.3 	 	 0 
102 	 4 	 306  	 67976.3 	  	 67976.3 	 	 67976.3 	 	 0 
102 	 4 	 307  	 67976.3 	  	 67976.3 	 	 67976.3 	 	 0 
102 	 4 	 308  	 67976.3 	  	 67976.3 	 	 67976.3 	 	 0 
102 	 4 	 309  	 67976.3 	  	 67976.3 	 	 67976.3 	 	 0 
102 	 4 	 310  	 67976.3 	  	 67976.3 	 	 67976.3 	 	 0 
102 	 4 	 311  	 67976.3 	  	 67976.3 	 	 67976.3 	 	 0 
102 	 4 	 312  	 67976.3 	  	 67976.3 	 	 67976.3 	 	 0 
102 	 4 	 313  	 67976.3 	  	 67976.3 	 	 67976.3 	 	 0 
102 	 4 	 314  	 67976.3 	  	 67976.3 	 	 67976.3 	 	 0 
102 	 4 	 315  	 67976.3 	  	 67976.3 	 	 67976.3 	 	 0 
102 	 4 	 316  	 67976.3 	  	 67976.3 	 	 67976.3 	 	 0 
102 	 4 	 317  	 67976.3 	  	 67976.3 	 	 67976.3 	 	 0 
102 	 4 	 318  	 67976.3 	  	 67976.3 	 	 67976.3 	 	 0 
102 	 4 	 319  	 67976.3 	  	 67976.3 	 	 67976.3 	 	 0 
102 	 4 	 320  	 67976.3 	  	 67976.3 	 	 67976.3 	 	 0 
102 	 4 	 321  	 67976.3 	  	 67976.3 	 	 67976.3 	 	 0 
102 	 4 	 322  	 67976.3 	  	 67976.3 	 	 67976.3 	 	 0 
102 	 4 	 323  	 67976.3 	  	 67976.3 	 	 67976.3 	 	 0 
102 	 4 	 324  	 67976.3 	  	 67976.3 	 	 67976.3 	 	 0 
102 	 4 	 325  	 67976.3 	  	 67976.3 	 	 67976.3 	 	 0 
102 	 4 	 326  	 67976.3 	  	 67976.3 	 	 67976.3 	 	 0 
102 	 4 	 327  	 67976.3 	  	 67976.3 	 	 67976.3 	 	 0 
102 	 4 	 328  	 67976.3 	  	 67976.3 	 	 67976.3 	 	 0 
102 	 4 	 329  	 67976.3 	  	 67976.3 	 	 67976.3 	 	 0 
102 	 4 	 330  	 67976.3 	  	 67976.3 	 	 67976.3 	 	 0 
102 	 4 	 331  	 67976.3 	  	 67976.3 	 	 67976.3 	 	 0 
102 	 4 	 332  	 67976.3 	  	 67976.3 	 	 67976.3 	 	 0 
102 	 4 	 333  	 67976.3 	  	 67976.3 	 	 67976.3 	 	 0 
102 	 4 	 334  	 67976.3 	  	 67976.3 	 	 67976.3 	 	 0 
102 	 4 	 335  	 67976.3 	  	 67976.3 	 	 67976.3 	 	 0 
102 	 4 	 336  	 67976.3 	  	 67976.3 	 	 67976.3 	 	 0 
102 	 4 	 337  	 67976.3 	  	 67976.3 	 	 67976.3 	 	 0 
102 	 4 	 338  	 67976.3 	  	 67976.3 	 	 67976.3 	 	 0 
102 	 4 	 339  	 67976.3 	  	 67976.3 	 	 67976.3 	 	 0 
102 	 4 	 340  	 67976.3 	  	 67976.3 	 	 67976.3 	 	 0 
102 	 4 	 341  	 67976.3 	  	 67976.3 	 	 67976.3 	 	 0 
102 	 4 	 342  	 67976.3 	  	 67976.3 	 	 67976.3 	 	 0 
102 	 4 	 343  	 67976.3 	  	 67976.3 	 	 67976.3 	 	 0 
102 	 4 	 344  	 67976.3 	  	 67976.3 	 	 67976.3 	 	 0 
102 	 4 	 345  	 67976.3 	  	 67976.3 	 	 67976.3 	 	 0 
102 	 4 	 346  	 67976.3 	  	 67976.3 	 	 67976.3 	 	 0 
102 	 4 	 347  	 67976.3 	  	 67976.3 	 	 67976.3 	 	 0 
102 	 4 	 348  	 67976.3 	  	 67976.3 	 	 67976.3 	 	 0 
102 	 4 	 349  	 67976.3 	  	 67976.3 	 	 67976.3 	 	 0 
102 	 4 	 350  	 67976.3 	  	 67976.3 	 	 67976.3 	 	 0 
102 	 4 	 351  	 67976.3 	  	 67976.3 	 	 67976.3 	 	 0 
102 	 4 	 352  	 67976.3 	  	 67976.3 	 	 67976.3 	 	 0 
102 	 4 	 353  	 67976.3 	  	 67976.3 	 	 67976.3 	 	 0 
102 	 4 	 354  	 67976.3 	  	 67976.3 	 	 67976.3 	 	 0 
102 	 4 	 355  	 67976.3 	  	 67976.3 	 	 67976.3 	 	 0 
102 	 4 	 356  	 67976.3 	  	 67976.3 	 	 67976.3 	 	 0 
102 	 4 	 357  	 67976.3 	  	 67976.3 	 	 67976.3 	 	 0 
102 	 4 	 358  	 67976.3 	  	 67976.3 	 	 67976.3 	 	 0 
102 	 4 	 359  	 67976.3 	  	 67976.3 	 	 67976.3 	 	 0 
102 	 4 	 360  	 67976.3 	  	 67976.3 	 	 67976.3 	 	 0 
102 	 4 	 361  	 67976.3 	  	 67976.3 	 	 67976.3 	 	 0 
102 	 4 	 362  	 67976.3 	  	 67976.3 	 	 67976.3 	 	 0 
102 	 4 	 363  	 67976.3 	  	 67976.3 	 	 67976.3 	 	 0 
102 	 4 	 364  	 67976.3 	  	 67976.3 	 	 67976.3 	 	 0 
102 	 4 	 365  	 67976.3 	  	 67976.3 	 	 67976.3 	 	 0 
102 	 4 	 366  	 67976.3 	  	 67976.3 	 	 67976.3 	 	 0 
102 	 4 	 367  	 67976.3 	  	 67976.3 	 	 67976.3 	 	 0 
102 	 4 	 368  	 67976.3 	  	 67976.3 	 	 67976.3 	 	 0 
102 	 4 	 369  	 67976.3 	  	 67976.3 	 	 67976.3 	 	 0 
102 	 4 	 370  	 67976.3 	  	 67976.3 	 	 67976.3 	 	 0 
102 	 4 	 371  	 67976.3 	  	 67976.3 	 	 67976.3 	 	 0 
102 	 4 	 372  	 67976.3 	  	 67976.3 	 	 67976.3 	 	 0 
102 	 4 	 373  	 67976.3 	  	 67976.3 	 	 67976.3 	 	 0 
102 	 4 	 374  	 67976.3 	  	 67976.3 	 	 67976.3 	 	 0 
102 	 4 	 375  	 67976.3 	  	 67976.3 	 	 67976.3 	 	 0 
102 	 4 	 376  	 67976.3 	  	 67976.3 	 	 67976.3 	 	 0 
102 	 4 	 377  	 67976.3 	  	 67976.3 	 	 67976.3 	 	 0 
102 	 4 	 378  	 67976.3 	  	 67976.3 	 	 67976.3 	 	 0 
102 	 4 	 379  	 67976.3 	  	 67976.3 	 	 67976.3 	 	 0 
102 	 4 	 380  	 67976.3 	  	 67976.3 	 	 67976.3 	 	 0 
102 	 4 	 381  	 67976.3 	  	 67976.3 	 	 67976.3 	 	 0 
102 	 4 	 382  	 67976.3 	  	 67976.3 	 	 67976.3 	 	 0 
102 	 4 	 383  	 67976.3 	  	 67976.3 	 	 67976.3 	 	 0 
102 	 4 	 384  	 67976.3 	  	 67976.3 	 	 67976.3 	 	 0 
102 	 4 	 385  	 67976.3 	  	 67976.3 	 	 67976.3 	 	 0 
102 	 4 	 386  	 67976.3 	  	 67976.3 	 	 67976.3 	 	 0 
102 	 4 	 387  	 67976.3 	  	 67976.3 	 	 67976.3 	 	 0 
102 	 4 	 388  	 67976.3 	  	 67976.3 	 	 67976.3 	 	 0 
102 	 4 	 389  	 67976.3 	  	 67976.3 	 	 67976.3 	 	 0 
102 	 4 	 390  	 67976.3 	  	 67976.3 	 	 67976.3 	 	 0 
102 	 4 	 391  	 67976.3 	  	 67976.3 	 	 67976.3 	 	 0 
102 	 4 	 392  	 67976.3 	  	 67976.3 	 	 67976.3 	 	 0 
102 	 4 	 393  	 67976.3 	  	 67976.3 	 	 67976.3 	 	 0 
102 	 4 	 394  	 67976.3 	  	 67976.3 	 	 67976.3 	 	 0 
102 	 4 	 395  	 67976.3 	  	 67976.3 	 	 67976.3 	 	 0 
102 	 4 	 396  	 67976.3 	  	 67976.3 	 	 67976.3 	 	 0 
102 	 4 	 397  	 67976.3 	  	 67976.3 	 	 67976.3 	 	 0 
102 	 4 	 398  	 67976.3 	  	 67976.3 	 	 67976.3 	 	 0 
102 	 4 	 399  	 67976.3 	  	 67976.3 	 	 67976.3 	 	 0 
102 	 4 	 400  	 67976.3 	  	 67976.3 	 	 67976.3 	 	 0 
102 	 4 	 401  	 67976.3 	  	 67976.3 	 	 67976.3 	 	 0 
102 	 4 	 402  	 67976.3 	  	 67976.3 	 	 67976.3 	 	 0 
102 	 4 	 403  	 67976.3 	  	 67976.3 	 	 67976.3 	 	 0 
102 	 4 	 404  	 67976.3 	  	 67976.3 	 	 67976.3 	 	 0 
102 	 4 	 405  	 67976.3 	  	 67976.3 	 	 67976.3 	 	 0 
102 	 4 	 406  	 67976.3 	  	 67976.3 	 	 67976.3 	 	 0 
102 	 4 	 407  	 67976.3 	  	 67976.3 	 	 67976.3 	 	 0 
102 	 4 	 408  	 67976.3 	  	 67976.3 	 	 67976.3 	 	 0 
102 	 4 	 409  	 67976.3 	  	 67976.3 	 	 67976.3 	 	 0 
102 	 4 	 410  	 67976.3 	  	 67976.3 	 	 67976.3 	 	 0 
102 	 4 	 411  	 67976.3 	  	 67976.3 	 	 67976.3 	 	 0 
102 	 4 	 412  	 67976.3 	  	 67976.3 	 	 67976.3 	 	 0 
102 	 4 	 413  	 67976.3 	  	 67976.3 	 	 67976.3 	 	 0 
102 	 4 	 414  	 67976.3 	  	 67976.3 	 	 67976.3 	 	 0 
102 	 4 	 415  	 67976.3 	  	 67976.3 	 	 67976.3 	 	 0 
102 	 4 	 416  	 67976.3 	  	 67976.3 	 	 67976.3 	 	 0 
102 	 4 	 417  	 67976.3 	  	 67976.3 	 	 67976.3 	 	 0 
102 	 4 	 418  	 67976.3 	  	 67976.3 	 	 67976.3 	 	 0 
102 	 4 	 419  	 67976.3 	  	 67976.3 	 	 67976.3 	 	 0 
102 	 4 	 420  	 67976.3 	  	 67976.3 	 	 67976.3 	 	 0 
102 	 4 	 421  	 67976.3 	  	 67976.3 	 	 67976.3 	 	 0 
102 	 4 	 422  	 67976.3 	  	 67976.3 	 	 67976.3 	 	 0 
102 	 4 	 423  	 67976.3 	  	 67976.3 	 	 67976.3 	 	 0 
102 	 4 	 424  	 67976.3 	  	 67976.3 	 	 67976.3 	 	 0 
102 	 4 	 425  	 67976.3 	  	 67976.3 	 	 67976.3 	 	 0 
102 	 4 	 426  	 67976.3 	  	 67976.3 	 	 67976.3 	 	 0 
102 	 4 	 427  	 67976.3 	  	 67976.3 	 	 67976.3 	 	 0 
102 	 4 	 428  	 67976.3 	  	 67976.3 	 	 67976.3 	 	 0 
102 	 4 	 429  	 67976.3 	  	 67976.3 	 	 67976.3 	 	 0 
102 	 4 	 430  	 67976.3 	  	 67976.3 	 	 67976.3 	 	 0 
102 	 4 	 431  	 67976.3 	  	 67976.3 	 	 67976.3 	 	 0 
102 	 4 	 432  	 67976.3 	  	 67976.3 	 	 67976.3 	 	 0 
102 	 4 	 433  	 67976.3 	  	 67976.3 	 	 67976.3 	 	 0 
102 	 4 	 434  	 67976.3 	  	 67976.3 	 	 67976.3 	 	 0 
102 	 4 	 435  	 67976.3 	  	 67976.3 	 	 67976.3 	 	 0 
102 	 4 	 436  	 67976.3 	  	 67976.3 	 	 67976.3 	 	 0 
102 	 4 	 437  	 67976.3 	  	 67976.3 	 	 67976.3 	 	 0 
102 	 4 	 438  	 67976.3 	  	 67976.3 	 	 67976.3 	 	 0 
102 	 4 	 439  	 67976.3 	  	 67976.3 	 	 67976.3 	 	 0 
102 	 4 	 440  	 67976.3 	  	 67976.3 	 	 67976.3 	 	 0 
102 	 4 	 441  	 67976.3 	  	 67976.3 	 	 67976.3 	 	 0 
102 	 4 	 442  	 67976.3 	  	 67976.3 	 	 67976.3 	 	 0 
102 	 4 	 443  	 67976.3 	  	 67976.3 	 	 67976.3 	 	 0 
102 	 4 	 444  	 67976.3 	  	 67976.3 	 	 67976.3 	 	 0 
102 	 4 	 445  	 67976.3 	  	 67976.3 	 	 67976.3 	 	 0 
102 	 4 	 446  	 67976.3 	  	 67976.3 	 	 67976.3 	 	 0 
102 	 4 	 447  	 67976.3 	  	 67976.3 	 	 67976.3 	 	 0 
102 	 4 	 448  	 67976.3 	  	 67976.3 	 	 67976.3 	 	 0 
102 	 4 	 449  	 67976.3 	  	 67976.3 	 	 67976.3 	 	 0 
102 	 4 	 450  	 67976.3 	  	 67976.3 	 	 67976.3 	 	 0 
102 	 4 	 451  	 67976.3 	  	 67976.3 	 	 67976.3 	 	 0 
102 	 4 	 452  	 67976.3 	  	 67976.3 	 	 67976.3 	 	 0 
102 	 4 	 453  	 67976.3 	  	 67976.3 	 	 67976.3 	 	 0 
102 	 4 	 454  	 67976.3 	  	 67976.3 	 	 67976.3 	 	 0 
102 	 4 	 455  	 67976.3 	  	 67976.3 	 	 67976.3 	 	 0 
102 	 4 	 456  	 67976.3 	  	 67976.3 	 	 67976.3 	 	 0 
102 	 4 	 457  	 67976.3 	  	 67976.3 	 	 67976.3 	 	 0 
102 	 4 	 458  	 67976.3 	  	 67976.3 	 	 67976.3 	 	 0 
102 	 4 	 459  	 67976.3 	  	 67976.3 	 	 67976.3 	 	 0 
102 	 4 	 460  	 67976.3 	  	 67976.3 	 	 67976.3 	 	 0 
102 	 4 	 461  	 67976.3 	  	 67976.3 	 	 67976.3 	 	 0 
102 	 4 	 462  	 67976.3 	  	 67976.3 	 	 67976.3 	 	 0 
102 	 4 	 463  	 67976.3 	  	 67976.3 	 	 67976.3 	 	 0 
102 	 4 	 464  	 67976.3 	  	 67976.3 	 	 67976.3 	 	 0 
102 	 4 	 465  	 67976.3 	  	 67976.3 	 	 67976.3 	 	 0 
102 	 4 	 466  	 67976.3 	  	 67976.3 	 	 67976.3 	 	 0 
102 	 4 	 467  	 67976.3 	  	 67976.3 	 	 67976.3 	 	 0 
102 	 4 	 468  	 67976.3 	  	 67976.3 	 	 67976.3 	 	 0 
102 	 4 	 469  	 67976.3 	  	 67976.3 	 	 67976.3 	 	 0 
102 	 4 	 470  	 67976.3 	  	 67976.3 	 	 67976.3 	 	 0 
102 	 4 	 471  	 67976.3 	  	 67976.3 	 	 67976.3 	 	 0 
102 	 4 	 472  	 67976.3 	  	 67976.3 	 	 67976.3 	 	 0 
102 	 4 	 473  	 67976.3 	  	 67976.3 	 	 67976.3 	 	 0 
102 	 4 	 474  	 67976.3 	  	 67976.3 	 	 67976.3 	 	 0 
102 	 4 	 475  	 67976.3 	  	 67976.3 	 	 67976.3 	 	 0 
102 	 4 	 476  	 67976.3 	  	 67976.3 	 	 67976.3 	 	 0 
102 	 4 	 477  	 67976.3 	  	 67976.3 	 	 67976.3 	 	 0 
102 	 4 	 478  	 67976.3 	  	 67976.3 	 	 67976.3 	 	 0 
102 	 4 	 479  	 67976.3 	  	 67976.3 	 	 67976.3 	 	 0 
102 	 4 	 480  	 67976.3 	  	 67976.3 	 	 67976.3 	 	 0 
102 	 4 	 481  	 67976.3 	  	 67976.3 	 	 67976.3 	 	 0 
102 	 4 	 482  	 67976.3 	  	 67976.3 	 	 67976.3 	 	 0 
102 	 4 	 483  	 67976.3 	  	 67976.3 	 	 67976.3 	 	 0 
102 	 4 	 484  	 67976.3 	  	 67976.3 	 	 67976.3 	 	 0 
102 	 4 	 485  	 67976.3 	  	 67976.3 	 	 67976.3 	 	 0 
102 	 4 	 486  	 67976.3 	  	 67976.3 	 	 67976.3 	 	 0 
102 	 4 	 487  	 67976.3 	  	 67976.3 	 	 67976.3 	 	 0 
102 	 4 	 488  	 67976.3 	  	 67976.3 	 	 67976.3 	 	 0 
102 	 4 	 489  	 67976.3 	  	 67976.3 	 	 67976.3 	 	 0 
102 	 4 	 490  	 67976.3 	  	 67976.3 	 	 67976.3 	 	 0 
102 	 4 	 491  	 67976.3 	  	 67976.3 	 	 67976.3 	 	 0 
102 	 4 	 492  	 67976.3 	  	 67976.3 	 	 67976.3 	 	 0 
102 	 4 	 493  	 67976.3 	  	 67976.3 	 	 67976.3 	 	 0 
102 	 4 	 494  	 67976.3 	  	 67976.3 	 	 67976.3 	 	 0 
102 	 4 	 495  	 67976.3 	  	 67976.3 	 	 67976.3 	 	 0 
102 	 4 	 496  	 67976.3 	  	 67976.3 	 	 67976.3 	 	 0 
102 	 4 	 497  	 67976.3 	  	 67976.3 	 	 67976.3 	 	 0 
102 	 4 	 498  	 67976.3 	  	 67976.3 	 	 67976.3 	 	 0 
102 	 4 	 499  	 67976.3 	  	 67976.3 	 	 67976.3 	 	 0 
102 	 4 	 500  	 67976.3 	  	 67976.3 	 	 67976.3 	 	 0 
102 	 4 	 501  	 67976.3 	  	 67976.3 	 	 67976.3 	 	 0 
102 	 4 	 502  	 67976.3 	  	 67976.3 	 	 67976.3 	 	 0 
102 	 4 	 503  	 67976.3 	  	 67976.3 	 	 67976.3 	 	 0 
102 	 4 	 504  	 67976.3 	  	 67976.3 	 	 67976.3 	 	 0 
102 	 4 	 505  	 67976.3 	  	 67976.3 	 	 67976.3 	 	 0 
102 	 4 	 506  	 67976.3 	  	 67976.3 	 	 67976.3 	 	 0 
102 	 4 	 507  	 67976.3 	  	 67976.3 	 	 67976.3 	 	 0 
102 	 4 	 508  	 67976.3 	  	 67976.3 	 	 67976.3 	 	 0 
102 	 4 	 509  	 67976.3 	  	 67976.3 	 	 67976.3 	 	 0 
102 	 4 	 510  	 67976.3 	  	 67976.3 	 	 67976.3 	 	 0 
102 	 4 	 511  	 67976.3 	  	 67976.3 	 	 67976.3 	 	 0 
102 	 4 	 512  	 67976.3 	  	 67976.3 	 	 67976.3 	 	 0 
102 	 4 	 513  	 67976.3 	  	 67976.3 	 	 67976.3 	 	 0 
102 	 4 	 514  	 67976.3 	  	 67976.3 	 	 67976.3 	 	 0 
102 	 4 	 515  	 67976.3 	  	 67976.3 	 	 67976.3 	 	 0 
102 	 4 	 516  	 67976.3 	  	 67976.3 	 	 67976.3 	 	 0 
102 	 4 	 517  	 67976.3 	  	 67976.3 	 	 67976.3 	 	 0 
102 	 4 	 518  	 67976.3 	  	 67976.3 	 	 67976.3 	 	 0 
102 	 4 	 519  	 67976.3 	  	 67976.3 	 	 67976.3 	 	 0 
102 	 4 	 520  	 67976.3 	  	 67976.3 	 	 67976.3 	 	 0 
102 	 4 	 521  	 67976.3 	  	 67976.3 	 	 67976.3 	 	 0 
102 	 4 	 522  	 67976.3 	  	 67976.3 	 	 67976.3 	 	 0 
102 	 4 	 523  	 67976.3 	  	 67976.3 	 	 67976.3 	 	 0 
102 	 4 	 524  	 67976.3 	  	 67976.3 	 	 67976.3 	 	 0 
102 	 4 	 525  	 67976.3 	  	 67976.3 	 	 67976.3 	 	 0 
102 	 4 	 526  	 67976.3 	  	 67976.3 	 	 67976.3 	 	 0 
102 	 4 	 527  	 67976.3 	  	 67976.3 	 	 67976.3 	 	 0 
102 	 4 	 528  	 67976.3 	  	 67976.3 	 	 67976.3 	 	 0 
102 	 4 	 529  	 67976.3 	  	 67976.3 	 	 67976.3 	 	 0 
102 	 4 	 530  	 67976.3 	  	 67976.3 	 	 67976.3 	 	 0 
102 	 4 	 531  	 67976.3 	  	 67976.3 	 	 67976.3 	 	 0 
102 	 4 	 532  	 67976.3 	  	 67976.3 	 	 67976.3 	 	 0 
102 	 4 	 533  	 67976.3 	  	 67976.3 	 	 67976.3 	 	 0 
102 	 4 	 534  	 67976.3 	  	 67976.3 	 	 67976.3 	 	 0 
102 	 4 	 535  	 67976.3 	  	 67976.3 	 	 67976.3 	 	 0 
102 	 4 	 536  	 67976.3 	  	 67976.3 	 	 67976.3 	 	 0 
102 	 4 	 537  	 67976.3 	  	 67976.3 	 	 67976.3 	 	 0 
102 	 4 	 538  	 67976.3 	  	 67976.3 	 	 67976.3 	 	 0 
102 	 4 	 539  	 67976.3 	  	 67976.3 	 	 67976.3 	 	 0 
102 	 4 	 540  	 67976.3 	  	 67976.3 	 	 67976.3 	 	 0 
102 	 4 	 541  	 67976.3 	  	 67976.3 	 	 67976.3 	 	 0 
102 	 4 	 542  	 67976.3 	  	 67976.3 	 	 67976.3 	 	 0 
102 	 4 	 543  	 67976.3 	  	 67976.3 	 	 67976.3 	 	 0 
102 	 4 	 544  	 67976.3 	  	 67976.3 	 	 67976.3 	 	 0 
102 	 4 	 545  	 67976.3 	  	 67976.3 	 	 67976.3 	 	 0 
102 	 4 	 546  	 67976.3 	  	 67976.3 	 	 67976.3 	 	 0 
102 	 4 	 547  	 67976.3 	  	 67976.3 	 	 67976.3 	 	 0 
102 	 4 	 548  	 67976.3 	  	 67976.3 	 	 67976.3 	 	 0 
102 	 4 	 549  	 67976.3 	  	 67976.3 	 	 67976.3 	 	 0 
102 	 4 	 550  	 67976.3 	  	 67976.3 	 	 67976.3 	 	 0 
102 	 4 	 551  	 67976.3 	  	 67976.3 	 	 67976.3 	 	 0 
102 	 4 	 552  	 67976.3 	  	 67976.3 	 	 67976.3 	 	 0 
102 	 4 	 553  	 67976.3 	  	 67976.3 	 	 67976.3 	 	 0 
102 	 4 	 554  	 67976.3 	  	 67976.3 	 	 67976.3 	 	 0 
102 	 4 	 555  	 67976.3 	  	 67976.3 	 	 67976.3 	 	 0 
102 	 4 	 556  	 67976.3 	  	 67976.3 	 	 67976.3 	 	 0 
102 	 4 	 557  	 67976.3 	  	 67976.3 	 	 67976.3 	 	 0 
102 	 4 	 558  	 67976.3 	  	 67976.3 	 	 67976.3 	 	 0 
102 	 4 	 559  	 67976.3 	  	 67976.3 	 	 67976.3 	 	 0 
102 	 4 	 560  	 67976.3 	  	 67976.3 	 	 67976.3 	 	 0 
102 	 4 	 561  	 67976.3 	  	 67976.3 	 	 67976.3 	 	 0 
102 	 4 	 562  	 67976.3 	  	 67976.3 	 	 67976.3 	 	 0 
102 	 4 	 563  	 67976.3 	  	 67976.3 	 	 67976.3 	 	 0 
102 	 4 	 564  	 67976.3 	  	 67976.3 	 	 67976.3 	 	 0 
102 	 4 	 565  	 67976.3 	  	 67976.3 	 	 67976.3 	 	 0 
102 	 4 	 566  	 67976.3 	  	 67976.3 	 	 67976.3 	 	 0 
102 	 4 	 567  	 67976.3 	  	 67976.3 	 	 67976.3 	 	 0 
102 	 4 	 568  	 67976.3 	  	 67976.3 	 	 67976.3 	 	 0 
102 	 4 	 569  	 67976.3 	  	 67976.3 	 	 67976.3 	 	 0 
102 	 4 	 570  	 67976.3 	  	 67976.3 	 	 67976.3 	 	 0 
102 	 4 	 571  	 67976.3 	  	 67976.3 	 	 67976.3 	 	 0 
102 	 4 	 572  	 67976.3 	  	 67976.3 	 	 67976.3 	 	 0 
102 	 4 	 573  	 67976.3 	  	 67976.3 	 	 67976.3 	 	 0 
102 	 4 	 574  	 67976.3 	  	 67976.3 	 	 67976.3 	 	 0 
102 	 4 	 575  	 67976.3 	  	 67976.3 	 	 67976.3 	 	 0 
102 	 4 	 576  	 67976.3 	  	 67976.3 	 	 67976.3 	 	 0 
102 	 4 	 577  	 67976.3 	  	 67976.3 	 	 67976.3 	 	 0 
102 	 4 	 578  	 67976.3 	  	 67976.3 	 	 67976.3 	 	 0 
102 	 4 	 579  	 67976.3 	  	 67976.3 	 	 67976.3 	 	 0 
102 	 4 	 580  	 67976.3 	  	 67976.3 	 	 67976.3 	 	 0 
102 	 4 	 581  	 67976.3 	  	 67976.3 	 	 67976.3 	 	 0 
102 	 4 	 582  	 67976.3 	  	 67976.3 	 	 67976.3 	 	 0 
102 	 4 	 583  	 67976.3 	  	 67976.3 	 	 67976.3 	 	 0 
102 	 4 	 584  	 67976.3 	  	 67976.3 	 	 67976.3 	 	 0 
102 	 4 	 585  	 67976.3 	  	 67976.3 	 	 67976.3 	 	 0 
102 	 4 	 586  	 67976.3 	  	 67976.3 	 	 67976.3 	 	 0 
102 	 4 	 587  	 67976.3 	  	 67976.3 	 	 67976.3 	 	 0 
102 	 4 	 588  	 67976.3 	  	 67976.3 	 	 67976.3 	 	 0 
102 	 4 	 589  	 67976.3 	  	 67976.3 	 	 67976.3 	 	 0 
102 	 4 	 590  	 67976.3 	  	 67976.3 	 	 67976.3 	 	 0 
102 	 4 	 591  	 67976.3 	  	 67976.3 	 	 67976.3 	 	 0 
102 	 4 	 592  	 67976.3 	  	 67976.3 	 	 67976.3 	 	 0 
102 	 4 	 593  	 67976.3 	  	 67976.3 	 	 67976.3 	 	 0 
102 	 4 	 594  	 67976.3 	  	 67976.3 	 	 67976.3 	 	 0 
102 	 4 	 595  	 67976.3 	  	 67976.3 	 	 67976.3 	 	 0 
102 	 4 	 596  	 67976.3 	  	 67976.3 	 	 67976.3 	 	 0 
102 	 4 	 597  	 67976.3 	  	 67976.3 	 	 67976.3 	 	 0 
102 	 4 	 598  	 67976.3 	  	 67976.3 	 	 67976.3 	 	 0 
102 	 4 	 599  	 67976.3 	  	 67976.3 	 	 67976.3 	 	 0 
102 	 4 	 600  	 67976.3 	  	 67976.3 	 	 67976.3 	 	 0 
102 	 4 	 601  	 67976.3 	  	 67976.3 	 	 67976.3 	 	 0 
102 	 4 	 602  	 67976.3 	  	 67976.3 	 	 67976.3 	 	 0 
102 	 4 	 603  	 67976.3 	  	 67976.3 	 	 67976.3 	 	 0 
102 	 4 	 604  	 67976.3 	  	 67976.3 	 	 67976.3 	 	 0 
102 	 4 	 605  	 67976.3 	  	 67976.3 	 	 67976.3 	 	 0 
102 	 4 	 606  	 67976.3 	  	 67976.3 	 	 67976.3 	 	 0 
102 	 4 	 607  	 67976.3 	  	 67976.3 	 	 67976.3 	 	 0 
102 	 4 	 608  	 67976.3 	  	 67976.3 	 	 67976.3 	 	 0 
102 	 4 	 609  	 67976.3 	  	 67976.3 	 	 67976.3 	 	 0 
102 	 4 	 610  	 67976.3 	  	 67976.3 	 	 67976.3 	 	 0 
102 	 4 	 611  	 67976.3 	  	 67976.3 	 	 67976.3 	 	 0 
102 	 4 	 612  	 67976.3 	  	 67976.3 	 	 67976.3 	 	 0 
102 	 4 	 613  	 67976.3 	  	 67976.3 	 	 67976.3 	 	 0 
102 	 4 	 614  	 67976.3 	  	 67976.3 	 	 67976.3 	 	 0 
102 	 4 	 615  	 67976.3 	  	 67976.3 	 	 67976.3 	 	 0 
102 	 4 	 616  	 67976.3 	  	 67976.3 	 	 67976.3 	 	 0 
102 	 4 	 617  	 67976.3 	  	 67976.3 	 	 67976.3 	 	 0 
102 	 4 	 618  	 67976.3 	  	 67976.3 	 	 67976.3 	 	 0 
102 	 4 	 619  	 67976.3 	  	 67976.3 	 	 67976.3 	 	 0 
102 	 4 	 620  	 67976.3 	  	 67976.3 	 	 67976.3 	 	 0 
102 	 4 	 621  	 67976.3 	  	 67976.3 	 	 67976.3 	 	 0 
102 	 4 	 622  	 67976.3 	  	 67976.3 	 	 67976.3 	 	 0 
102 	 4 	 623  	 67976.3 	  	 67976.3 	 	 67976.3 	 	 0 
102 	 4 	 624  	 67976.3 	  	 67976.3 	 	 67976.3 	 	 0 
102 	 4 	 625  	 67976.3 	  	 67976.3 	 	 67976.3 	 	 0 
102 	 4 	 626  	 67976.3 	  	 67976.3 	 	 67976.3 	 	 0 
102 	 4 	 627  	 67976.3 	  	 67976.3 	 	 67976.3 	 	 0 
102 	 4 	 628  	 67976.3 	  	 67976.3 	 	 67976.3 	 	 0 
102 	 4 	 629  	 67976.3 	  	 67976.3 	 	 67976.3 	 	 0 
102 	 4 	 630  	 67976.3 	  	 67976.3 	 	 67976.3 	 	 0 
102 	 4 	 631  	 67976.3 	  	 67976.3 	 	 67976.3 	 	 0 
102 	 4 	 632  	 67976.3 	  	 67976.3 	 	 67976.3 	 	 0 
102 	 4 	 633  	 67976.3 	  	 67976.3 	 	 67976.3 	 	 0 
102 	 4 	 634  	 67976.3 	  	 67976.3 	 	 67976.3 	 	 0 
102 	 4 	 635  	 67976.3 	  	 67976.3 	 	 67976.3 	 	 0 
102 	 4 	 636  	 67976.3 	  	 67976.3 	 	 67976.3 	 	 0 
102 	 4 	 637  	 67976.3 	  	 67976.3 	 	 67976.3 	 	 0 
102 	 4 	 638  	 67976.3 	  	 67976.3 	 	 67976.3 	 	 0 
102 	 4 	 639  	 67976.3 	  	 67976.3 	 	 67976.3 	 	 0 
102 	 4 	 640  	 67976.3 	  	 67976.3 	 	 67976.3 	 	 0 
102 	 4 	 641  	 67976.3 	  	 67976.3 	 	 67976.3 	 	 0 
102 	 4 	 642  	 67976.3 	  	 67976.3 	 	 67976.3 	 	 0 
102 	 4 	 643  	 67976.3 	  	 67976.3 	 	 67976.3 	 	 0 
102 	 4 	 644  	 67976.3 	  	 67976.3 	 	 67976.3 	 	 0 
102 	 4 	 645  	 67976.3 	  	 67976.3 	 	 67976.3 	 	 0 
102 	 4 	 646  	 67976.3 	  	 67976.3 	 	 67976.3 	 	 0 
102 	 4 	 647  	 67976.3 	  	 67976.3 	 	 67976.3 	 	 0 
102 	 4 	 648  	 67976.3 	  	 67976.3 	 	 67976.3 	 	 0 
102 	 4 	 649  	 67976.3 	  	 67976.3 	 	 67976.3 	 	 0 
102 	 4 	 650  	 67976.3 	  	 67976.3 	 	 67976.3 	 	 0 
102 	 4 	 651  	 67976.3 	  	 67976.3 	 	 67976.3 	 	 0 
102 	 4 	 652  	 67976.3 	  	 67976.3 	 	 67976.3 	 	 0 
102 	 4 	 653  	 67976.3 	  	 67976.3 	 	 67976.3 	 	 0 
102 	 4 	 654  	 67976.3 	  	 67976.3 	 	 67976.3 	 	 0 
102 	 4 	 655  	 67976.3 	  	 67976.3 	 	 67976.3 	 	 0 
102 	 4 	 656  	 67976.3 	  	 67976.3 	 	 67976.3 	 	 0 
102 	 4 	 657  	 67976.3 	  	 67976.3 	 	 67976.3 	 	 0 
102 	 4 	 658  	 67976.3 	  	 67976.3 	 	 67976.3 	 	 0 
102 	 4 	 659  	 67976.3 	  	 67976.3 	 	 67976.3 	 	 0 
102 	 4 	 660  	 67976.3 	  	 67976.3 	 	 67976.3 	 	 0 
102 	 4 	 661  	 67976.3 	  	 67976.3 	 	 67976.3 	 	 0 
102 	 4 	 662  	 67976.3 	  	 67976.3 	 	 67976.3 	 	 0 
102 	 4 	 663  	 67976.3 	  	 67976.3 	 	 67976.3 	 	 0 
102 	 4 	 664  	 67976.3 	  	 67976.3 	 	 67976.3 	 	 0 
102 	 4 	 665  	 67976.3 	  	 67976.3 	 	 67976.3 	 	 0 
102 	 4 	 666  	 67976.3 	  	 67976.3 	 	 67976.3 	 	 0 
102 	 4 	 667  	 67976.3 	  	 67976.3 	 	 67976.3 	 	 0 
102 	 4 	 668  	 67976.3 	  	 67976.3 	 	 67976.3 	 	 0 
102 	 4 	 669  	 67976.3 	  	 67976.3 	 	 67976.3 	 	 0 
102 	 4 	 670  	 67976.3 	  	 67976.3 	 	 67976.3 	 	 0 
102 	 4 	 671  	 67976.3 	  	 67976.3 	 	 67976.3 	 	 0 
102 	 4 	 672  	 67976.3 	  	 67976.3 	 	 67976.3 	 	 0 
102 	 4 	 673  	 67976.3 	  	 67976.3 	 	 67976.3 	 	 0 
102 	 4 	 674  	 67976.3 	  	 67976.3 	 	 67976.3 	 	 0 
102 	 4 	 675  	 67976.3 	  	 67976.3 	 	 67976.3 	 	 0 
102 	 4 	 676  	 67976.3 	  	 67976.3 	 	 67976.3 	 	 0 
102 	 4 	 677  	 67976.3 	  	 67976.3 	 	 67976.3 	 	 0 
102 	 4 	 678  	 67976.3 	  	 67976.3 	 	 67976.3 	 	 0 
102 	 4 	 679  	 67976.3 	  	 67976.3 	 	 67976.3 	 	 0 
102 	 4 	 680  	 67976.3 	  	 67976.3 	 	 67976.3 	 	 0 
102 	 4 	 681  	 67976.3 	  	 67976.3 	 	 67976.3 	 	 0 
102 	 4 	 682  	 67976.3 	  	 67976.3 	 	 67976.3 	 	 0 
102 	 4 	 683  	 67976.3 	  	 67976.3 	 	 67976.3 	 	 0 
102 	 4 	 684  	 67976.3 	  	 67976.3 	 	 67976.3 	 	 0 
102 	 4 	 685  	 67976.3 	  	 67976.3 	 	 67976.3 	 	 0 
102 	 4 	 686  	 67976.3 	  	 67976.3 	 	 67976.3 	 	 0 
102 	 4 	 687  	 67976.3 	  	 67976.3 	 	 67976.3 	 	 0 
102 	 4 	 688  	 67976.3 	  	 67976.3 	 	 67976.3 	 	 0 
102 	 4 	 689  	 67976.3 	  	 67976.3 	 	 67976.3 	 	 0 
102 	 4 	 690  	 67976.3 	  	 67976.3 	 	 67976.3 	 	 0 
102 	 4 	 691  	 67976.3 	  	 67976.3 	 	 67976.3 	 	 0 
102 	 4 	 692  	 67976.3 	  	 67976.3 	 	 67976.3 	 	 0 
102 	 4 	 693  	 67976.3 	  	 67976.3 	 	 67976.3 	 	 0 
102 	 4 	 694  	 67976.3 	  	 67976.3 	 	 67976.3 	 	 0 
102 	 4 	 695  	 67976.3 	  	 67976.3 	 	 67976.3 	 	 0 
102 	 4 	 696  	 67976.3 	  	 67976.3 	 	 67976.3 	 	 0 
102 	 4 	 697  	 67976.3 	  	 67976.3 	 	 67976.3 	 	 0 
102 	 4 	 698  	 67976.3 	  	 67976.3 	 	 67976.3 	 	 0 
102 	 4 	 699  	 67976.3 	  	 67976.3 	 	 67976.3 	 	 0 
102 	 4 	 700  	 67976.3 	  	 67976.3 	 	 67976.3 	 	 0 
102 	 4 	 701  	 67976.3 	  	 67976.3 	 	 67976.3 	 	 0 
102 	 4 	 702  	 67976.3 	  	 67976.3 	 	 67976.3 	 	 0 
102 	 4 	 703  	 67976.3 	  	 67976.3 	 	 67976.3 	 	 0 
102 	 4 	 704  	 67976.3 	  	 67976.3 	 	 67976.3 	 	 0 
102 	 4 	 705  	 67976.3 	  	 67976.3 	 	 67976.3 	 	 0 
102 	 4 	 706  	 67976.3 	  	 67976.3 	 	 67976.3 	 	 0 
102 	 4 	 707  	 67976.3 	  	 67976.3 	 	 67976.3 	 	 0 
102 	 4 	 708  	 67976.3 	  	 67976.3 	 	 67976.3 	 	 0 
102 	 4 	 709  	 67976.3 	  	 67976.3 	 	 67976.3 	 	 0 
102 	 4 	 710  	 67976.3 	  	 67976.3 	 	 67976.3 	 	 0 
102 	 4 	 711  	 67976.3 	  	 67976.3 	 	 67976.3 	 	 0 
102 	 4 	 712  	 67976.3 	  	 67976.3 	 	 67976.3 	 	 0 
102 	 4 	 713  	 67976.3 	  	 67976.3 	 	 67976.3 	 	 0 
102 	 4 	 714  	 67976.3 	  	 67976.3 	 	 67976.3 	 	 0 
