103 	 4 	 1  	 17357.6 	  	 0 	 	 0 	 	 0 
103 	 4 	 2  	 17357.6 	  	 0 	 	 0 	 	 0 
103 	 4 	 3  	 17357.6 	  	 0 	 	 0 	 	 0 
103 	 4 	 4  	 17357.6 	  	 17319.3 	 	 0 	 	 0 
103 	 4 	 5  	 17357.6 	  	 17319.3 	 	 17319.3 	 	 0 
103 	 4 	 6  	 17357.6 	  	 17319.3 	 	 17319.3 	 	 0 
103 	 4 	 7  	 17357.6 	  	 17319.3 	 	 17319.3 	 	 0 
103 	 4 	 8  	 17357.6 	  	 17319.3 	 	 17319.3 	 	 0 
103 	 4 	 9  	 17357.6 	  	 17319.3 	 	 17319.3 	 	 0 
103 	 4 	 10  	 17357.6 	  	 17319.3 	 	 17319.3 	 	 0 
103 	 4 	 11  	 17357.6 	  	 17357.3 	 	 17319.3 	 	 0 
103 	 4 	 12  	 17357.6 	  	 17357.3 	 	 17357.3 	 	 0 
103 	 4 	 13  	 17357.6 	  	 17357.3 	 	 17357.3 	 	 0 
103 	 4 	 14  	 17357.6 	  	 17357.3 	 	 17357.3 	 	 0 
103 	 4 	 15  	 17357.6 	  	 17357.3 	 	 17357.3 	 	 0 
103 	 4 	 16  	 17357.6 	  	 17357.3 	 	 17357.3 	 	 0 
103 	 4 	 17  	 17357.6 	  	 17357.3 	 	 17357.3 	 	 0 
103 	 4 	 18  	 17357.6 	  	 17357.6 	 	 17357.3 	 	 0 
103 	 4 	 19  	 17357.6 	  	 17357.6 	 	 17357.6 	 	 0 
103 	 4 	 20  	 17357.6 	  	 17357.6 	 	 17357.6 	 	 0 
103 	 4 	 21  	 17357.6 	  	 17357.6 	 	 17357.6 	 	 0 
103 	 4 	 22  	 17357.6 	  	 17357.6 	 	 17357.6 	 	 0 
103 	 4 	 23  	 17357.6 	  	 17357.6 	 	 17357.6 	 	 0 
103 	 4 	 24  	 17357.6 	  	 17357.6 	 	 17357.6 	 	 0 
103 	 4 	 25  	 17357.6 	  	 17357.6 	 	 17357.6 	 	 0 
103 	 4 	 26  	 17357.6 	  	 17357.6 	 	 17357.6 	 	 0 
103 	 4 	 27  	 17357.6 	  	 17357.6 	 	 17357.6 	 	 0 
103 	 4 	 28  	 17357.6 	  	 17357.6 	 	 17357.6 	 	 0 
103 	 4 	 29  	 17357.6 	  	 17357.6 	 	 17357.6 	 	 0 
103 	 4 	 30  	 17357.6 	  	 17357.6 	 	 17357.6 	 	 0 
103 	 4 	 31  	 17357.6 	  	 17357.6 	 	 17357.6 	 	 0 
103 	 4 	 32  	 17357.6 	  	 17357.6 	 	 17357.6 	 	 0 
103 	 4 	 33  	 17357.6 	  	 17357.6 	 	 17357.6 	 	 0 
103 	 4 	 34  	 17357.6 	  	 17357.6 	 	 17357.6 	 	 0 
103 	 4 	 35  	 17357.6 	  	 17357.6 	 	 17357.6 	 	 0 
103 	 4 	 36  	 17357.6 	  	 17357.6 	 	 17357.6 	 	 0 
103 	 4 	 37  	 17357.6 	  	 17357.6 	 	 17357.6 	 	 0 
103 	 4 	 38  	 17357.6 	  	 17357.6 	 	 17357.6 	 	 0 
103 	 4 	 39  	 17357.6 	  	 17357.6 	 	 17357.6 	 	 0 
103 	 4 	 40  	 17357.6 	  	 17357.6 	 	 17357.6 	 	 0 
103 	 4 	 41  	 17357.6 	  	 17357.6 	 	 17357.6 	 	 0 
103 	 4 	 42  	 17357.6 	  	 17357.6 	 	 17357.6 	 	 0 
103 	 4 	 43  	 17357.6 	  	 17357.6 	 	 17357.6 	 	 0 
103 	 4 	 44  	 17357.6 	  	 17357.6 	 	 17357.6 	 	 0 
103 	 4 	 45  	 17357.6 	  	 17357.6 	 	 17357.6 	 	 0 
103 	 4 	 46  	 17357.6 	  	 17357.6 	 	 17357.6 	 	 0 
103 	 4 	 47  	 17357.6 	  	 17357.6 	 	 17357.6 	 	 0 
103 	 4 	 48  	 17357.6 	  	 17357.6 	 	 17357.6 	 	 0 
103 	 4 	 49  	 17357.6 	  	 17357.6 	 	 17357.6 	 	 0 
103 	 4 	 50  	 17357.6 	  	 17357.6 	 	 17357.6 	 	 0 
103 	 4 	 51  	 17357.6 	  	 17357.6 	 	 17357.6 	 	 0 
103 	 4 	 52  	 17357.6 	  	 17357.6 	 	 17357.6 	 	 0 
103 	 4 	 53  	 17357.6 	  	 17357.6 	 	 17357.6 	 	 0 
103 	 4 	 54  	 17357.6 	  	 17357.6 	 	 17357.6 	 	 0 
103 	 4 	 55  	 17357.6 	  	 17357.6 	 	 17357.6 	 	 0 
103 	 4 	 56  	 17357.6 	  	 17357.6 	 	 17357.6 	 	 0 
103 	 4 	 57  	 17357.6 	  	 17357.6 	 	 17357.6 	 	 0 
103 	 4 	 58  	 17357.6 	  	 17357.6 	 	 17357.6 	 	 0 
103 	 4 	 59  	 17357.6 	  	 17357.6 	 	 17357.6 	 	 0 
103 	 4 	 60  	 17357.6 	  	 17357.6 	 	 17357.6 	 	 0 
103 	 4 	 61  	 17357.6 	  	 17357.6 	 	 17357.6 	 	 0 
103 	 4 	 62  	 17357.6 	  	 17357.6 	 	 17357.6 	 	 0 
103 	 4 	 63  	 17357.6 	  	 17357.6 	 	 17357.6 	 	 0 
103 	 4 	 64  	 17357.6 	  	 17357.6 	 	 17357.6 	 	 0 
103 	 4 	 65  	 17357.6 	  	 17357.6 	 	 17357.6 	 	 0 
103 	 4 	 66  	 17357.6 	  	 17357.6 	 	 17357.6 	 	 0 
103 	 4 	 67  	 17357.6 	  	 17357.6 	 	 17357.6 	 	 0 
103 	 4 	 68  	 17357.6 	  	 17357.6 	 	 17357.6 	 	 0 
103 	 4 	 69  	 17357.6 	  	 17357.6 	 	 17357.6 	 	 0 
103 	 4 	 70  	 17357.6 	  	 17357.6 	 	 17357.6 	 	 0 
103 	 4 	 71  	 17357.6 	  	 17357.6 	 	 17357.6 	 	 0 
103 	 4 	 72  	 17357.6 	  	 17357.6 	 	 17357.6 	 	 0 
103 	 4 	 73  	 17357.6 	  	 17357.6 	 	 17357.6 	 	 0 
103 	 4 	 74  	 17357.6 	  	 17357.6 	 	 17357.6 	 	 0 
103 	 4 	 75  	 17357.6 	  	 17357.6 	 	 17357.6 	 	 0 
103 	 4 	 76  	 17357.6 	  	 17357.6 	 	 17357.6 	 	 0 
103 	 4 	 77  	 17357.6 	  	 17357.6 	 	 17357.6 	 	 0 
103 	 4 	 78  	 17357.6 	  	 17357.6 	 	 17357.6 	 	 0 
103 	 4 	 79  	 17357.6 	  	 17357.6 	 	 17357.6 	 	 0 
103 	 4 	 80  	 17357.6 	  	 17357.6 	 	 17357.6 	 	 0 
103 	 4 	 81  	 17357.6 	  	 17357.6 	 	 17357.6 	 	 0 
103 	 4 	 82  	 17357.6 	  	 17357.6 	 	 17357.6 	 	 0 
103 	 4 	 83  	 17357.6 	  	 17357.6 	 	 17357.6 	 	 0 
103 	 4 	 84  	 17357.6 	  	 17357.6 	 	 17357.6 	 	 0 
103 	 4 	 85  	 17357.6 	  	 17357.6 	 	 17357.6 	 	 0 
103 	 4 	 86  	 17357.6 	  	 17357.6 	 	 17357.6 	 	 0 
103 	 4 	 87  	 17357.6 	  	 17357.6 	 	 17357.6 	 	 0 
103 	 4 	 88  	 17357.6 	  	 17357.6 	 	 17357.6 	 	 0 
103 	 4 	 89  	 17357.6 	  	 17357.6 	 	 17357.6 	 	 0 
103 	 4 	 90  	 17357.6 	  	 17357.6 	 	 17357.6 	 	 0 
103 	 4 	 91  	 17357.6 	  	 17357.6 	 	 17357.6 	 	 0 
103 	 4 	 92  	 17357.6 	  	 17357.6 	 	 17357.6 	 	 0 
103 	 4 	 93  	 17357.6 	  	 17357.6 	 	 17357.6 	 	 0 
103 	 4 	 94  	 17357.6 	  	 17357.6 	 	 17357.6 	 	 0 
103 	 4 	 95  	 17357.6 	  	 17357.6 	 	 17357.6 	 	 0 
103 	 4 	 96  	 17357.6 	  	 17357.6 	 	 17357.6 	 	 0 
103 	 4 	 97  	 17357.6 	  	 17357.6 	 	 17357.6 	 	 0 
103 	 4 	 98  	 17357.6 	  	 17357.6 	 	 17357.6 	 	 0 
103 	 4 	 99  	 17357.6 	  	 17357.6 	 	 17357.6 	 	 0 
103 	 4 	 100  	 17357.6 	  	 17357.6 	 	 17357.6 	 	 0 
103 	 4 	 101  	 17357.6 	  	 17357.6 	 	 17357.6 	 	 0 
103 	 4 	 102  	 17357.6 	  	 17357.6 	 	 17357.6 	 	 0 
103 	 4 	 103  	 17357.6 	  	 17357.6 	 	 17357.6 	 	 0 
103 	 4 	 104  	 17357.6 	  	 17357.6 	 	 17357.6 	 	 0 
103 	 4 	 105  	 17357.6 	  	 17357.6 	 	 17357.6 	 	 0 
103 	 4 	 106  	 17357.6 	  	 17357.6 	 	 17357.6 	 	 0 
103 	 4 	 107  	 17357.6 	  	 17357.6 	 	 17357.6 	 	 0 
103 	 4 	 108  	 17357.6 	  	 17357.6 	 	 17357.6 	 	 0 
103 	 4 	 109  	 17357.6 	  	 17357.6 	 	 17357.6 	 	 0 
103 	 4 	 110  	 17357.6 	  	 17357.6 	 	 17357.6 	 	 0 
103 	 4 	 111  	 17357.6 	  	 17357.6 	 	 17357.6 	 	 0 
103 	 4 	 112  	 17357.6 	  	 17357.6 	 	 17357.6 	 	 0 
103 	 4 	 113  	 17357.6 	  	 17357.6 	 	 17357.6 	 	 0 
103 	 4 	 114  	 17357.6 	  	 17357.6 	 	 17357.6 	 	 0 
103 	 4 	 115  	 17357.6 	  	 17357.6 	 	 17357.6 	 	 0 
103 	 4 	 116  	 17357.6 	  	 17357.6 	 	 17357.6 	 	 0 
103 	 4 	 117  	 17357.6 	  	 17357.6 	 	 17357.6 	 	 0 
103 	 4 	 118  	 17357.6 	  	 17357.6 	 	 17357.6 	 	 0 
103 	 4 	 119  	 17357.6 	  	 17357.6 	 	 17357.6 	 	 0 
103 	 4 	 120  	 17357.6 	  	 17357.6 	 	 17357.6 	 	 0 
103 	 4 	 121  	 17357.6 	  	 17357.6 	 	 17357.6 	 	 0 
103 	 4 	 122  	 17357.6 	  	 17357.6 	 	 17357.6 	 	 0 
103 	 4 	 123  	 17357.6 	  	 17357.6 	 	 17357.6 	 	 0 
103 	 4 	 124  	 17357.6 	  	 17357.6 	 	 17357.6 	 	 0 
103 	 4 	 125  	 17357.6 	  	 17357.6 	 	 17357.6 	 	 0 
103 	 4 	 126  	 17357.6 	  	 17357.6 	 	 17357.6 	 	 0 
103 	 4 	 127  	 17357.6 	  	 17357.6 	 	 17357.6 	 	 0 
103 	 4 	 128  	 17357.6 	  	 17357.6 	 	 17357.6 	 	 0 
103 	 4 	 129  	 17357.6 	  	 17357.6 	 	 17357.6 	 	 0 
103 	 4 	 130  	 17357.6 	  	 17357.6 	 	 17357.6 	 	 0 
103 	 4 	 131  	 17357.6 	  	 17357.6 	 	 17357.6 	 	 0 
103 	 4 	 132  	 17357.6 	  	 17357.6 	 	 17357.6 	 	 0 
103 	 4 	 133  	 17357.6 	  	 17357.6 	 	 17357.6 	 	 0 
103 	 4 	 134  	 17357.6 	  	 17357.6 	 	 17357.6 	 	 0 
103 	 4 	 135  	 17357.6 	  	 17357.6 	 	 17357.6 	 	 0 
103 	 4 	 136  	 17357.6 	  	 17357.6 	 	 17357.6 	 	 0 
103 	 4 	 137  	 17357.6 	  	 17357.6 	 	 17357.6 	 	 0 
103 	 4 	 138  	 17357.6 	  	 17357.6 	 	 17357.6 	 	 0 
103 	 4 	 139  	 17357.6 	  	 17357.6 	 	 17357.6 	 	 0 
103 	 4 	 140  	 17357.6 	  	 17357.6 	 	 17357.6 	 	 0 
103 	 4 	 141  	 17357.6 	  	 17357.6 	 	 17357.6 	 	 0 
103 	 4 	 142  	 17357.6 	  	 17357.6 	 	 17357.6 	 	 0 
103 	 4 	 143  	 17357.6 	  	 17357.6 	 	 17357.6 	 	 0 
103 	 4 	 144  	 17357.6 	  	 17357.6 	 	 17357.6 	 	 0 
103 	 4 	 145  	 17357.6 	  	 17357.6 	 	 17357.6 	 	 0 
103 	 4 	 146  	 17357.6 	  	 17357.6 	 	 17357.6 	 	 0 
103 	 4 	 147  	 17357.6 	  	 17357.6 	 	 17357.6 	 	 0 
103 	 4 	 148  	 17357.6 	  	 17357.6 	 	 17357.6 	 	 0 
103 	 4 	 149  	 17357.6 	  	 17357.6 	 	 17357.6 	 	 0 
103 	 4 	 150  	 17357.6 	  	 17357.6 	 	 17357.6 	 	 0 
103 	 4 	 151  	 17357.6 	  	 17357.6 	 	 17357.6 	 	 0 
103 	 4 	 152  	 17357.6 	  	 17357.6 	 	 17357.6 	 	 0 
103 	 4 	 153  	 17357.6 	  	 17357.6 	 	 17357.6 	 	 0 
103 	 4 	 154  	 17357.6 	  	 17357.6 	 	 17357.6 	 	 0 
103 	 4 	 155  	 17357.6 	  	 17357.6 	 	 17357.6 	 	 0 
103 	 4 	 156  	 17357.6 	  	 17357.6 	 	 17357.6 	 	 0 
103 	 4 	 157  	 17357.6 	  	 17357.6 	 	 17357.6 	 	 0 
103 	 4 	 158  	 17357.6 	  	 17357.6 	 	 17357.6 	 	 0 
103 	 4 	 159  	 17357.6 	  	 17357.6 	 	 17357.6 	 	 0 
103 	 4 	 160  	 17357.6 	  	 17357.6 	 	 17357.6 	 	 0 
103 	 4 	 161  	 17357.6 	  	 17357.6 	 	 17357.6 	 	 0 
103 	 4 	 162  	 17357.6 	  	 17357.6 	 	 17357.6 	 	 0 
103 	 4 	 163  	 17357.6 	  	 17357.6 	 	 17357.6 	 	 0 
103 	 4 	 164  	 17357.6 	  	 17357.6 	 	 17357.6 	 	 0 
103 	 4 	 165  	 17357.6 	  	 17357.6 	 	 17357.6 	 	 0 
103 	 4 	 166  	 17357.6 	  	 17357.6 	 	 17357.6 	 	 0 
103 	 4 	 167  	 17357.6 	  	 17357.6 	 	 17357.6 	 	 0 
103 	 4 	 168  	 17357.6 	  	 17357.6 	 	 17357.6 	 	 0 
103 	 4 	 169  	 17357.6 	  	 17357.6 	 	 17357.6 	 	 0 
103 	 4 	 170  	 17357.6 	  	 17357.6 	 	 17357.6 	 	 0 
103 	 4 	 171  	 17357.6 	  	 17357.6 	 	 17357.6 	 	 0 
103 	 4 	 172  	 17357.6 	  	 17357.6 	 	 17357.6 	 	 0 
103 	 4 	 173  	 17357.6 	  	 17357.6 	 	 17357.6 	 	 0 
103 	 4 	 174  	 17357.6 	  	 17357.6 	 	 17357.6 	 	 0 
103 	 4 	 175  	 17357.6 	  	 17357.6 	 	 17357.6 	 	 0 
103 	 4 	 176  	 17357.6 	  	 17357.6 	 	 17357.6 	 	 0 
103 	 4 	 177  	 17357.6 	  	 17357.6 	 	 17357.6 	 	 0 
103 	 4 	 178  	 17357.6 	  	 17357.6 	 	 17357.6 	 	 0 
103 	 4 	 179  	 17357.6 	  	 17357.6 	 	 17357.6 	 	 0 
103 	 4 	 180  	 17357.6 	  	 17357.6 	 	 17357.6 	 	 0 
103 	 4 	 181  	 17357.6 	  	 17357.6 	 	 17357.6 	 	 0 
103 	 4 	 182  	 17357.6 	  	 17357.6 	 	 17357.6 	 	 0 
103 	 4 	 183  	 17357.6 	  	 17357.6 	 	 17357.6 	 	 0 
103 	 4 	 184  	 17357.6 	  	 17357.6 	 	 17357.6 	 	 0 
103 	 4 	 185  	 17357.6 	  	 17357.6 	 	 17357.6 	 	 0 
103 	 4 	 186  	 17357.6 	  	 17357.6 	 	 17357.6 	 	 0 
103 	 4 	 187  	 17357.6 	  	 17357.6 	 	 17357.6 	 	 0 
103 	 4 	 188  	 17357.6 	  	 17357.6 	 	 17357.6 	 	 0 
103 	 4 	 189  	 17357.6 	  	 17357.6 	 	 17357.6 	 	 0 
103 	 4 	 190  	 17357.6 	  	 17357.6 	 	 17357.6 	 	 0 
103 	 4 	 191  	 17357.6 	  	 17357.6 	 	 17357.6 	 	 0 
103 	 4 	 192  	 17357.6 	  	 17357.6 	 	 17357.6 	 	 0 
103 	 4 	 193  	 17357.6 	  	 17357.6 	 	 17357.6 	 	 0 
103 	 4 	 194  	 17357.6 	  	 17357.6 	 	 17357.6 	 	 0 
103 	 4 	 195  	 17357.6 	  	 17357.6 	 	 17357.6 	 	 0 
103 	 4 	 196  	 17357.6 	  	 17357.6 	 	 17357.6 	 	 0 
103 	 4 	 197  	 17357.6 	  	 17357.6 	 	 17357.6 	 	 0 
103 	 4 	 198  	 17357.6 	  	 17357.6 	 	 17357.6 	 	 0 
103 	 4 	 199  	 17357.6 	  	 17357.6 	 	 17357.6 	 	 0 
103 	 4 	 200  	 17357.6 	  	 17357.6 	 	 17357.6 	 	 0 
103 	 4 	 201  	 17357.6 	  	 17357.6 	 	 17357.6 	 	 0 
103 	 4 	 202  	 17357.6 	  	 17357.6 	 	 17357.6 	 	 0 
103 	 4 	 203  	 17357.6 	  	 17357.6 	 	 17357.6 	 	 0 
103 	 4 	 204  	 17357.6 	  	 17357.6 	 	 17357.6 	 	 0 
103 	 4 	 205  	 17357.6 	  	 17357.6 	 	 17357.6 	 	 0 
103 	 4 	 206  	 17357.6 	  	 17357.6 	 	 17357.6 	 	 0 
103 	 4 	 207  	 17357.6 	  	 17357.6 	 	 17357.6 	 	 0 
103 	 4 	 208  	 17357.6 	  	 17357.6 	 	 17357.6 	 	 0 
103 	 4 	 209  	 17357.6 	  	 17357.6 	 	 17357.6 	 	 0 
103 	 4 	 210  	 17357.6 	  	 17357.6 	 	 17357.6 	 	 0 
103 	 4 	 211  	 17357.6 	  	 17357.6 	 	 17357.6 	 	 0 
103 	 4 	 212  	 17357.6 	  	 17357.6 	 	 17357.6 	 	 0 
103 	 4 	 213  	 17357.6 	  	 17357.6 	 	 17357.6 	 	 0 
103 	 4 	 214  	 17357.6 	  	 17357.6 	 	 17357.6 	 	 0 
103 	 4 	 215  	 17357.6 	  	 17357.6 	 	 17357.6 	 	 0 
103 	 4 	 216  	 17357.6 	  	 17357.6 	 	 17357.6 	 	 0 
103 	 4 	 217  	 17357.6 	  	 17357.6 	 	 17357.6 	 	 0 
103 	 4 	 218  	 17357.6 	  	 17357.6 	 	 17357.6 	 	 0 
103 	 4 	 219  	 17357.6 	  	 17357.6 	 	 17357.6 	 	 0 
103 	 4 	 220  	 17357.6 	  	 17357.6 	 	 17357.6 	 	 0 
103 	 4 	 221  	 17357.6 	  	 17357.6 	 	 17357.6 	 	 0 
103 	 4 	 222  	 17357.6 	  	 17357.6 	 	 17357.6 	 	 0 
103 	 4 	 223  	 17357.6 	  	 17357.6 	 	 17357.6 	 	 0 
103 	 4 	 224  	 17357.6 	  	 17357.6 	 	 17357.6 	 	 0 
103 	 4 	 225  	 17357.6 	  	 17357.6 	 	 17357.6 	 	 0 
103 	 4 	 226  	 17357.6 	  	 17357.6 	 	 17357.6 	 	 0 
103 	 4 	 227  	 17357.6 	  	 17357.6 	 	 17357.6 	 	 0 
103 	 4 	 228  	 17357.6 	  	 17357.6 	 	 17357.6 	 	 0 
103 	 4 	 229  	 17357.6 	  	 17357.6 	 	 17357.6 	 	 0 
103 	 4 	 230  	 17357.6 	  	 17357.6 	 	 17357.6 	 	 0 
103 	 4 	 231  	 17357.6 	  	 17357.6 	 	 17357.6 	 	 0 
103 	 4 	 232  	 17357.6 	  	 17357.6 	 	 17357.6 	 	 0 
103 	 4 	 233  	 17357.6 	  	 17357.6 	 	 17357.6 	 	 0 
103 	 4 	 234  	 17357.6 	  	 17357.6 	 	 17357.6 	 	 0 
103 	 4 	 235  	 17357.6 	  	 17357.6 	 	 17357.6 	 	 0 
103 	 4 	 236  	 17357.6 	  	 17357.6 	 	 17357.6 	 	 0 
103 	 4 	 237  	 17357.6 	  	 17357.6 	 	 17357.6 	 	 0 
103 	 4 	 238  	 17357.6 	  	 17357.6 	 	 17357.6 	 	 0 
103 	 4 	 239  	 17357.6 	  	 17357.6 	 	 17357.6 	 	 0 
103 	 4 	 240  	 17357.6 	  	 17357.6 	 	 17357.6 	 	 0 
103 	 4 	 241  	 17357.6 	  	 17357.6 	 	 17357.6 	 	 0 
103 	 4 	 242  	 17357.6 	  	 17357.6 	 	 17357.6 	 	 0 
103 	 4 	 243  	 17357.6 	  	 17357.6 	 	 17357.6 	 	 0 
103 	 4 	 244  	 17357.6 	  	 17357.6 	 	 17357.6 	 	 0 
103 	 4 	 245  	 17357.6 	  	 17357.6 	 	 17357.6 	 	 0 
103 	 4 	 246  	 17357.6 	  	 17357.6 	 	 17357.6 	 	 0 
103 	 4 	 247  	 17357.6 	  	 17357.6 	 	 17357.6 	 	 0 
103 	 4 	 248  	 17357.6 	  	 17357.6 	 	 17357.6 	 	 0 
103 	 4 	 249  	 17357.6 	  	 17357.6 	 	 17357.6 	 	 0 
103 	 4 	 250  	 17357.6 	  	 17357.6 	 	 17357.6 	 	 0 
103 	 4 	 251  	 17357.6 	  	 17357.6 	 	 17357.6 	 	 0 
103 	 4 	 252  	 17357.6 	  	 17357.6 	 	 17357.6 	 	 0 
103 	 4 	 253  	 17357.6 	  	 17357.6 	 	 17357.6 	 	 0 
103 	 4 	 254  	 17357.6 	  	 17357.6 	 	 17357.6 	 	 0 
103 	 4 	 255  	 17357.6 	  	 17357.6 	 	 17357.6 	 	 0 
103 	 4 	 256  	 17357.6 	  	 17357.6 	 	 17357.6 	 	 0 
103 	 4 	 257  	 17357.6 	  	 17357.6 	 	 17357.6 	 	 0 
103 	 4 	 258  	 17357.6 	  	 17357.6 	 	 17357.6 	 	 0 
103 	 4 	 259  	 17357.6 	  	 17357.6 	 	 17357.6 	 	 0 
103 	 4 	 260  	 17357.6 	  	 17357.6 	 	 17357.6 	 	 0 
103 	 4 	 261  	 17357.6 	  	 17357.6 	 	 17357.6 	 	 0 
103 	 4 	 262  	 17357.6 	  	 17357.6 	 	 17357.6 	 	 0 
103 	 4 	 263  	 17357.6 	  	 17357.6 	 	 17357.6 	 	 0 
103 	 4 	 264  	 17357.6 	  	 17357.6 	 	 17357.6 	 	 0 
103 	 4 	 265  	 17357.6 	  	 17357.6 	 	 17357.6 	 	 0 
103 	 4 	 266  	 17357.6 	  	 17357.6 	 	 17357.6 	 	 0 
103 	 4 	 267  	 17357.6 	  	 17357.6 	 	 17357.6 	 	 0 
103 	 4 	 268  	 17357.6 	  	 17357.6 	 	 17357.6 	 	 0 
103 	 4 	 269  	 17357.6 	  	 17357.6 	 	 17357.6 	 	 0 
103 	 4 	 270  	 17357.6 	  	 17357.6 	 	 17357.6 	 	 0 
103 	 4 	 271  	 17357.6 	  	 17357.6 	 	 17357.6 	 	 0 
103 	 4 	 272  	 17357.6 	  	 17357.6 	 	 17357.6 	 	 0 
103 	 4 	 273  	 17357.6 	  	 17357.6 	 	 17357.6 	 	 0 
103 	 4 	 274  	 17357.6 	  	 17357.6 	 	 17357.6 	 	 0 
103 	 4 	 275  	 17357.6 	  	 17357.6 	 	 17357.6 	 	 0 
103 	 4 	 276  	 17357.6 	  	 17357.6 	 	 17357.6 	 	 0 
103 	 4 	 277  	 17357.6 	  	 17357.6 	 	 17357.6 	 	 0 
103 	 4 	 278  	 17357.6 	  	 17357.6 	 	 17357.6 	 	 0 
103 	 4 	 279  	 17357.6 	  	 17357.6 	 	 17357.6 	 	 0 
103 	 4 	 280  	 17357.6 	  	 17357.6 	 	 17357.6 	 	 0 
103 	 4 	 281  	 17357.6 	  	 17357.6 	 	 17357.6 	 	 0 
103 	 4 	 282  	 17357.6 	  	 17357.6 	 	 17357.6 	 	 0 
103 	 4 	 283  	 17357.6 	  	 17357.6 	 	 17357.6 	 	 0 
103 	 4 	 284  	 17357.6 	  	 17357.6 	 	 17357.6 	 	 0 
103 	 4 	 285  	 17357.6 	  	 17357.6 	 	 17357.6 	 	 0 
103 	 4 	 286  	 17357.6 	  	 17357.6 	 	 17357.6 	 	 0 
103 	 4 	 287  	 17357.6 	  	 17357.6 	 	 17357.6 	 	 0 
103 	 4 	 288  	 17357.6 	  	 17357.6 	 	 17357.6 	 	 0 
103 	 4 	 289  	 17357.6 	  	 17357.6 	 	 17357.6 	 	 0 
103 	 4 	 290  	 17357.6 	  	 17357.6 	 	 17357.6 	 	 0 
103 	 4 	 291  	 17357.6 	  	 17357.6 	 	 17357.6 	 	 0 
103 	 4 	 292  	 17357.6 	  	 17357.6 	 	 17357.6 	 	 0 
103 	 4 	 293  	 17357.6 	  	 17357.6 	 	 17357.6 	 	 0 
103 	 4 	 294  	 17357.6 	  	 17357.6 	 	 17357.6 	 	 0 
103 	 4 	 295  	 17357.6 	  	 17357.6 	 	 17357.6 	 	 0 
103 	 4 	 296  	 17357.6 	  	 17357.6 	 	 17357.6 	 	 0 
103 	 4 	 297  	 17357.6 	  	 17357.6 	 	 17357.6 	 	 0 
103 	 4 	 298  	 17357.6 	  	 17357.6 	 	 17357.6 	 	 0 
103 	 4 	 299  	 17357.6 	  	 17357.6 	 	 17357.6 	 	 0 
103 	 4 	 300  	 17357.6 	  	 17357.6 	 	 17357.6 	 	 0 
103 	 4 	 301  	 17357.6 	  	 17357.6 	 	 17357.6 	 	 0 
103 	 4 	 302  	 17357.6 	  	 17357.6 	 	 17357.6 	 	 0 
103 	 4 	 303  	 17357.6 	  	 17357.6 	 	 17357.6 	 	 0 
103 	 4 	 304  	 17357.6 	  	 17357.6 	 	 17357.6 	 	 0 
103 	 4 	 305  	 17357.6 	  	 17357.6 	 	 17357.6 	 	 0 
103 	 4 	 306  	 17357.6 	  	 17357.6 	 	 17357.6 	 	 0 
103 	 4 	 307  	 17357.6 	  	 17357.6 	 	 17357.6 	 	 0 
103 	 4 	 308  	 17357.6 	  	 17357.6 	 	 17357.6 	 	 0 
103 	 4 	 309  	 17357.6 	  	 17357.6 	 	 17357.6 	 	 0 
103 	 4 	 310  	 17357.6 	  	 17357.6 	 	 17357.6 	 	 0 
103 	 4 	 311  	 17357.6 	  	 17357.6 	 	 17357.6 	 	 0 
103 	 4 	 312  	 17357.6 	  	 17357.6 	 	 17357.6 	 	 0 
103 	 4 	 313  	 17357.6 	  	 17357.6 	 	 17357.6 	 	 0 
103 	 4 	 314  	 17357.6 	  	 17357.6 	 	 17357.6 	 	 0 
103 	 4 	 315  	 17357.6 	  	 17357.6 	 	 17357.6 	 	 0 
103 	 4 	 316  	 17357.6 	  	 17357.6 	 	 17357.6 	 	 0 
103 	 4 	 317  	 17357.6 	  	 17357.6 	 	 17357.6 	 	 0 
103 	 4 	 318  	 17357.6 	  	 17357.6 	 	 17357.6 	 	 0 
103 	 4 	 319  	 17357.6 	  	 17357.6 	 	 17357.6 	 	 0 
103 	 4 	 320  	 17357.6 	  	 17357.6 	 	 17357.6 	 	 0 
103 	 4 	 321  	 17357.6 	  	 17357.6 	 	 17357.6 	 	 0 
103 	 4 	 322  	 17357.6 	  	 17357.6 	 	 17357.6 	 	 0 
103 	 4 	 323  	 17357.6 	  	 17357.6 	 	 17357.6 	 	 0 
103 	 4 	 324  	 17357.6 	  	 17357.6 	 	 17357.6 	 	 0 
103 	 4 	 325  	 17357.6 	  	 17357.6 	 	 17357.6 	 	 0 
103 	 4 	 326  	 17357.6 	  	 17357.6 	 	 17357.6 	 	 0 
103 	 4 	 327  	 17357.6 	  	 17357.6 	 	 17357.6 	 	 0 
103 	 4 	 328  	 17357.6 	  	 17357.6 	 	 17357.6 	 	 0 
103 	 4 	 329  	 17357.6 	  	 17357.6 	 	 17357.6 	 	 0 
103 	 4 	 330  	 17357.6 	  	 17357.6 	 	 17357.6 	 	 0 
103 	 4 	 331  	 17357.6 	  	 17357.6 	 	 17357.6 	 	 0 
103 	 4 	 332  	 17357.6 	  	 17357.6 	 	 17357.6 	 	 0 
103 	 4 	 333  	 17357.6 	  	 17357.6 	 	 17357.6 	 	 0 
103 	 4 	 334  	 17357.6 	  	 17357.6 	 	 17357.6 	 	 0 
103 	 4 	 335  	 17357.6 	  	 17357.6 	 	 17357.6 	 	 0 
103 	 4 	 336  	 17357.6 	  	 17357.6 	 	 17357.6 	 	 0 
103 	 4 	 337  	 17357.6 	  	 17357.6 	 	 17357.6 	 	 0 
103 	 4 	 338  	 17357.6 	  	 17357.6 	 	 17357.6 	 	 0 
103 	 4 	 339  	 17357.6 	  	 17357.6 	 	 17357.6 	 	 0 
103 	 4 	 340  	 17357.6 	  	 17357.6 	 	 17357.6 	 	 0 
103 	 4 	 341  	 17357.6 	  	 17357.6 	 	 17357.6 	 	 0 
103 	 4 	 342  	 17357.6 	  	 17357.6 	 	 17357.6 	 	 0 
103 	 4 	 343  	 17357.6 	  	 17357.6 	 	 17357.6 	 	 0 
103 	 4 	 344  	 17357.6 	  	 17357.6 	 	 17357.6 	 	 0 
103 	 4 	 345  	 17357.6 	  	 17357.6 	 	 17357.6 	 	 0 
103 	 4 	 346  	 17357.6 	  	 17357.6 	 	 17357.6 	 	 0 
103 	 4 	 347  	 17357.6 	  	 17357.6 	 	 17357.6 	 	 0 
103 	 4 	 348  	 17357.6 	  	 17357.6 	 	 17357.6 	 	 0 
103 	 4 	 349  	 17357.6 	  	 17357.6 	 	 17357.6 	 	 0 
103 	 4 	 350  	 17357.6 	  	 17357.6 	 	 17357.6 	 	 0 
103 	 4 	 351  	 17357.6 	  	 17357.6 	 	 17357.6 	 	 0 
103 	 4 	 352  	 17357.6 	  	 17357.6 	 	 17357.6 	 	 0 
103 	 4 	 353  	 17357.6 	  	 17357.6 	 	 17357.6 	 	 0 
103 	 4 	 354  	 17357.6 	  	 17357.6 	 	 17357.6 	 	 0 
103 	 4 	 355  	 17357.6 	  	 17357.6 	 	 17357.6 	 	 0 
103 	 4 	 356  	 17357.6 	  	 17357.6 	 	 17357.6 	 	 0 
103 	 4 	 357  	 17357.6 	  	 17357.6 	 	 17357.6 	 	 0 
103 	 4 	 358  	 17357.6 	  	 17357.6 	 	 17357.6 	 	 0 
103 	 4 	 359  	 17357.6 	  	 17357.6 	 	 17357.6 	 	 0 
103 	 4 	 360  	 17357.6 	  	 17357.6 	 	 17357.6 	 	 0 
103 	 4 	 361  	 17357.6 	  	 17357.6 	 	 17357.6 	 	 0 
103 	 4 	 362  	 17357.6 	  	 17357.6 	 	 17357.6 	 	 0 
103 	 4 	 363  	 17357.6 	  	 17357.6 	 	 17357.6 	 	 0 
103 	 4 	 364  	 17357.6 	  	 17357.6 	 	 17357.6 	 	 0 
103 	 4 	 365  	 17357.6 	  	 17357.6 	 	 17357.6 	 	 0 
103 	 4 	 366  	 17357.6 	  	 17357.6 	 	 17357.6 	 	 0 
103 	 4 	 367  	 17357.6 	  	 17357.6 	 	 17357.6 	 	 0 
103 	 4 	 368  	 17357.6 	  	 17357.6 	 	 17357.6 	 	 0 
103 	 4 	 369  	 17357.6 	  	 17357.6 	 	 17357.6 	 	 0 
103 	 4 	 370  	 17357.6 	  	 17357.6 	 	 17357.6 	 	 0 
103 	 4 	 371  	 17357.6 	  	 17357.6 	 	 17357.6 	 	 0 
103 	 4 	 372  	 17357.6 	  	 17357.6 	 	 17357.6 	 	 0 
103 	 4 	 373  	 17357.6 	  	 17357.6 	 	 17357.6 	 	 0 
103 	 4 	 374  	 17357.6 	  	 17357.6 	 	 17357.6 	 	 0 
103 	 4 	 375  	 17357.6 	  	 17357.6 	 	 17357.6 	 	 0 
103 	 4 	 376  	 17357.6 	  	 17357.6 	 	 17357.6 	 	 0 
103 	 4 	 377  	 17357.6 	  	 17357.6 	 	 17357.6 	 	 0 
103 	 4 	 378  	 17357.6 	  	 17357.6 	 	 17357.6 	 	 0 
103 	 4 	 379  	 17357.6 	  	 17357.6 	 	 17357.6 	 	 0 
103 	 4 	 380  	 17357.6 	  	 17357.6 	 	 17357.6 	 	 0 
103 	 4 	 381  	 17357.6 	  	 17357.6 	 	 17357.6 	 	 0 
103 	 4 	 382  	 17357.6 	  	 17357.6 	 	 17357.6 	 	 0 
103 	 4 	 383  	 17357.6 	  	 17357.6 	 	 17357.6 	 	 0 
103 	 4 	 384  	 17357.6 	  	 17357.6 	 	 17357.6 	 	 0 
103 	 4 	 385  	 17357.6 	  	 17357.6 	 	 17357.6 	 	 0 
103 	 4 	 386  	 17357.6 	  	 17357.6 	 	 17357.6 	 	 0 
103 	 4 	 387  	 17357.6 	  	 17357.6 	 	 17357.6 	 	 0 
103 	 4 	 388  	 17357.6 	  	 17357.6 	 	 17357.6 	 	 0 
103 	 4 	 389  	 17357.6 	  	 17357.6 	 	 17357.6 	 	 0 
103 	 4 	 390  	 17357.6 	  	 17357.6 	 	 17357.6 	 	 0 
103 	 4 	 391  	 17357.6 	  	 17357.6 	 	 17357.6 	 	 0 
103 	 4 	 392  	 17357.6 	  	 17357.6 	 	 17357.6 	 	 0 
103 	 4 	 393  	 17357.6 	  	 17357.6 	 	 17357.6 	 	 0 
103 	 4 	 394  	 17357.6 	  	 17357.6 	 	 17357.6 	 	 0 
103 	 4 	 395  	 17357.6 	  	 17357.6 	 	 17357.6 	 	 0 
103 	 4 	 396  	 17357.6 	  	 17357.6 	 	 17357.6 	 	 0 
103 	 4 	 397  	 17357.6 	  	 17357.6 	 	 17357.6 	 	 0 
103 	 4 	 398  	 17357.6 	  	 17357.6 	 	 17357.6 	 	 0 
103 	 4 	 399  	 17357.6 	  	 17357.6 	 	 17357.6 	 	 0 
103 	 4 	 400  	 17357.6 	  	 17357.6 	 	 17357.6 	 	 0 
103 	 4 	 401  	 17357.6 	  	 17357.6 	 	 17357.6 	 	 0 
103 	 4 	 402  	 17357.6 	  	 17357.6 	 	 17357.6 	 	 0 
103 	 4 	 403  	 17357.6 	  	 17357.6 	 	 17357.6 	 	 0 
103 	 4 	 404  	 17357.6 	  	 17357.6 	 	 17357.6 	 	 0 
103 	 4 	 405  	 17357.6 	  	 17357.6 	 	 17357.6 	 	 0 
103 	 4 	 406  	 17357.6 	  	 17357.6 	 	 17357.6 	 	 0 
103 	 4 	 407  	 17357.6 	  	 17357.6 	 	 17357.6 	 	 0 
103 	 4 	 408  	 17357.6 	  	 17357.6 	 	 17357.6 	 	 0 
103 	 4 	 409  	 17357.6 	  	 17357.6 	 	 17357.6 	 	 0 
103 	 4 	 410  	 17357.6 	  	 17357.6 	 	 17357.6 	 	 0 
103 	 4 	 411  	 17357.6 	  	 17357.6 	 	 17357.6 	 	 0 
103 	 4 	 412  	 17357.6 	  	 17357.6 	 	 17357.6 	 	 0 
103 	 4 	 413  	 17357.6 	  	 17357.6 	 	 17357.6 	 	 0 
103 	 4 	 414  	 17357.6 	  	 17357.6 	 	 17357.6 	 	 0 
103 	 4 	 415  	 17357.6 	  	 17357.6 	 	 17357.6 	 	 0 
103 	 4 	 416  	 17357.6 	  	 17357.6 	 	 17357.6 	 	 0 
103 	 4 	 417  	 17357.6 	  	 17357.6 	 	 17357.6 	 	 0 
103 	 4 	 418  	 17357.6 	  	 17357.6 	 	 17357.6 	 	 0 
103 	 4 	 419  	 17357.6 	  	 17357.6 	 	 17357.6 	 	 0 
103 	 4 	 420  	 17357.6 	  	 17357.6 	 	 17357.6 	 	 0 
103 	 4 	 421  	 17357.6 	  	 17357.6 	 	 17357.6 	 	 0 
103 	 4 	 422  	 17357.6 	  	 17357.6 	 	 17357.6 	 	 0 
103 	 4 	 423  	 17357.6 	  	 17357.6 	 	 17357.6 	 	 0 
103 	 4 	 424  	 17357.6 	  	 17357.6 	 	 17357.6 	 	 0 
103 	 4 	 425  	 17357.6 	  	 17357.6 	 	 17357.6 	 	 0 
103 	 4 	 426  	 17357.6 	  	 17357.6 	 	 17357.6 	 	 0 
103 	 4 	 427  	 17357.6 	  	 17357.6 	 	 17357.6 	 	 0 
103 	 4 	 428  	 17357.6 	  	 17357.6 	 	 17357.6 	 	 0 
103 	 4 	 429  	 17357.6 	  	 17357.6 	 	 17357.6 	 	 0 
103 	 4 	 430  	 17357.6 	  	 17357.6 	 	 17357.6 	 	 0 
103 	 4 	 431  	 17357.6 	  	 17357.6 	 	 17357.6 	 	 0 
103 	 4 	 432  	 17357.6 	  	 17357.6 	 	 17357.6 	 	 0 
103 	 4 	 433  	 17357.6 	  	 17357.6 	 	 17357.6 	 	 0 
103 	 4 	 434  	 17357.6 	  	 17357.6 	 	 17357.6 	 	 0 
103 	 4 	 435  	 17357.6 	  	 17357.6 	 	 17357.6 	 	 0 
103 	 4 	 436  	 17357.6 	  	 17357.6 	 	 17357.6 	 	 0 
103 	 4 	 437  	 17357.6 	  	 17357.6 	 	 17357.6 	 	 0 
103 	 4 	 438  	 17357.6 	  	 17357.6 	 	 17357.6 	 	 0 
103 	 4 	 439  	 17357.6 	  	 17357.6 	 	 17357.6 	 	 0 
103 	 4 	 440  	 17357.6 	  	 17357.6 	 	 17357.6 	 	 0 
103 	 4 	 441  	 17357.6 	  	 17357.6 	 	 17357.6 	 	 0 
103 	 4 	 442  	 17357.6 	  	 17357.6 	 	 17357.6 	 	 0 
103 	 4 	 443  	 17357.6 	  	 17357.6 	 	 17357.6 	 	 0 
103 	 4 	 444  	 17357.6 	  	 17357.6 	 	 17357.6 	 	 0 
103 	 4 	 445  	 17357.6 	  	 17357.6 	 	 17357.6 	 	 0 
103 	 4 	 446  	 17357.6 	  	 17357.6 	 	 17357.6 	 	 0 
103 	 4 	 447  	 17357.6 	  	 17357.6 	 	 17357.6 	 	 0 
103 	 4 	 448  	 17357.6 	  	 17357.6 	 	 17357.6 	 	 0 
103 	 4 	 449  	 17357.6 	  	 17357.6 	 	 17357.6 	 	 0 
103 	 4 	 450  	 17357.6 	  	 17357.6 	 	 17357.6 	 	 0 
103 	 4 	 451  	 17357.6 	  	 17357.6 	 	 17357.6 	 	 0 
103 	 4 	 452  	 17357.6 	  	 17357.6 	 	 17357.6 	 	 0 
103 	 4 	 453  	 17357.6 	  	 17357.6 	 	 17357.6 	 	 0 
103 	 4 	 454  	 17357.6 	  	 17357.6 	 	 17357.6 	 	 0 
103 	 4 	 455  	 17357.6 	  	 17357.6 	 	 17357.6 	 	 0 
103 	 4 	 456  	 17357.6 	  	 17357.6 	 	 17357.6 	 	 0 
103 	 4 	 457  	 17357.6 	  	 17357.6 	 	 17357.6 	 	 0 
103 	 4 	 458  	 17357.6 	  	 17357.6 	 	 17357.6 	 	 0 
103 	 4 	 459  	 17357.6 	  	 17357.6 	 	 17357.6 	 	 0 
103 	 4 	 460  	 17357.6 	  	 17357.6 	 	 17357.6 	 	 0 
103 	 4 	 461  	 17357.6 	  	 17357.6 	 	 17357.6 	 	 0 
103 	 4 	 462  	 17357.6 	  	 17357.6 	 	 17357.6 	 	 0 
103 	 4 	 463  	 17357.6 	  	 17357.6 	 	 17357.6 	 	 0 
103 	 4 	 464  	 17357.6 	  	 17357.6 	 	 17357.6 	 	 0 
103 	 4 	 465  	 17357.6 	  	 17357.6 	 	 17357.6 	 	 0 
103 	 4 	 466  	 17357.6 	  	 17357.6 	 	 17357.6 	 	 0 
103 	 4 	 467  	 17357.6 	  	 17357.6 	 	 17357.6 	 	 0 
103 	 4 	 468  	 17357.6 	  	 17357.6 	 	 17357.6 	 	 0 
103 	 4 	 469  	 17357.6 	  	 17357.6 	 	 17357.6 	 	 0 
103 	 4 	 470  	 17357.6 	  	 17357.6 	 	 17357.6 	 	 0 
103 	 4 	 471  	 17357.6 	  	 17357.6 	 	 17357.6 	 	 0 
103 	 4 	 472  	 17357.6 	  	 17357.6 	 	 17357.6 	 	 0 
103 	 4 	 473  	 17357.6 	  	 17357.6 	 	 17357.6 	 	 0 
103 	 4 	 474  	 17357.6 	  	 17357.6 	 	 17357.6 	 	 0 
103 	 4 	 475  	 17357.6 	  	 17357.6 	 	 17357.6 	 	 0 
103 	 4 	 476  	 17357.6 	  	 17357.6 	 	 17357.6 	 	 0 
103 	 4 	 477  	 17357.6 	  	 17357.6 	 	 17357.6 	 	 0 
103 	 4 	 478  	 17357.6 	  	 17357.6 	 	 17357.6 	 	 0 
103 	 4 	 479  	 17357.6 	  	 17357.6 	 	 17357.6 	 	 0 
103 	 4 	 480  	 17357.6 	  	 17357.6 	 	 17357.6 	 	 0 
103 	 4 	 481  	 17357.6 	  	 17357.6 	 	 17357.6 	 	 0 
103 	 4 	 482  	 17357.6 	  	 17357.6 	 	 17357.6 	 	 0 
103 	 4 	 483  	 17357.6 	  	 17357.6 	 	 17357.6 	 	 0 
103 	 4 	 484  	 17357.6 	  	 17357.6 	 	 17357.6 	 	 0 
103 	 4 	 485  	 17357.6 	  	 17357.6 	 	 17357.6 	 	 0 
103 	 4 	 486  	 17357.6 	  	 17357.6 	 	 17357.6 	 	 0 
103 	 4 	 487  	 17357.6 	  	 17357.6 	 	 17357.6 	 	 0 
103 	 4 	 488  	 17357.6 	  	 17357.6 	 	 17357.6 	 	 0 
103 	 4 	 489  	 17357.6 	  	 17357.6 	 	 17357.6 	 	 0 
103 	 4 	 490  	 17357.6 	  	 17357.6 	 	 17357.6 	 	 0 
103 	 4 	 491  	 17357.6 	  	 17357.6 	 	 17357.6 	 	 0 
103 	 4 	 492  	 17357.6 	  	 17357.6 	 	 17357.6 	 	 0 
103 	 4 	 493  	 17357.6 	  	 17357.6 	 	 17357.6 	 	 0 
103 	 4 	 494  	 17357.6 	  	 17357.6 	 	 17357.6 	 	 0 
103 	 4 	 495  	 17357.6 	  	 17357.6 	 	 17357.6 	 	 0 
103 	 4 	 496  	 17357.6 	  	 17357.6 	 	 17357.6 	 	 0 
103 	 4 	 497  	 17357.6 	  	 17357.6 	 	 17357.6 	 	 0 
103 	 4 	 498  	 17357.6 	  	 17357.6 	 	 17357.6 	 	 0 
103 	 4 	 499  	 17357.6 	  	 17357.6 	 	 17357.6 	 	 0 
103 	 4 	 500  	 17357.6 	  	 17357.6 	 	 17357.6 	 	 0 
103 	 4 	 501  	 17357.6 	  	 17357.6 	 	 17357.6 	 	 0 
103 	 4 	 502  	 17357.6 	  	 17357.6 	 	 17357.6 	 	 0 
103 	 4 	 503  	 17357.6 	  	 17357.6 	 	 17357.6 	 	 0 
103 	 4 	 504  	 17357.6 	  	 17357.6 	 	 17357.6 	 	 0 
103 	 4 	 505  	 17357.6 	  	 17357.6 	 	 17357.6 	 	 0 
103 	 4 	 506  	 17357.6 	  	 17357.6 	 	 17357.6 	 	 0 
103 	 4 	 507  	 17357.6 	  	 17357.6 	 	 17357.6 	 	 0 
103 	 4 	 508  	 17357.6 	  	 17357.6 	 	 17357.6 	 	 0 
103 	 4 	 509  	 17357.6 	  	 17357.6 	 	 17357.6 	 	 0 
103 	 4 	 510  	 17357.6 	  	 17357.6 	 	 17357.6 	 	 0 
103 	 4 	 511  	 17357.6 	  	 17357.6 	 	 17357.6 	 	 0 
103 	 4 	 512  	 17357.6 	  	 17357.6 	 	 17357.6 	 	 0 
103 	 4 	 513  	 17357.6 	  	 17357.6 	 	 17357.6 	 	 0 
103 	 4 	 514  	 17357.6 	  	 17357.6 	 	 17357.6 	 	 0 
103 	 4 	 515  	 17357.6 	  	 17357.6 	 	 17357.6 	 	 0 
103 	 4 	 516  	 17357.6 	  	 17357.6 	 	 17357.6 	 	 0 
103 	 4 	 517  	 17357.6 	  	 17357.6 	 	 17357.6 	 	 0 
103 	 4 	 518  	 17357.6 	  	 17357.6 	 	 17357.6 	 	 0 
103 	 4 	 519  	 17357.6 	  	 17357.6 	 	 17357.6 	 	 0 
103 	 4 	 520  	 17357.6 	  	 17357.6 	 	 17357.6 	 	 0 
103 	 4 	 521  	 17357.6 	  	 17357.6 	 	 17357.6 	 	 0 
103 	 4 	 522  	 17357.6 	  	 17357.6 	 	 17357.6 	 	 0 
103 	 4 	 523  	 17357.6 	  	 17357.6 	 	 17357.6 	 	 0 
103 	 4 	 524  	 17357.6 	  	 17357.6 	 	 17357.6 	 	 0 
103 	 4 	 525  	 17357.6 	  	 17357.6 	 	 17357.6 	 	 0 
103 	 4 	 526  	 17357.6 	  	 17357.6 	 	 17357.6 	 	 0 
103 	 4 	 527  	 17357.6 	  	 17357.6 	 	 17357.6 	 	 0 
103 	 4 	 528  	 17357.6 	  	 17357.6 	 	 17357.6 	 	 0 
103 	 4 	 529  	 17357.6 	  	 17357.6 	 	 17357.6 	 	 0 
103 	 4 	 530  	 17357.6 	  	 17357.6 	 	 17357.6 	 	 0 
103 	 4 	 531  	 17357.6 	  	 17357.6 	 	 17357.6 	 	 0 
103 	 4 	 532  	 17357.6 	  	 17357.6 	 	 17357.6 	 	 0 
103 	 4 	 533  	 17357.6 	  	 17357.6 	 	 17357.6 	 	 0 
103 	 4 	 534  	 17357.6 	  	 17357.6 	 	 17357.6 	 	 0 
103 	 4 	 535  	 17357.6 	  	 17357.6 	 	 17357.6 	 	 0 
103 	 4 	 536  	 17357.6 	  	 17357.6 	 	 17357.6 	 	 0 
103 	 4 	 537  	 17357.6 	  	 17357.6 	 	 17357.6 	 	 0 
103 	 4 	 538  	 17357.6 	  	 17357.6 	 	 17357.6 	 	 0 
103 	 4 	 539  	 17357.6 	  	 17357.6 	 	 17357.6 	 	 0 
103 	 4 	 540  	 17357.6 	  	 17357.6 	 	 17357.6 	 	 0 
103 	 4 	 541  	 17357.6 	  	 17357.6 	 	 17357.6 	 	 0 
103 	 4 	 542  	 17357.6 	  	 17357.6 	 	 17357.6 	 	 0 
103 	 4 	 543  	 17357.6 	  	 17357.6 	 	 17357.6 	 	 0 
103 	 4 	 544  	 17357.6 	  	 17357.6 	 	 17357.6 	 	 0 
103 	 4 	 545  	 17357.6 	  	 17357.6 	 	 17357.6 	 	 0 
103 	 4 	 546  	 17357.6 	  	 17357.6 	 	 17357.6 	 	 0 
103 	 4 	 547  	 17357.6 	  	 17357.6 	 	 17357.6 	 	 0 
103 	 4 	 548  	 17357.6 	  	 17357.6 	 	 17357.6 	 	 0 
103 	 4 	 549  	 17357.6 	  	 17357.6 	 	 17357.6 	 	 0 
103 	 4 	 550  	 17357.6 	  	 17357.6 	 	 17357.6 	 	 0 
103 	 4 	 551  	 17357.6 	  	 17357.6 	 	 17357.6 	 	 0 
103 	 4 	 552  	 17357.6 	  	 17357.6 	 	 17357.6 	 	 0 
103 	 4 	 553  	 17357.6 	  	 17357.6 	 	 17357.6 	 	 0 
103 	 4 	 554  	 17357.6 	  	 17357.6 	 	 17357.6 	 	 0 
103 	 4 	 555  	 17357.6 	  	 17357.6 	 	 17357.6 	 	 0 
103 	 4 	 556  	 17357.6 	  	 17357.6 	 	 17357.6 	 	 0 
103 	 4 	 557  	 17357.6 	  	 17357.6 	 	 17357.6 	 	 0 
103 	 4 	 558  	 17357.6 	  	 17357.6 	 	 17357.6 	 	 0 
103 	 4 	 559  	 17357.6 	  	 17357.6 	 	 17357.6 	 	 0 
103 	 4 	 560  	 17357.6 	  	 17357.6 	 	 17357.6 	 	 0 
103 	 4 	 561  	 17357.6 	  	 17357.6 	 	 17357.6 	 	 0 
103 	 4 	 562  	 17357.6 	  	 17357.6 	 	 17357.6 	 	 0 
103 	 4 	 563  	 17357.6 	  	 17357.6 	 	 17357.6 	 	 0 
103 	 4 	 564  	 17357.6 	  	 17357.6 	 	 17357.6 	 	 0 
103 	 4 	 565  	 17357.6 	  	 17357.6 	 	 17357.6 	 	 0 
103 	 4 	 566  	 17357.6 	  	 17357.6 	 	 17357.6 	 	 0 
103 	 4 	 567  	 17357.6 	  	 17357.6 	 	 17357.6 	 	 0 
103 	 4 	 568  	 17357.6 	  	 17357.6 	 	 17357.6 	 	 0 
103 	 4 	 569  	 17357.6 	  	 17357.6 	 	 17357.6 	 	 0 
103 	 4 	 570  	 17357.6 	  	 17357.6 	 	 17357.6 	 	 0 
103 	 4 	 571  	 17357.6 	  	 17357.6 	 	 17357.6 	 	 0 
103 	 4 	 572  	 17357.6 	  	 17357.6 	 	 17357.6 	 	 0 
103 	 4 	 573  	 17357.6 	  	 17357.6 	 	 17357.6 	 	 0 
103 	 4 	 574  	 17357.6 	  	 17357.6 	 	 17357.6 	 	 0 
103 	 4 	 575  	 17357.6 	  	 17357.6 	 	 17357.6 	 	 0 
103 	 4 	 576  	 17357.6 	  	 17357.6 	 	 17357.6 	 	 0 
103 	 4 	 577  	 17357.6 	  	 17357.6 	 	 17357.6 	 	 0 
103 	 4 	 578  	 17357.6 	  	 17357.6 	 	 17357.6 	 	 0 
103 	 4 	 579  	 17357.6 	  	 17357.6 	 	 17357.6 	 	 0 
103 	 4 	 580  	 17357.6 	  	 17357.6 	 	 17357.6 	 	 0 
103 	 4 	 581  	 17357.6 	  	 17357.6 	 	 17357.6 	 	 0 
103 	 4 	 582  	 17357.6 	  	 17357.6 	 	 17357.6 	 	 0 
103 	 4 	 583  	 17357.6 	  	 17357.6 	 	 17357.6 	 	 0 
103 	 4 	 584  	 17357.6 	  	 17357.6 	 	 17357.6 	 	 0 
103 	 4 	 585  	 17357.6 	  	 17357.6 	 	 17357.6 	 	 0 
103 	 4 	 586  	 17357.6 	  	 17357.6 	 	 17357.6 	 	 0 
103 	 4 	 587  	 17357.6 	  	 17357.6 	 	 17357.6 	 	 0 
103 	 4 	 588  	 17357.6 	  	 17357.6 	 	 17357.6 	 	 0 
103 	 4 	 589  	 17357.6 	  	 17357.6 	 	 17357.6 	 	 0 
103 	 4 	 590  	 17357.6 	  	 17357.6 	 	 17357.6 	 	 0 
103 	 4 	 591  	 17357.6 	  	 17357.6 	 	 17357.6 	 	 0 
103 	 4 	 592  	 17357.6 	  	 17357.6 	 	 17357.6 	 	 0 
103 	 4 	 593  	 17357.6 	  	 17357.6 	 	 17357.6 	 	 0 
103 	 4 	 594  	 17357.6 	  	 17357.6 	 	 17357.6 	 	 0 
103 	 4 	 595  	 17357.6 	  	 17357.6 	 	 17357.6 	 	 0 
103 	 4 	 596  	 17357.6 	  	 17357.6 	 	 17357.6 	 	 0 
103 	 4 	 597  	 17357.6 	  	 17357.6 	 	 17357.6 	 	 0 
103 	 4 	 598  	 17357.6 	  	 17357.6 	 	 17357.6 	 	 0 
103 	 4 	 599  	 17357.6 	  	 17357.6 	 	 17357.6 	 	 0 
103 	 4 	 600  	 17357.6 	  	 17357.6 	 	 17357.6 	 	 0 
103 	 4 	 601  	 17357.6 	  	 17357.6 	 	 17357.6 	 	 0 
103 	 4 	 602  	 17357.6 	  	 17357.6 	 	 17357.6 	 	 0 
103 	 4 	 603  	 17357.6 	  	 17357.6 	 	 17357.6 	 	 0 
103 	 4 	 604  	 17357.6 	  	 17357.6 	 	 17357.6 	 	 0 
103 	 4 	 605  	 17357.6 	  	 17357.6 	 	 17357.6 	 	 0 
103 	 4 	 606  	 17357.6 	  	 17357.6 	 	 17357.6 	 	 0 
103 	 4 	 607  	 17357.6 	  	 17357.6 	 	 17357.6 	 	 0 
103 	 4 	 608  	 17357.6 	  	 17357.6 	 	 17357.6 	 	 0 
103 	 4 	 609  	 17357.6 	  	 17357.6 	 	 17357.6 	 	 0 
103 	 4 	 610  	 17357.6 	  	 17357.6 	 	 17357.6 	 	 0 
103 	 4 	 611  	 17357.6 	  	 17357.6 	 	 17357.6 	 	 0 
103 	 4 	 612  	 17357.6 	  	 17357.6 	 	 17357.6 	 	 0 
103 	 4 	 613  	 17357.6 	  	 17357.6 	 	 17357.6 	 	 0 
103 	 4 	 614  	 17357.6 	  	 17357.6 	 	 17357.6 	 	 0 
103 	 4 	 615  	 17357.6 	  	 17357.6 	 	 17357.6 	 	 0 
103 	 4 	 616  	 17357.6 	  	 17357.6 	 	 17357.6 	 	 0 
103 	 4 	 617  	 17357.6 	  	 17357.6 	 	 17357.6 	 	 0 
103 	 4 	 618  	 17357.6 	  	 17357.6 	 	 17357.6 	 	 0 
103 	 4 	 619  	 17357.6 	  	 17357.6 	 	 17357.6 	 	 0 
103 	 4 	 620  	 17357.6 	  	 17357.6 	 	 17357.6 	 	 0 
103 	 4 	 621  	 17357.6 	  	 17357.6 	 	 17357.6 	 	 0 
103 	 4 	 622  	 17357.6 	  	 17357.6 	 	 17357.6 	 	 0 
103 	 4 	 623  	 17357.6 	  	 17357.6 	 	 17357.6 	 	 0 
103 	 4 	 624  	 17357.6 	  	 17357.6 	 	 17357.6 	 	 0 
103 	 4 	 625  	 17357.6 	  	 17357.6 	 	 17357.6 	 	 0 
103 	 4 	 626  	 17357.6 	  	 17357.6 	 	 17357.6 	 	 0 
103 	 4 	 627  	 17357.6 	  	 17357.6 	 	 17357.6 	 	 0 
103 	 4 	 628  	 17357.6 	  	 17357.6 	 	 17357.6 	 	 0 
103 	 4 	 629  	 17357.6 	  	 17357.6 	 	 17357.6 	 	 0 
103 	 4 	 630  	 17357.6 	  	 17357.6 	 	 17357.6 	 	 0 
103 	 4 	 631  	 17357.6 	  	 17357.6 	 	 17357.6 	 	 0 
103 	 4 	 632  	 17357.6 	  	 17357.6 	 	 17357.6 	 	 0 
103 	 4 	 633  	 17357.6 	  	 17357.6 	 	 17357.6 	 	 0 
103 	 4 	 634  	 17357.6 	  	 17357.6 	 	 17357.6 	 	 0 
103 	 4 	 635  	 17357.6 	  	 17357.6 	 	 17357.6 	 	 0 
103 	 4 	 636  	 17357.6 	  	 17357.6 	 	 17357.6 	 	 0 
103 	 4 	 637  	 17357.6 	  	 17357.6 	 	 17357.6 	 	 0 
103 	 4 	 638  	 17357.6 	  	 17357.6 	 	 17357.6 	 	 0 
103 	 4 	 639  	 17357.6 	  	 17357.6 	 	 17357.6 	 	 0 
103 	 4 	 640  	 17357.6 	  	 17357.6 	 	 17357.6 	 	 0 
103 	 4 	 641  	 17357.6 	  	 17357.6 	 	 17357.6 	 	 0 
103 	 4 	 642  	 17357.6 	  	 17357.6 	 	 17357.6 	 	 0 
103 	 4 	 643  	 17357.6 	  	 17357.6 	 	 17357.6 	 	 0 
103 	 4 	 644  	 17357.6 	  	 17357.6 	 	 17357.6 	 	 0 
103 	 4 	 645  	 17357.6 	  	 17357.6 	 	 17357.6 	 	 0 
103 	 4 	 646  	 17357.6 	  	 17357.6 	 	 17357.6 	 	 0 
103 	 4 	 647  	 17357.6 	  	 17357.6 	 	 17357.6 	 	 0 
103 	 4 	 648  	 17357.6 	  	 17357.6 	 	 17357.6 	 	 0 
103 	 4 	 649  	 17357.6 	  	 17357.6 	 	 17357.6 	 	 0 
103 	 4 	 650  	 17357.6 	  	 17357.6 	 	 17357.6 	 	 0 
103 	 4 	 651  	 17357.6 	  	 17357.6 	 	 17357.6 	 	 0 
103 	 4 	 652  	 17357.6 	  	 17357.6 	 	 17357.6 	 	 0 
103 	 4 	 653  	 17357.6 	  	 17357.6 	 	 17357.6 	 	 0 
103 	 4 	 654  	 17357.6 	  	 17357.6 	 	 17357.6 	 	 0 
103 	 4 	 655  	 17357.6 	  	 17357.6 	 	 17357.6 	 	 0 
103 	 4 	 656  	 17357.6 	  	 17357.6 	 	 17357.6 	 	 0 
103 	 4 	 657  	 17357.6 	  	 17357.6 	 	 17357.6 	 	 0 
103 	 4 	 658  	 17357.6 	  	 17357.6 	 	 17357.6 	 	 0 
103 	 4 	 659  	 17357.6 	  	 17357.6 	 	 17357.6 	 	 0 
103 	 4 	 660  	 17357.6 	  	 17357.6 	 	 17357.6 	 	 0 
103 	 4 	 661  	 17357.6 	  	 17357.6 	 	 17357.6 	 	 0 
103 	 4 	 662  	 17357.6 	  	 17357.6 	 	 17357.6 	 	 0 
103 	 4 	 663  	 17357.6 	  	 17357.6 	 	 17357.6 	 	 0 
103 	 4 	 664  	 17357.6 	  	 17357.6 	 	 17357.6 	 	 0 
103 	 4 	 665  	 17357.6 	  	 17357.6 	 	 17357.6 	 	 0 
103 	 4 	 666  	 17357.6 	  	 17357.6 	 	 17357.6 	 	 0 
103 	 4 	 667  	 17357.6 	  	 17357.6 	 	 17357.6 	 	 0 
103 	 4 	 668  	 17357.6 	  	 17357.6 	 	 17357.6 	 	 0 
103 	 4 	 669  	 17357.6 	  	 17357.6 	 	 17357.6 	 	 0 
103 	 4 	 670  	 17357.6 	  	 17357.6 	 	 17357.6 	 	 0 
103 	 4 	 671  	 17357.6 	  	 17357.6 	 	 17357.6 	 	 0 
103 	 4 	 672  	 17357.6 	  	 17357.6 	 	 17357.6 	 	 0 
103 	 4 	 673  	 17357.6 	  	 17357.6 	 	 17357.6 	 	 0 
103 	 4 	 674  	 17357.6 	  	 17357.6 	 	 17357.6 	 	 0 
103 	 4 	 675  	 17357.6 	  	 17357.6 	 	 17357.6 	 	 0 
103 	 4 	 676  	 17357.6 	  	 17357.6 	 	 17357.6 	 	 0 
103 	 4 	 677  	 17357.6 	  	 17357.6 	 	 17357.6 	 	 0 
103 	 4 	 678  	 17357.6 	  	 17357.6 	 	 17357.6 	 	 0 
103 	 4 	 679  	 17357.6 	  	 17357.6 	 	 17357.6 	 	 0 
103 	 4 	 680  	 17357.6 	  	 17357.6 	 	 17357.6 	 	 0 
103 	 4 	 681  	 17357.6 	  	 17357.6 	 	 17357.6 	 	 0 
103 	 4 	 682  	 17357.6 	  	 17357.6 	 	 17357.6 	 	 0 
103 	 4 	 683  	 17357.6 	  	 17357.6 	 	 17357.6 	 	 0 
103 	 4 	 684  	 17357.6 	  	 17357.6 	 	 17357.6 	 	 0 
103 	 4 	 685  	 17357.6 	  	 17357.6 	 	 17357.6 	 	 0 
103 	 4 	 686  	 17357.6 	  	 17357.6 	 	 17357.6 	 	 0 
103 	 4 	 687  	 17357.6 	  	 17357.6 	 	 17357.6 	 	 0 
103 	 4 	 688  	 17357.6 	  	 17357.6 	 	 17357.6 	 	 0 
103 	 4 	 689  	 17357.6 	  	 17357.6 	 	 17357.6 	 	 0 
103 	 4 	 690  	 17357.6 	  	 17357.6 	 	 17357.6 	 	 0 
103 	 4 	 691  	 17357.6 	  	 17357.6 	 	 17357.6 	 	 0 
103 	 4 	 692  	 17357.6 	  	 17357.6 	 	 17357.6 	 	 0 
103 	 4 	 693  	 17357.6 	  	 17357.6 	 	 17357.6 	 	 0 
103 	 4 	 694  	 17357.6 	  	 17357.6 	 	 17357.6 	 	 0 
103 	 4 	 695  	 17357.6 	  	 17357.6 	 	 17357.6 	 	 0 
103 	 4 	 696  	 17357.6 	  	 17357.6 	 	 17357.6 	 	 0 
103 	 4 	 697  	 17357.6 	  	 17357.6 	 	 17357.6 	 	 0 
103 	 4 	 698  	 17357.6 	  	 17357.6 	 	 17357.6 	 	 0 
103 	 4 	 699  	 17357.6 	  	 17357.6 	 	 17357.6 	 	 0 
103 	 4 	 700  	 17357.6 	  	 17357.6 	 	 17357.6 	 	 0 
103 	 4 	 701  	 17357.6 	  	 17357.6 	 	 17357.6 	 	 0 
103 	 4 	 702  	 17357.6 	  	 17357.6 	 	 17357.6 	 	 0 
103 	 4 	 703  	 17357.6 	  	 17357.6 	 	 17357.6 	 	 0 
103 	 4 	 704  	 17357.6 	  	 17357.6 	 	 17357.6 	 	 0 
103 	 4 	 705  	 17357.6 	  	 17357.6 	 	 17357.6 	 	 0 
103 	 4 	 706  	 17357.6 	  	 17357.6 	 	 17357.6 	 	 0 
103 	 4 	 707  	 17357.6 	  	 17357.6 	 	 17357.6 	 	 0 
103 	 4 	 708  	 17357.6 	  	 17357.6 	 	 17357.6 	 	 0 
103 	 4 	 709  	 17357.6 	  	 17357.6 	 	 17357.6 	 	 0 
103 	 4 	 710  	 17357.6 	  	 17357.6 	 	 17357.6 	 	 0 
103 	 4 	 711  	 17357.6 	  	 17357.6 	 	 17357.6 	 	 0 
103 	 4 	 712  	 17357.6 	  	 17357.6 	 	 17357.6 	 	 0 
103 	 4 	 713  	 17357.6 	  	 17357.6 	 	 17357.6 	 	 0 
103 	 4 	 714  	 17357.6 	  	 17357.6 	 	 17357.6 	 	 0 
103 	 4 	 715  	 17357.6 	  	 17357.6 	 	 17357.6 	 	 0 
103 	 4 	 716  	 17357.6 	  	 17357.6 	 	 17357.6 	 	 0 
103 	 4 	 717  	 17357.6 	  	 17357.6 	 	 17357.6 	 	 0 
103 	 4 	 718  	 17357.6 	  	 17357.6 	 	 17357.6 	 	 0 
103 	 4 	 719  	 17357.6 	  	 17357.6 	 	 17357.6 	 	 0 
103 	 4 	 720  	 17357.6 	  	 17357.6 	 	 17357.6 	 	 0 
103 	 4 	 721  	 17357.6 	  	 17357.6 	 	 17357.6 	 	 0 
