4 	 1 	 17319.310297 	 17319.310297 	 0.392857 	 17319.310297 	 0.173103 	 17319.310297 
4 	 2 	 17357.326135 	 17357.326135 	 0.392857 	 34641.299852 	 0.173141 	 17321.989555 
4 	 3 	 17357.573220 	 17357.573220 	 0.392857 	 51963.042322 	 0.173139 	 17321.742470 
4 	 4 	 17357.573220 	 17357.573220 	 0.392857 	 69284.784792 	 0.173139 	 17321.742470 
4 	 5 	 17357.573220 	 17357.573220 	 0.392857 	 86606.527262 	 0.173139 	 17321.742470 
4 	 6 	 17357.573220 	 17357.573220 	 0.392857 	 103928.269732 	 0.173139 	 17321.742470 
4 	 7 	 17357.573220 	 17357.573220 	 0.392857 	 121250.012202 	 0.173139 	 17321.742470 
4 	 8 	 17357.573220 	 17357.573220 	 0.392857 	 138571.754672 	 0.173139 	 17321.742470 
4 	 9 	 17357.573220 	 17357.573220 	 0.392857 	 155893.497141 	 0.173139 	 17321.742470 
4 	 10 	 17357.573220 	 17357.573220 	 0.392857 	 173215.239611 	 0.173139 	 17321.742470 
4 	 11 	 17357.573220 	 17357.573220 	 0.392857 	 190536.982081 	 0.173139 	 17321.742470 
4 	 12 	 17357.573220 	 17357.573220 	 0.392857 	 207858.724551 	 0.173139 	 17321.742470 
4 	 13 	 17357.573220 	 17357.573220 	 0.392857 	 225180.467021 	 0.173139 	 17321.742470 
4 	 14 	 17357.573220 	 17357.573220 	 0.392857 	 242502.209491 	 0.173139 	 17321.742470 
4 	 15 	 17357.573220 	 17357.573220 	 0.392857 	 259823.951961 	 0.173139 	 17321.742470 
4 	 16 	 17357.573220 	 17357.573220 	 0.392857 	 277145.694431 	 0.173139 	 17321.742470 
4 	 17 	 17357.573220 	 17357.573220 	 0.392857 	 294467.436900 	 0.173139 	 17321.742470 
4 	 18 	 17357.573220 	 17357.573220 	 0.392857 	 311789.179370 	 0.173139 	 17321.742470 
4 	 19 	 17357.573220 	 17357.573220 	 0.392857 	 329110.921840 	 0.173139 	 17321.742470 
4 	 20 	 17357.573220 	 17357.573220 	 0.392857 	 346432.664310 	 0.173139 	 17321.742470 
4 	 21 	 17357.573220 	 17357.573220 	 0.392857 	 363754.406780 	 0.173139 	 17321.742470 
4 	 22 	 17357.573220 	 17357.573220 	 0.392857 	 381076.149250 	 0.173139 	 17321.742470 
4 	 23 	 17357.573220 	 17357.573220 	 0.392857 	 398397.891720 	 0.173139 	 17321.742470 
4 	 24 	 17357.573220 	 17357.573220 	 0.392857 	 415719.634189 	 0.173139 	 17321.742470 
4 	 25 	 17357.573220 	 17357.573220 	 0.392857 	 433041.376659 	 0.173139 	 17321.742470 
4 	 26 	 17357.573220 	 17357.573220 	 0.392857 	 450363.119129 	 0.173139 	 17321.742470 
4 	 27 	 17357.573220 	 17357.573220 	 0.392857 	 467684.861599 	 0.173139 	 17321.742470 
4 	 28 	 17357.573220 	 17357.573220 	 0.392857 	 485006.604069 	 0.173139 	 17321.742470 
4 	 29 	 17357.573220 	 17357.573220 	 0.392857 	 502328.346539 	 0.173139 	 17321.742470 
4 	 30 	 17357.573220 	 17357.573220 	 0.392857 	 519650.089009 	 0.173139 	 17321.742470 
4 	 31 	 17357.573220 	 17357.573220 	 0.392857 	 536971.831479 	 0.173139 	 17321.742470 
4 	 32 	 17357.573220 	 17357.573220 	 0.392857 	 554293.573948 	 0.173139 	 17321.742470 
4 	 33 	 17357.573220 	 17357.573220 	 0.392857 	 571615.316418 	 0.173139 	 17321.742470 
4 	 34 	 17357.573220 	 17357.573220 	 0.392857 	 588937.058888 	 0.173139 	 17321.742470 
4 	 35 	 17357.573220 	 17357.573220 	 0.392857 	 606258.801358 	 0.173139 	 17321.742470 
4 	 36 	 17357.573220 	 17357.573220 	 0.392857 	 623580.543828 	 0.173139 	 17321.742470 
4 	 37 	 17357.573220 	 17357.573220 	 0.392857 	 640902.286298 	 0.173139 	 17321.742470 
4 	 38 	 17357.573220 	 17357.573220 	 0.392857 	 658224.028768 	 0.173139 	 17321.742470 
4 	 39 	 17357.573220 	 17357.573220 	 0.392857 	 675545.771237 	 0.173139 	 17321.742470 
4 	 40 	 17357.573220 	 17357.573220 	 0.392857 	 692867.513707 	 0.173139 	 17321.742470 
4 	 41 	 17357.573220 	 17357.573220 	 0.392857 	 710189.256177 	 0.173139 	 17321.742470 
4 	 42 	 17357.573220 	 17357.573220 	 0.392857 	 727510.998647 	 0.173139 	 17321.742470 
4 	 43 	 17357.573220 	 17357.573220 	 0.392857 	 744832.741117 	 0.173139 	 17321.742470 
4 	 44 	 17357.573220 	 17357.573220 	 0.392857 	 762154.483587 	 0.173139 	 17321.742470 
4 	 45 	 17357.573220 	 17357.573220 	 0.392857 	 779476.226057 	 0.173139 	 17321.742470 
4 	 46 	 17357.573220 	 17357.573220 	 0.392857 	 796797.968527 	 0.173139 	 17321.742470 
4 	 47 	 17357.573220 	 17357.573220 	 0.392857 	 814119.710996 	 0.173139 	 17321.742470 
4 	 48 	 17357.573220 	 17357.573220 	 0.392857 	 831441.453466 	 0.173139 	 17321.742470 
4 	 49 	 17357.573220 	 17357.573220 	 0.392857 	 848763.195936 	 0.173139 	 17321.742470 
4 	 50 	 17357.573220 	 17357.573220 	 0.392857 	 866084.938406 	 0.173139 	 17321.742470 
4 	 51 	 17357.573220 	 17357.573220 	 0.392857 	 883406.680876 	 0.173139 	 17321.742470 
4 	 52 	 17357.573220 	 17357.573220 	 0.392857 	 900728.423346 	 0.173139 	 17321.742470 
4 	 53 	 17357.573220 	 17357.573220 	 0.392857 	 918050.165816 	 0.173139 	 17321.742470 
4 	 54 	 17357.573220 	 17357.573220 	 0.392857 	 935371.908285 	 0.173139 	 17321.742470 
4 	 55 	 17357.573220 	 17357.573220 	 0.392857 	 952693.650755 	 0.173139 	 17321.742470 
4 	 56 	 17357.573220 	 17357.573220 	 0.392857 	 970015.393225 	 0.173139 	 17321.742470 
4 	 57 	 17357.573220 	 17357.573220 	 0.392857 	 987337.135695 	 0.173139 	 17321.742470 
4 	 58 	 17357.573220 	 17357.573220 	 0.392857 	 1004658.878165 	 0.173139 	 17321.742470 
4 	 59 	 17357.573220 	 17357.573220 	 0.392857 	 1021980.620635 	 0.173139 	 17321.742470 
4 	 60 	 17357.573220 	 17357.573220 	 0.392857 	 1039302.363105 	 0.173139 	 17321.742470 
4 	 61 	 17357.573220 	 17357.573220 	 0.392857 	 1056624.105575 	 0.173139 	 17321.742470 
4 	 62 	 17357.573220 	 17357.573220 	 0.392857 	 1073945.848044 	 0.173139 	 17321.742470 
4 	 63 	 17357.573220 	 17357.573220 	 0.392857 	 1091267.590514 	 0.173139 	 17321.742470 
4 	 64 	 17357.573220 	 17357.573220 	 0.392857 	 1108589.332984 	 0.173139 	 17321.742470 
4 	 65 	 17357.573220 	 17357.573220 	 0.392857 	 1125911.075454 	 0.173139 	 17321.742470 
4 	 66 	 17357.573220 	 17357.573220 	 0.392857 	 1143232.817924 	 0.173139 	 17321.742470 
4 	 67 	 17357.573220 	 17357.573220 	 0.392857 	 1160554.560394 	 0.173139 	 17321.742470 
4 	 68 	 17357.573220 	 17357.573220 	 0.392857 	 1177876.302864 	 0.173139 	 17321.742470 
4 	 69 	 17357.573220 	 17357.573220 	 0.392857 	 1195198.045333 	 0.173139 	 17321.742470 
4 	 70 	 17357.573220 	 17357.573220 	 0.392857 	 1212519.787803 	 0.173139 	 17321.742470 
4 	 71 	 17357.573220 	 17357.573220 	 0.392857 	 1229841.530273 	 0.173139 	 17321.742470 
4 	 72 	 17357.573220 	 17357.573220 	 0.392857 	 1247163.272743 	 0.173139 	 17321.742470 
4 	 73 	 17357.573220 	 17357.573220 	 0.392857 	 1264485.015213 	 0.173139 	 17321.742470 
4 	 74 	 17357.573220 	 17357.573220 	 0.392857 	 1281806.757683 	 0.173139 	 17321.742470 
4 	 75 	 17357.573220 	 17357.573220 	 0.392857 	 1299128.500153 	 0.173139 	 17321.742470 
4 	 76 	 17357.573220 	 17357.573220 	 0.392857 	 1316450.242623 	 0.173139 	 17321.742470 
4 	 77 	 17357.573220 	 17357.573220 	 0.392857 	 1333771.985092 	 0.173139 	 17321.742470 
4 	 78 	 17357.573220 	 17357.573220 	 0.392857 	 1351093.727562 	 0.173139 	 17321.742470 
4 	 79 	 17357.573220 	 17357.573220 	 0.392857 	 1368415.470032 	 0.173139 	 17321.742470 
4 	 80 	 17357.573220 	 17357.573220 	 0.392857 	 1385737.212502 	 0.173139 	 17321.742470 
4 	 81 	 17357.573220 	 17357.573220 	 0.392857 	 1403058.954972 	 0.173139 	 17321.742470 
4 	 82 	 17357.573220 	 17357.573220 	 0.392857 	 1420380.697442 	 0.173139 	 17321.742470 
4 	 83 	 17357.573220 	 17357.573220 	 0.392857 	 1437702.439912 	 0.173139 	 17321.742470 
4 	 84 	 17357.573220 	 17357.573220 	 0.392857 	 1455024.182381 	 0.173139 	 17321.742470 
4 	 85 	 17357.573220 	 17357.573220 	 0.392857 	 1472345.924851 	 0.173139 	 17321.742470 
4 	 86 	 17357.573220 	 17357.573220 	 0.392857 	 1489667.667321 	 0.173139 	 17321.742470 
4 	 87 	 17357.573220 	 17357.573220 	 0.392857 	 1506989.409791 	 0.173139 	 17321.742470 
4 	 88 	 17357.573220 	 17357.573220 	 0.392857 	 1524311.152261 	 0.173139 	 17321.742470 
4 	 89 	 17357.573220 	 17357.573220 	 0.392857 	 1541632.894731 	 0.173139 	 17321.742470 
4 	 90 	 17357.573220 	 17357.573220 	 0.392857 	 1558954.637201 	 0.173139 	 17321.742470 
4 	 91 	 17357.573220 	 17357.573220 	 0.392857 	 1576276.379671 	 0.173139 	 17321.742470 
4 	 92 	 17357.573220 	 17357.573220 	 0.392857 	 1593598.122140 	 0.173139 	 17321.742470 
4 	 93 	 17357.573220 	 17357.573220 	 0.392857 	 1610919.864610 	 0.173139 	 17321.742470 
4 	 94 	 17357.573220 	 17357.573220 	 0.392857 	 1628241.607080 	 0.173139 	 17321.742470 
4 	 95 	 17357.573220 	 17357.573220 	 0.392857 	 1645563.349550 	 0.173139 	 17321.742470 
4 	 96 	 17357.573220 	 17357.573220 	 0.392857 	 1662885.092020 	 0.173139 	 17321.742470 
4 	 97 	 17357.573220 	 17357.573220 	 0.392857 	 1680206.834490 	 0.173139 	 17321.742470 
4 	 98 	 17357.573220 	 17357.573220 	 0.392857 	 1697528.576960 	 0.173139 	 17321.742470 
4 	 99 	 17357.573220 	 17357.573220 	 0.392857 	 1714850.319429 	 0.173139 	 17321.742470 
4 	 100 	 17357.573220 	 17357.573220 	 0.392857 	 1732172.061899 	 0.173139 	 17321.742470 
4 	 101 	 17357.573220 	 17357.573220 	 0.392857 	 1749493.804369 	 0.173139 	 17321.742470 
4 	 102 	 17357.573220 	 17357.573220 	 0.392857 	 1766815.546839 	 0.173139 	 17321.742470 
4 	 103 	 17357.573220 	 17357.573220 	 0.392857 	 1784137.289309 	 0.173139 	 17321.742470 
