103 	 7 	 1  	 57117.8 	  	 0 	 	 0 	 	 0 
103 	 7 	 2  	 57117.8 	  	 0 	 	 0 	 	 0 
103 	 7 	 3  	 57117.8 	  	 0 	 	 0 	 	 0 
103 	 7 	 4  	 57117.8 	  	 0 	 	 0 	 	 0 
103 	 7 	 5  	 57117.8 	  	 0 	 	 0 	 	 0 
103 	 7 	 6  	 57117.8 	  	 0 	 	 0 	 	 0 
103 	 7 	 7  	 57117.8 	  	 57056.3 	 	 0 	 	 0 
103 	 7 	 8  	 57117.8 	  	 57056.3 	 	 57056.3 	 	 0 
103 	 7 	 9  	 57117.8 	  	 57056.3 	 	 57056.3 	 	 0 
103 	 7 	 10  	 57117.8 	  	 57056.3 	 	 57056.3 	 	 0 
103 	 7 	 11  	 57117.8 	  	 57056.3 	 	 57056.3 	 	 0 
103 	 7 	 12  	 57117.8 	  	 57056.3 	 	 57056.3 	 	 0 
103 	 7 	 13  	 57117.8 	  	 57056.3 	 	 57056.3 	 	 0 
103 	 7 	 14  	 57117.8 	  	 57056.3 	 	 57056.3 	 	 0 
103 	 7 	 15  	 57117.8 	  	 57056.3 	 	 57056.3 	 	 0 
103 	 7 	 16  	 57117.8 	  	 57056.3 	 	 57056.3 	 	 0 
103 	 7 	 17  	 57117.8 	  	 57056.3 	 	 57056.3 	 	 0 
103 	 7 	 18  	 57117.8 	  	 57056.3 	 	 57056.3 	 	 0 
103 	 7 	 19  	 57117.8 	  	 57056.3 	 	 57056.3 	 	 0 
103 	 7 	 20  	 57117.8 	  	 57056.3 	 	 57056.3 	 	 0 
103 	 7 	 21  	 57117.8 	  	 57117.8 	 	 57056.3 	 	 0 
103 	 7 	 22  	 57117.8 	  	 57117.8 	 	 57117.8 	 	 0 
103 	 7 	 23  	 57117.8 	  	 57117.8 	 	 57117.8 	 	 0 
103 	 7 	 24  	 57117.8 	  	 57117.8 	 	 57117.8 	 	 0 
103 	 7 	 25  	 57117.8 	  	 57117.8 	 	 57117.8 	 	 0 
103 	 7 	 26  	 57117.8 	  	 57117.8 	 	 57117.8 	 	 0 
103 	 7 	 27  	 57117.8 	  	 57117.8 	 	 57117.8 	 	 0 
103 	 7 	 28  	 57117.8 	  	 57117.8 	 	 57117.8 	 	 0 
103 	 7 	 29  	 57117.8 	  	 57117.8 	 	 57117.8 	 	 0 
103 	 7 	 30  	 57117.8 	  	 57117.8 	 	 57117.8 	 	 0 
103 	 7 	 31  	 57117.8 	  	 57117.8 	 	 57117.8 	 	 0 
103 	 7 	 32  	 57117.8 	  	 57117.8 	 	 57117.8 	 	 0 
103 	 7 	 33  	 57117.8 	  	 57117.8 	 	 57117.8 	 	 0 
103 	 7 	 34  	 57117.8 	  	 57117.8 	 	 57117.8 	 	 0 
103 	 7 	 35  	 57117.8 	  	 57117.8 	 	 57117.8 	 	 0 
103 	 7 	 36  	 57117.8 	  	 57117.8 	 	 57117.8 	 	 0 
103 	 7 	 37  	 57117.8 	  	 57117.8 	 	 57117.8 	 	 0 
103 	 7 	 38  	 57117.8 	  	 57117.8 	 	 57117.8 	 	 0 
103 	 7 	 39  	 57117.8 	  	 57117.8 	 	 57117.8 	 	 0 
103 	 7 	 40  	 57117.8 	  	 57117.8 	 	 57117.8 	 	 0 
103 	 7 	 41  	 57117.8 	  	 57117.8 	 	 57117.8 	 	 0 
103 	 7 	 42  	 57117.8 	  	 57117.8 	 	 57117.8 	 	 0 
103 	 7 	 43  	 57117.8 	  	 57117.8 	 	 57117.8 	 	 0 
103 	 7 	 44  	 57117.8 	  	 57117.8 	 	 57117.8 	 	 0 
103 	 7 	 45  	 57117.8 	  	 57117.8 	 	 57117.8 	 	 0 
103 	 7 	 46  	 57117.8 	  	 57117.8 	 	 57117.8 	 	 0 
103 	 7 	 47  	 57117.8 	  	 57117.8 	 	 57117.8 	 	 0 
103 	 7 	 48  	 57117.8 	  	 57117.8 	 	 57117.8 	 	 0 
103 	 7 	 49  	 57117.8 	  	 57117.8 	 	 57117.8 	 	 0 
103 	 7 	 50  	 57117.8 	  	 57117.8 	 	 57117.8 	 	 0 
103 	 7 	 51  	 57117.8 	  	 57117.8 	 	 57117.8 	 	 0 
103 	 7 	 52  	 57117.8 	  	 57117.8 	 	 57117.8 	 	 0 
103 	 7 	 53  	 57117.8 	  	 57117.8 	 	 57117.8 	 	 0 
103 	 7 	 54  	 57117.8 	  	 57117.8 	 	 57117.8 	 	 0 
103 	 7 	 55  	 57117.8 	  	 57117.8 	 	 57117.8 	 	 0 
103 	 7 	 56  	 57117.8 	  	 57117.8 	 	 57117.8 	 	 0 
103 	 7 	 57  	 57117.8 	  	 57117.8 	 	 57117.8 	 	 0 
103 	 7 	 58  	 57117.8 	  	 57117.8 	 	 57117.8 	 	 0 
103 	 7 	 59  	 57117.8 	  	 57117.8 	 	 57117.8 	 	 0 
103 	 7 	 60  	 57117.8 	  	 57117.8 	 	 57117.8 	 	 0 
103 	 7 	 61  	 57117.8 	  	 57117.8 	 	 57117.8 	 	 0 
103 	 7 	 62  	 57117.8 	  	 57117.8 	 	 57117.8 	 	 0 
103 	 7 	 63  	 57117.8 	  	 57117.8 	 	 57117.8 	 	 0 
103 	 7 	 64  	 57117.8 	  	 57117.8 	 	 57117.8 	 	 0 
103 	 7 	 65  	 57117.8 	  	 57117.8 	 	 57117.8 	 	 0 
103 	 7 	 66  	 57117.8 	  	 57117.8 	 	 57117.8 	 	 0 
103 	 7 	 67  	 57117.8 	  	 57117.8 	 	 57117.8 	 	 0 
103 	 7 	 68  	 57117.8 	  	 57117.8 	 	 57117.8 	 	 0 
103 	 7 	 69  	 57117.8 	  	 57117.8 	 	 57117.8 	 	 0 
103 	 7 	 70  	 57117.8 	  	 57117.8 	 	 57117.8 	 	 0 
103 	 7 	 71  	 57117.8 	  	 57117.8 	 	 57117.8 	 	 0 
103 	 7 	 72  	 57117.8 	  	 57117.8 	 	 57117.8 	 	 0 
103 	 7 	 73  	 57117.8 	  	 57117.8 	 	 57117.8 	 	 0 
103 	 7 	 74  	 57117.8 	  	 57117.8 	 	 57117.8 	 	 0 
103 	 7 	 75  	 57117.8 	  	 57117.8 	 	 57117.8 	 	 0 
103 	 7 	 76  	 57117.8 	  	 57117.8 	 	 57117.8 	 	 0 
103 	 7 	 77  	 57117.8 	  	 57117.8 	 	 57117.8 	 	 0 
103 	 7 	 78  	 57117.8 	  	 57117.8 	 	 57117.8 	 	 0 
103 	 7 	 79  	 57117.8 	  	 57117.8 	 	 57117.8 	 	 0 
103 	 7 	 80  	 57117.8 	  	 57117.8 	 	 57117.8 	 	 0 
103 	 7 	 81  	 57117.8 	  	 57117.8 	 	 57117.8 	 	 0 
103 	 7 	 82  	 57117.8 	  	 57117.8 	 	 57117.8 	 	 0 
103 	 7 	 83  	 57117.8 	  	 57117.8 	 	 57117.8 	 	 0 
103 	 7 	 84  	 57117.8 	  	 57117.8 	 	 57117.8 	 	 0 
103 	 7 	 85  	 57117.8 	  	 57117.8 	 	 57117.8 	 	 0 
103 	 7 	 86  	 57117.8 	  	 57117.8 	 	 57117.8 	 	 0 
103 	 7 	 87  	 57117.8 	  	 57117.8 	 	 57117.8 	 	 0 
103 	 7 	 88  	 57117.8 	  	 57117.8 	 	 57117.8 	 	 0 
103 	 7 	 89  	 57117.8 	  	 57117.8 	 	 57117.8 	 	 0 
103 	 7 	 90  	 57117.8 	  	 57117.8 	 	 57117.8 	 	 0 
103 	 7 	 91  	 57117.8 	  	 57117.8 	 	 57117.8 	 	 0 
103 	 7 	 92  	 57117.8 	  	 57117.8 	 	 57117.8 	 	 0 
103 	 7 	 93  	 57117.8 	  	 57117.8 	 	 57117.8 	 	 0 
103 	 7 	 94  	 57117.8 	  	 57117.8 	 	 57117.8 	 	 0 
103 	 7 	 95  	 57117.8 	  	 57117.8 	 	 57117.8 	 	 0 
103 	 7 	 96  	 57117.8 	  	 57117.8 	 	 57117.8 	 	 0 
103 	 7 	 97  	 57117.8 	  	 57117.8 	 	 57117.8 	 	 0 
103 	 7 	 98  	 57117.8 	  	 57117.8 	 	 57117.8 	 	 0 
103 	 7 	 99  	 57117.8 	  	 57117.8 	 	 57117.8 	 	 0 
103 	 7 	 100  	 57117.8 	  	 57117.8 	 	 57117.8 	 	 0 
103 	 7 	 101  	 57117.8 	  	 57117.8 	 	 57117.8 	 	 0 
103 	 7 	 102  	 57117.8 	  	 57117.8 	 	 57117.8 	 	 0 
103 	 7 	 103  	 57117.8 	  	 57117.8 	 	 57117.8 	 	 0 
103 	 7 	 104  	 57117.8 	  	 57117.8 	 	 57117.8 	 	 0 
103 	 7 	 105  	 57117.8 	  	 57117.8 	 	 57117.8 	 	 0 
103 	 7 	 106  	 57117.8 	  	 57117.8 	 	 57117.8 	 	 0 
103 	 7 	 107  	 57117.8 	  	 57117.8 	 	 57117.8 	 	 0 
103 	 7 	 108  	 57117.8 	  	 57117.8 	 	 57117.8 	 	 0 
103 	 7 	 109  	 57117.8 	  	 57117.8 	 	 57117.8 	 	 0 
103 	 7 	 110  	 57117.8 	  	 57117.8 	 	 57117.8 	 	 0 
103 	 7 	 111  	 57117.8 	  	 57117.8 	 	 57117.8 	 	 0 
103 	 7 	 112  	 57117.8 	  	 57117.8 	 	 57117.8 	 	 0 
103 	 7 	 113  	 57117.8 	  	 57117.8 	 	 57117.8 	 	 0 
103 	 7 	 114  	 57117.8 	  	 57117.8 	 	 57117.8 	 	 0 
103 	 7 	 115  	 57117.8 	  	 57117.8 	 	 57117.8 	 	 0 
103 	 7 	 116  	 57117.8 	  	 57117.8 	 	 57117.8 	 	 0 
103 	 7 	 117  	 57117.8 	  	 57117.8 	 	 57117.8 	 	 0 
103 	 7 	 118  	 57117.8 	  	 57117.8 	 	 57117.8 	 	 0 
103 	 7 	 119  	 57117.8 	  	 57117.8 	 	 57117.8 	 	 0 
103 	 7 	 120  	 57117.8 	  	 57117.8 	 	 57117.8 	 	 0 
103 	 7 	 121  	 57117.8 	  	 57117.8 	 	 57117.8 	 	 0 
103 	 7 	 122  	 57117.8 	  	 57117.8 	 	 57117.8 	 	 0 
103 	 7 	 123  	 57117.8 	  	 57117.8 	 	 57117.8 	 	 0 
103 	 7 	 124  	 57117.8 	  	 57117.8 	 	 57117.8 	 	 0 
103 	 7 	 125  	 57117.8 	  	 57117.8 	 	 57117.8 	 	 0 
103 	 7 	 126  	 57117.8 	  	 57117.8 	 	 57117.8 	 	 0 
103 	 7 	 127  	 57117.8 	  	 57117.8 	 	 57117.8 	 	 0 
103 	 7 	 128  	 57117.8 	  	 57117.8 	 	 57117.8 	 	 0 
103 	 7 	 129  	 57117.8 	  	 57117.8 	 	 57117.8 	 	 0 
103 	 7 	 130  	 57117.8 	  	 57117.8 	 	 57117.8 	 	 0 
103 	 7 	 131  	 57117.8 	  	 57117.8 	 	 57117.8 	 	 0 
103 	 7 	 132  	 57117.8 	  	 57117.8 	 	 57117.8 	 	 0 
103 	 7 	 133  	 57117.8 	  	 57117.8 	 	 57117.8 	 	 0 
103 	 7 	 134  	 57117.8 	  	 57117.8 	 	 57117.8 	 	 0 
103 	 7 	 135  	 57117.8 	  	 57117.8 	 	 57117.8 	 	 0 
103 	 7 	 136  	 57117.8 	  	 57117.8 	 	 57117.8 	 	 0 
103 	 7 	 137  	 57117.8 	  	 57117.8 	 	 57117.8 	 	 0 
103 	 7 	 138  	 57117.8 	  	 57117.8 	 	 57117.8 	 	 0 
103 	 7 	 139  	 57117.8 	  	 57117.8 	 	 57117.8 	 	 0 
103 	 7 	 140  	 57117.8 	  	 57117.8 	 	 57117.8 	 	 0 
103 	 7 	 141  	 57117.8 	  	 57117.8 	 	 57117.8 	 	 0 
103 	 7 	 142  	 57117.8 	  	 57117.8 	 	 57117.8 	 	 0 
103 	 7 	 143  	 57117.8 	  	 57117.8 	 	 57117.8 	 	 0 
103 	 7 	 144  	 57117.8 	  	 57117.8 	 	 57117.8 	 	 0 
103 	 7 	 145  	 57117.8 	  	 57117.8 	 	 57117.8 	 	 0 
103 	 7 	 146  	 57117.8 	  	 57117.8 	 	 57117.8 	 	 0 
103 	 7 	 147  	 57117.8 	  	 57117.8 	 	 57117.8 	 	 0 
103 	 7 	 148  	 57117.8 	  	 57117.8 	 	 57117.8 	 	 0 
103 	 7 	 149  	 57117.8 	  	 57117.8 	 	 57117.8 	 	 0 
103 	 7 	 150  	 57117.8 	  	 57117.8 	 	 57117.8 	 	 0 
103 	 7 	 151  	 57117.8 	  	 57117.8 	 	 57117.8 	 	 0 
103 	 7 	 152  	 57117.8 	  	 57117.8 	 	 57117.8 	 	 0 
103 	 7 	 153  	 57117.8 	  	 57117.8 	 	 57117.8 	 	 0 
103 	 7 	 154  	 57117.8 	  	 57117.8 	 	 57117.8 	 	 0 
103 	 7 	 155  	 57117.8 	  	 57117.8 	 	 57117.8 	 	 0 
103 	 7 	 156  	 57117.8 	  	 57117.8 	 	 57117.8 	 	 0 
103 	 7 	 157  	 57117.8 	  	 57117.8 	 	 57117.8 	 	 0 
103 	 7 	 158  	 57117.8 	  	 57117.8 	 	 57117.8 	 	 0 
103 	 7 	 159  	 57117.8 	  	 57117.8 	 	 57117.8 	 	 0 
103 	 7 	 160  	 57117.8 	  	 57117.8 	 	 57117.8 	 	 0 
103 	 7 	 161  	 57117.8 	  	 57117.8 	 	 57117.8 	 	 0 
103 	 7 	 162  	 57117.8 	  	 57117.8 	 	 57117.8 	 	 0 
103 	 7 	 163  	 57117.8 	  	 57117.8 	 	 57117.8 	 	 0 
103 	 7 	 164  	 57117.8 	  	 57117.8 	 	 57117.8 	 	 0 
103 	 7 	 165  	 57117.8 	  	 57117.8 	 	 57117.8 	 	 0 
103 	 7 	 166  	 57117.8 	  	 57117.8 	 	 57117.8 	 	 0 
103 	 7 	 167  	 57117.8 	  	 57117.8 	 	 57117.8 	 	 0 
103 	 7 	 168  	 57117.8 	  	 57117.8 	 	 57117.8 	 	 0 
103 	 7 	 169  	 57117.8 	  	 57117.8 	 	 57117.8 	 	 0 
103 	 7 	 170  	 57117.8 	  	 57117.8 	 	 57117.8 	 	 0 
103 	 7 	 171  	 57117.8 	  	 57117.8 	 	 57117.8 	 	 0 
103 	 7 	 172  	 57117.8 	  	 57117.8 	 	 57117.8 	 	 0 
103 	 7 	 173  	 57117.8 	  	 57117.8 	 	 57117.8 	 	 0 
103 	 7 	 174  	 57117.8 	  	 57117.8 	 	 57117.8 	 	 0 
103 	 7 	 175  	 57117.8 	  	 57117.8 	 	 57117.8 	 	 0 
103 	 7 	 176  	 57117.8 	  	 57117.8 	 	 57117.8 	 	 0 
103 	 7 	 177  	 57117.8 	  	 57117.8 	 	 57117.8 	 	 0 
103 	 7 	 178  	 57117.8 	  	 57117.8 	 	 57117.8 	 	 0 
103 	 7 	 179  	 57117.8 	  	 57117.8 	 	 57117.8 	 	 0 
103 	 7 	 180  	 57117.8 	  	 57117.8 	 	 57117.8 	 	 0 
103 	 7 	 181  	 57117.8 	  	 57117.8 	 	 57117.8 	 	 0 
103 	 7 	 182  	 57117.8 	  	 57117.8 	 	 57117.8 	 	 0 
103 	 7 	 183  	 57117.8 	  	 57117.8 	 	 57117.8 	 	 0 
103 	 7 	 184  	 57117.8 	  	 57117.8 	 	 57117.8 	 	 0 
103 	 7 	 185  	 57117.8 	  	 57117.8 	 	 57117.8 	 	 0 
103 	 7 	 186  	 57117.8 	  	 57117.8 	 	 57117.8 	 	 0 
103 	 7 	 187  	 57117.8 	  	 57117.8 	 	 57117.8 	 	 0 
103 	 7 	 188  	 57117.8 	  	 57117.8 	 	 57117.8 	 	 0 
103 	 7 	 189  	 57117.8 	  	 57117.8 	 	 57117.8 	 	 0 
103 	 7 	 190  	 57117.8 	  	 57117.8 	 	 57117.8 	 	 0 
103 	 7 	 191  	 57117.8 	  	 57117.8 	 	 57117.8 	 	 0 
103 	 7 	 192  	 57117.8 	  	 57117.8 	 	 57117.8 	 	 0 
103 	 7 	 193  	 57117.8 	  	 57117.8 	 	 57117.8 	 	 0 
103 	 7 	 194  	 57117.8 	  	 57117.8 	 	 57117.8 	 	 0 
103 	 7 	 195  	 57117.8 	  	 57117.8 	 	 57117.8 	 	 0 
103 	 7 	 196  	 57117.8 	  	 57117.8 	 	 57117.8 	 	 0 
103 	 7 	 197  	 57117.8 	  	 57117.8 	 	 57117.8 	 	 0 
103 	 7 	 198  	 57117.8 	  	 57117.8 	 	 57117.8 	 	 0 
103 	 7 	 199  	 57117.8 	  	 57117.8 	 	 57117.8 	 	 0 
103 	 7 	 200  	 57117.8 	  	 57117.8 	 	 57117.8 	 	 0 
103 	 7 	 201  	 57117.8 	  	 57117.8 	 	 57117.8 	 	 0 
103 	 7 	 202  	 57117.8 	  	 57117.8 	 	 57117.8 	 	 0 
103 	 7 	 203  	 57117.8 	  	 57117.8 	 	 57117.8 	 	 0 
103 	 7 	 204  	 57117.8 	  	 57117.8 	 	 57117.8 	 	 0 
103 	 7 	 205  	 57117.8 	  	 57117.8 	 	 57117.8 	 	 0 
103 	 7 	 206  	 57117.8 	  	 57117.8 	 	 57117.8 	 	 0 
103 	 7 	 207  	 57117.8 	  	 57117.8 	 	 57117.8 	 	 0 
103 	 7 	 208  	 57117.8 	  	 57117.8 	 	 57117.8 	 	 0 
103 	 7 	 209  	 57117.8 	  	 57117.8 	 	 57117.8 	 	 0 
103 	 7 	 210  	 57117.8 	  	 57117.8 	 	 57117.8 	 	 0 
103 	 7 	 211  	 57117.8 	  	 57117.8 	 	 57117.8 	 	 0 
103 	 7 	 212  	 57117.8 	  	 57117.8 	 	 57117.8 	 	 0 
103 	 7 	 213  	 57117.8 	  	 57117.8 	 	 57117.8 	 	 0 
103 	 7 	 214  	 57117.8 	  	 57117.8 	 	 57117.8 	 	 0 
103 	 7 	 215  	 57117.8 	  	 57117.8 	 	 57117.8 	 	 0 
103 	 7 	 216  	 57117.8 	  	 57117.8 	 	 57117.8 	 	 0 
103 	 7 	 217  	 57117.8 	  	 57117.8 	 	 57117.8 	 	 0 
103 	 7 	 218  	 57117.8 	  	 57117.8 	 	 57117.8 	 	 0 
103 	 7 	 219  	 57117.8 	  	 57117.8 	 	 57117.8 	 	 0 
103 	 7 	 220  	 57117.8 	  	 57117.8 	 	 57117.8 	 	 0 
103 	 7 	 221  	 57117.8 	  	 57117.8 	 	 57117.8 	 	 0 
103 	 7 	 222  	 57117.8 	  	 57117.8 	 	 57117.8 	 	 0 
103 	 7 	 223  	 57117.8 	  	 57117.8 	 	 57117.8 	 	 0 
103 	 7 	 224  	 57117.8 	  	 57117.8 	 	 57117.8 	 	 0 
103 	 7 	 225  	 57117.8 	  	 57117.8 	 	 57117.8 	 	 0 
103 	 7 	 226  	 57117.8 	  	 57117.8 	 	 57117.8 	 	 0 
103 	 7 	 227  	 57117.8 	  	 57117.8 	 	 57117.8 	 	 0 
103 	 7 	 228  	 57117.8 	  	 57117.8 	 	 57117.8 	 	 0 
103 	 7 	 229  	 57117.8 	  	 57117.8 	 	 57117.8 	 	 0 
103 	 7 	 230  	 57117.8 	  	 57117.8 	 	 57117.8 	 	 0 
103 	 7 	 231  	 57117.8 	  	 57117.8 	 	 57117.8 	 	 0 
103 	 7 	 232  	 57117.8 	  	 57117.8 	 	 57117.8 	 	 0 
103 	 7 	 233  	 57117.8 	  	 57117.8 	 	 57117.8 	 	 0 
103 	 7 	 234  	 57117.8 	  	 57117.8 	 	 57117.8 	 	 0 
103 	 7 	 235  	 57117.8 	  	 57117.8 	 	 57117.8 	 	 0 
103 	 7 	 236  	 57117.8 	  	 57117.8 	 	 57117.8 	 	 0 
103 	 7 	 237  	 57117.8 	  	 57117.8 	 	 57117.8 	 	 0 
103 	 7 	 238  	 57117.8 	  	 57117.8 	 	 57117.8 	 	 0 
103 	 7 	 239  	 57117.8 	  	 57117.8 	 	 57117.8 	 	 0 
103 	 7 	 240  	 57117.8 	  	 57117.8 	 	 57117.8 	 	 0 
103 	 7 	 241  	 57117.8 	  	 57117.8 	 	 57117.8 	 	 0 
103 	 7 	 242  	 57117.8 	  	 57117.8 	 	 57117.8 	 	 0 
103 	 7 	 243  	 57117.8 	  	 57117.8 	 	 57117.8 	 	 0 
103 	 7 	 244  	 57117.8 	  	 57117.8 	 	 57117.8 	 	 0 
103 	 7 	 245  	 57117.8 	  	 57117.8 	 	 57117.8 	 	 0 
103 	 7 	 246  	 57117.8 	  	 57117.8 	 	 57117.8 	 	 0 
103 	 7 	 247  	 57117.8 	  	 57117.8 	 	 57117.8 	 	 0 
103 	 7 	 248  	 57117.8 	  	 57117.8 	 	 57117.8 	 	 0 
103 	 7 	 249  	 57117.8 	  	 57117.8 	 	 57117.8 	 	 0 
103 	 7 	 250  	 57117.8 	  	 57117.8 	 	 57117.8 	 	 0 
103 	 7 	 251  	 57117.8 	  	 57117.8 	 	 57117.8 	 	 0 
103 	 7 	 252  	 57117.8 	  	 57117.8 	 	 57117.8 	 	 0 
103 	 7 	 253  	 57117.8 	  	 57117.8 	 	 57117.8 	 	 0 
103 	 7 	 254  	 57117.8 	  	 57117.8 	 	 57117.8 	 	 0 
103 	 7 	 255  	 57117.8 	  	 57117.8 	 	 57117.8 	 	 0 
103 	 7 	 256  	 57117.8 	  	 57117.8 	 	 57117.8 	 	 0 
103 	 7 	 257  	 57117.8 	  	 57117.8 	 	 57117.8 	 	 0 
103 	 7 	 258  	 57117.8 	  	 57117.8 	 	 57117.8 	 	 0 
103 	 7 	 259  	 57117.8 	  	 57117.8 	 	 57117.8 	 	 0 
103 	 7 	 260  	 57117.8 	  	 57117.8 	 	 57117.8 	 	 0 
103 	 7 	 261  	 57117.8 	  	 57117.8 	 	 57117.8 	 	 0 
103 	 7 	 262  	 57117.8 	  	 57117.8 	 	 57117.8 	 	 0 
103 	 7 	 263  	 57117.8 	  	 57117.8 	 	 57117.8 	 	 0 
103 	 7 	 264  	 57117.8 	  	 57117.8 	 	 57117.8 	 	 0 
103 	 7 	 265  	 57117.8 	  	 57117.8 	 	 57117.8 	 	 0 
103 	 7 	 266  	 57117.8 	  	 57117.8 	 	 57117.8 	 	 0 
103 	 7 	 267  	 57117.8 	  	 57117.8 	 	 57117.8 	 	 0 
103 	 7 	 268  	 57117.8 	  	 57117.8 	 	 57117.8 	 	 0 
103 	 7 	 269  	 57117.8 	  	 57117.8 	 	 57117.8 	 	 0 
103 	 7 	 270  	 57117.8 	  	 57117.8 	 	 57117.8 	 	 0 
103 	 7 	 271  	 57117.8 	  	 57117.8 	 	 57117.8 	 	 0 
103 	 7 	 272  	 57117.8 	  	 57117.8 	 	 57117.8 	 	 0 
103 	 7 	 273  	 57117.8 	  	 57117.8 	 	 57117.8 	 	 0 
103 	 7 	 274  	 57117.8 	  	 57117.8 	 	 57117.8 	 	 0 
103 	 7 	 275  	 57117.8 	  	 57117.8 	 	 57117.8 	 	 0 
103 	 7 	 276  	 57117.8 	  	 57117.8 	 	 57117.8 	 	 0 
103 	 7 	 277  	 57117.8 	  	 57117.8 	 	 57117.8 	 	 0 
103 	 7 	 278  	 57117.8 	  	 57117.8 	 	 57117.8 	 	 0 
103 	 7 	 279  	 57117.8 	  	 57117.8 	 	 57117.8 	 	 0 
103 	 7 	 280  	 57117.8 	  	 57117.8 	 	 57117.8 	 	 0 
103 	 7 	 281  	 57117.8 	  	 57117.8 	 	 57117.8 	 	 0 
103 	 7 	 282  	 57117.8 	  	 57117.8 	 	 57117.8 	 	 0 
103 	 7 	 283  	 57117.8 	  	 57117.8 	 	 57117.8 	 	 0 
103 	 7 	 284  	 57117.8 	  	 57117.8 	 	 57117.8 	 	 0 
103 	 7 	 285  	 57117.8 	  	 57117.8 	 	 57117.8 	 	 0 
103 	 7 	 286  	 57117.8 	  	 57117.8 	 	 57117.8 	 	 0 
103 	 7 	 287  	 57117.8 	  	 57117.8 	 	 57117.8 	 	 0 
103 	 7 	 288  	 57117.8 	  	 57117.8 	 	 57117.8 	 	 0 
103 	 7 	 289  	 57117.8 	  	 57117.8 	 	 57117.8 	 	 0 
103 	 7 	 290  	 57117.8 	  	 57117.8 	 	 57117.8 	 	 0 
103 	 7 	 291  	 57117.8 	  	 57117.8 	 	 57117.8 	 	 0 
103 	 7 	 292  	 57117.8 	  	 57117.8 	 	 57117.8 	 	 0 
103 	 7 	 293  	 57117.8 	  	 57117.8 	 	 57117.8 	 	 0 
103 	 7 	 294  	 57117.8 	  	 57117.8 	 	 57117.8 	 	 0 
103 	 7 	 295  	 57117.8 	  	 57117.8 	 	 57117.8 	 	 0 
103 	 7 	 296  	 57117.8 	  	 57117.8 	 	 57117.8 	 	 0 
103 	 7 	 297  	 57117.8 	  	 57117.8 	 	 57117.8 	 	 0 
103 	 7 	 298  	 57117.8 	  	 57117.8 	 	 57117.8 	 	 0 
103 	 7 	 299  	 57117.8 	  	 57117.8 	 	 57117.8 	 	 0 
103 	 7 	 300  	 57117.8 	  	 57117.8 	 	 57117.8 	 	 0 
103 	 7 	 301  	 57117.8 	  	 57117.8 	 	 57117.8 	 	 0 
103 	 7 	 302  	 57117.8 	  	 57117.8 	 	 57117.8 	 	 0 
103 	 7 	 303  	 57117.8 	  	 57117.8 	 	 57117.8 	 	 0 
103 	 7 	 304  	 57117.8 	  	 57117.8 	 	 57117.8 	 	 0 
103 	 7 	 305  	 57117.8 	  	 57117.8 	 	 57117.8 	 	 0 
103 	 7 	 306  	 57117.8 	  	 57117.8 	 	 57117.8 	 	 0 
103 	 7 	 307  	 57117.8 	  	 57117.8 	 	 57117.8 	 	 0 
103 	 7 	 308  	 57117.8 	  	 57117.8 	 	 57117.8 	 	 0 
103 	 7 	 309  	 57117.8 	  	 57117.8 	 	 57117.8 	 	 0 
103 	 7 	 310  	 57117.8 	  	 57117.8 	 	 57117.8 	 	 0 
103 	 7 	 311  	 57117.8 	  	 57117.8 	 	 57117.8 	 	 0 
103 	 7 	 312  	 57117.8 	  	 57117.8 	 	 57117.8 	 	 0 
103 	 7 	 313  	 57117.8 	  	 57117.8 	 	 57117.8 	 	 0 
103 	 7 	 314  	 57117.8 	  	 57117.8 	 	 57117.8 	 	 0 
103 	 7 	 315  	 57117.8 	  	 57117.8 	 	 57117.8 	 	 0 
103 	 7 	 316  	 57117.8 	  	 57117.8 	 	 57117.8 	 	 0 
103 	 7 	 317  	 57117.8 	  	 57117.8 	 	 57117.8 	 	 0 
103 	 7 	 318  	 57117.8 	  	 57117.8 	 	 57117.8 	 	 0 
103 	 7 	 319  	 57117.8 	  	 57117.8 	 	 57117.8 	 	 0 
103 	 7 	 320  	 57117.8 	  	 57117.8 	 	 57117.8 	 	 0 
103 	 7 	 321  	 57117.8 	  	 57117.8 	 	 57117.8 	 	 0 
103 	 7 	 322  	 57117.8 	  	 57117.8 	 	 57117.8 	 	 0 
103 	 7 	 323  	 57117.8 	  	 57117.8 	 	 57117.8 	 	 0 
103 	 7 	 324  	 57117.8 	  	 57117.8 	 	 57117.8 	 	 0 
103 	 7 	 325  	 57117.8 	  	 57117.8 	 	 57117.8 	 	 0 
103 	 7 	 326  	 57117.8 	  	 57117.8 	 	 57117.8 	 	 0 
103 	 7 	 327  	 57117.8 	  	 57117.8 	 	 57117.8 	 	 0 
103 	 7 	 328  	 57117.8 	  	 57117.8 	 	 57117.8 	 	 0 
103 	 7 	 329  	 57117.8 	  	 57117.8 	 	 57117.8 	 	 0 
103 	 7 	 330  	 57117.8 	  	 57117.8 	 	 57117.8 	 	 0 
103 	 7 	 331  	 57117.8 	  	 57117.8 	 	 57117.8 	 	 0 
103 	 7 	 332  	 57117.8 	  	 57117.8 	 	 57117.8 	 	 0 
103 	 7 	 333  	 57117.8 	  	 57117.8 	 	 57117.8 	 	 0 
103 	 7 	 334  	 57117.8 	  	 57117.8 	 	 57117.8 	 	 0 
103 	 7 	 335  	 57117.8 	  	 57117.8 	 	 57117.8 	 	 0 
103 	 7 	 336  	 57117.8 	  	 57117.8 	 	 57117.8 	 	 0 
103 	 7 	 337  	 57117.8 	  	 57117.8 	 	 57117.8 	 	 0 
103 	 7 	 338  	 57117.8 	  	 57117.8 	 	 57117.8 	 	 0 
103 	 7 	 339  	 57117.8 	  	 57117.8 	 	 57117.8 	 	 0 
103 	 7 	 340  	 57117.8 	  	 57117.8 	 	 57117.8 	 	 0 
103 	 7 	 341  	 57117.8 	  	 57117.8 	 	 57117.8 	 	 0 
103 	 7 	 342  	 57117.8 	  	 57117.8 	 	 57117.8 	 	 0 
103 	 7 	 343  	 57117.8 	  	 57117.8 	 	 57117.8 	 	 0 
103 	 7 	 344  	 57117.8 	  	 57117.8 	 	 57117.8 	 	 0 
103 	 7 	 345  	 57117.8 	  	 57117.8 	 	 57117.8 	 	 0 
103 	 7 	 346  	 57117.8 	  	 57117.8 	 	 57117.8 	 	 0 
103 	 7 	 347  	 57117.8 	  	 57117.8 	 	 57117.8 	 	 0 
103 	 7 	 348  	 57117.8 	  	 57117.8 	 	 57117.8 	 	 0 
103 	 7 	 349  	 57117.8 	  	 57117.8 	 	 57117.8 	 	 0 
103 	 7 	 350  	 57117.8 	  	 57117.8 	 	 57117.8 	 	 0 
103 	 7 	 351  	 57117.8 	  	 57117.8 	 	 57117.8 	 	 0 
103 	 7 	 352  	 57117.8 	  	 57117.8 	 	 57117.8 	 	 0 
103 	 7 	 353  	 57117.8 	  	 57117.8 	 	 57117.8 	 	 0 
103 	 7 	 354  	 57117.8 	  	 57117.8 	 	 57117.8 	 	 0 
103 	 7 	 355  	 57117.8 	  	 57117.8 	 	 57117.8 	 	 0 
103 	 7 	 356  	 57117.8 	  	 57117.8 	 	 57117.8 	 	 0 
103 	 7 	 357  	 57117.8 	  	 57117.8 	 	 57117.8 	 	 0 
103 	 7 	 358  	 57117.8 	  	 57117.8 	 	 57117.8 	 	 0 
103 	 7 	 359  	 57117.8 	  	 57117.8 	 	 57117.8 	 	 0 
103 	 7 	 360  	 57117.8 	  	 57117.8 	 	 57117.8 	 	 0 
103 	 7 	 361  	 57117.8 	  	 57117.8 	 	 57117.8 	 	 0 
103 	 7 	 362  	 57117.8 	  	 57117.8 	 	 57117.8 	 	 0 
103 	 7 	 363  	 57117.8 	  	 57117.8 	 	 57117.8 	 	 0 
103 	 7 	 364  	 57117.8 	  	 57117.8 	 	 57117.8 	 	 0 
103 	 7 	 365  	 57117.8 	  	 57117.8 	 	 57117.8 	 	 0 
103 	 7 	 366  	 57117.8 	  	 57117.8 	 	 57117.8 	 	 0 
103 	 7 	 367  	 57117.8 	  	 57117.8 	 	 57117.8 	 	 0 
103 	 7 	 368  	 57117.8 	  	 57117.8 	 	 57117.8 	 	 0 
103 	 7 	 369  	 57117.8 	  	 57117.8 	 	 57117.8 	 	 0 
103 	 7 	 370  	 57117.8 	  	 57117.8 	 	 57117.8 	 	 0 
103 	 7 	 371  	 57117.8 	  	 57117.8 	 	 57117.8 	 	 0 
103 	 7 	 372  	 57117.8 	  	 57117.8 	 	 57117.8 	 	 0 
103 	 7 	 373  	 57117.8 	  	 57117.8 	 	 57117.8 	 	 0 
103 	 7 	 374  	 57117.8 	  	 57117.8 	 	 57117.8 	 	 0 
103 	 7 	 375  	 57117.8 	  	 57117.8 	 	 57117.8 	 	 0 
103 	 7 	 376  	 57117.8 	  	 57117.8 	 	 57117.8 	 	 0 
103 	 7 	 377  	 57117.8 	  	 57117.8 	 	 57117.8 	 	 0 
103 	 7 	 378  	 57117.8 	  	 57117.8 	 	 57117.8 	 	 0 
103 	 7 	 379  	 57117.8 	  	 57117.8 	 	 57117.8 	 	 0 
103 	 7 	 380  	 57117.8 	  	 57117.8 	 	 57117.8 	 	 0 
103 	 7 	 381  	 57117.8 	  	 57117.8 	 	 57117.8 	 	 0 
103 	 7 	 382  	 57117.8 	  	 57117.8 	 	 57117.8 	 	 0 
103 	 7 	 383  	 57117.8 	  	 57117.8 	 	 57117.8 	 	 0 
103 	 7 	 384  	 57117.8 	  	 57117.8 	 	 57117.8 	 	 0 
103 	 7 	 385  	 57117.8 	  	 57117.8 	 	 57117.8 	 	 0 
103 	 7 	 386  	 57117.8 	  	 57117.8 	 	 57117.8 	 	 0 
103 	 7 	 387  	 57117.8 	  	 57117.8 	 	 57117.8 	 	 0 
103 	 7 	 388  	 57117.8 	  	 57117.8 	 	 57117.8 	 	 0 
103 	 7 	 389  	 57117.8 	  	 57117.8 	 	 57117.8 	 	 0 
103 	 7 	 390  	 57117.8 	  	 57117.8 	 	 57117.8 	 	 0 
103 	 7 	 391  	 57117.8 	  	 57117.8 	 	 57117.8 	 	 0 
103 	 7 	 392  	 57117.8 	  	 57117.8 	 	 57117.8 	 	 0 
103 	 7 	 393  	 57117.8 	  	 57117.8 	 	 57117.8 	 	 0 
103 	 7 	 394  	 57117.8 	  	 57117.8 	 	 57117.8 	 	 0 
103 	 7 	 395  	 57117.8 	  	 57117.8 	 	 57117.8 	 	 0 
103 	 7 	 396  	 57117.8 	  	 57117.8 	 	 57117.8 	 	 0 
103 	 7 	 397  	 57117.8 	  	 57117.8 	 	 57117.8 	 	 0 
103 	 7 	 398  	 57117.8 	  	 57117.8 	 	 57117.8 	 	 0 
103 	 7 	 399  	 57117.8 	  	 57117.8 	 	 57117.8 	 	 0 
103 	 7 	 400  	 57117.8 	  	 57117.8 	 	 57117.8 	 	 0 
103 	 7 	 401  	 57117.8 	  	 57117.8 	 	 57117.8 	 	 0 
103 	 7 	 402  	 57117.8 	  	 57117.8 	 	 57117.8 	 	 0 
103 	 7 	 403  	 57117.8 	  	 57117.8 	 	 57117.8 	 	 0 
103 	 7 	 404  	 57117.8 	  	 57117.8 	 	 57117.8 	 	 0 
103 	 7 	 405  	 57117.8 	  	 57117.8 	 	 57117.8 	 	 0 
103 	 7 	 406  	 57117.8 	  	 57117.8 	 	 57117.8 	 	 0 
103 	 7 	 407  	 57117.8 	  	 57117.8 	 	 57117.8 	 	 0 
103 	 7 	 408  	 57117.8 	  	 57117.8 	 	 57117.8 	 	 0 
103 	 7 	 409  	 57117.8 	  	 57117.8 	 	 57117.8 	 	 0 
103 	 7 	 410  	 57117.8 	  	 57117.8 	 	 57117.8 	 	 0 
103 	 7 	 411  	 57117.8 	  	 57117.8 	 	 57117.8 	 	 0 
103 	 7 	 412  	 57117.8 	  	 57117.8 	 	 57117.8 	 	 0 
103 	 7 	 413  	 57117.8 	  	 57117.8 	 	 57117.8 	 	 0 
103 	 7 	 414  	 57117.8 	  	 57117.8 	 	 57117.8 	 	 0 
103 	 7 	 415  	 57117.8 	  	 57117.8 	 	 57117.8 	 	 0 
103 	 7 	 416  	 57117.8 	  	 57117.8 	 	 57117.8 	 	 0 
103 	 7 	 417  	 57117.8 	  	 57117.8 	 	 57117.8 	 	 0 
103 	 7 	 418  	 57117.8 	  	 57117.8 	 	 57117.8 	 	 0 
103 	 7 	 419  	 57117.8 	  	 57117.8 	 	 57117.8 	 	 0 
103 	 7 	 420  	 57117.8 	  	 57117.8 	 	 57117.8 	 	 0 
103 	 7 	 421  	 57117.8 	  	 57117.8 	 	 57117.8 	 	 0 
103 	 7 	 422  	 57117.8 	  	 57117.8 	 	 57117.8 	 	 0 
103 	 7 	 423  	 57117.8 	  	 57117.8 	 	 57117.8 	 	 0 
103 	 7 	 424  	 57117.8 	  	 57117.8 	 	 57117.8 	 	 0 
103 	 7 	 425  	 57117.8 	  	 57117.8 	 	 57117.8 	 	 0 
103 	 7 	 426  	 57117.8 	  	 57117.8 	 	 57117.8 	 	 0 
103 	 7 	 427  	 57117.8 	  	 57117.8 	 	 57117.8 	 	 0 
103 	 7 	 428  	 57117.8 	  	 57117.8 	 	 57117.8 	 	 0 
103 	 7 	 429  	 57117.8 	  	 57117.8 	 	 57117.8 	 	 0 
103 	 7 	 430  	 57117.8 	  	 57117.8 	 	 57117.8 	 	 0 
103 	 7 	 431  	 57117.8 	  	 57117.8 	 	 57117.8 	 	 0 
103 	 7 	 432  	 57117.8 	  	 57117.8 	 	 57117.8 	 	 0 
103 	 7 	 433  	 57117.8 	  	 57117.8 	 	 57117.8 	 	 0 
103 	 7 	 434  	 57117.8 	  	 57117.8 	 	 57117.8 	 	 0 
103 	 7 	 435  	 57117.8 	  	 57117.8 	 	 57117.8 	 	 0 
103 	 7 	 436  	 57117.8 	  	 57117.8 	 	 57117.8 	 	 0 
103 	 7 	 437  	 57117.8 	  	 57117.8 	 	 57117.8 	 	 0 
103 	 7 	 438  	 57117.8 	  	 57117.8 	 	 57117.8 	 	 0 
103 	 7 	 439  	 57117.8 	  	 57117.8 	 	 57117.8 	 	 0 
103 	 7 	 440  	 57117.8 	  	 57117.8 	 	 57117.8 	 	 0 
103 	 7 	 441  	 57117.8 	  	 57117.8 	 	 57117.8 	 	 0 
103 	 7 	 442  	 57117.8 	  	 57117.8 	 	 57117.8 	 	 0 
103 	 7 	 443  	 57117.8 	  	 57117.8 	 	 57117.8 	 	 0 
103 	 7 	 444  	 57117.8 	  	 57117.8 	 	 57117.8 	 	 0 
103 	 7 	 445  	 57117.8 	  	 57117.8 	 	 57117.8 	 	 0 
103 	 7 	 446  	 57117.8 	  	 57117.8 	 	 57117.8 	 	 0 
103 	 7 	 447  	 57117.8 	  	 57117.8 	 	 57117.8 	 	 0 
103 	 7 	 448  	 57117.8 	  	 57117.8 	 	 57117.8 	 	 0 
103 	 7 	 449  	 57117.8 	  	 57117.8 	 	 57117.8 	 	 0 
103 	 7 	 450  	 57117.8 	  	 57117.8 	 	 57117.8 	 	 0 
103 	 7 	 451  	 57117.8 	  	 57117.8 	 	 57117.8 	 	 0 
103 	 7 	 452  	 57117.8 	  	 57117.8 	 	 57117.8 	 	 0 
103 	 7 	 453  	 57117.8 	  	 57117.8 	 	 57117.8 	 	 0 
103 	 7 	 454  	 57117.8 	  	 57117.8 	 	 57117.8 	 	 0 
103 	 7 	 455  	 57117.8 	  	 57117.8 	 	 57117.8 	 	 0 
103 	 7 	 456  	 57117.8 	  	 57117.8 	 	 57117.8 	 	 0 
103 	 7 	 457  	 57117.8 	  	 57117.8 	 	 57117.8 	 	 0 
103 	 7 	 458  	 57117.8 	  	 57117.8 	 	 57117.8 	 	 0 
103 	 7 	 459  	 57117.8 	  	 57117.8 	 	 57117.8 	 	 0 
103 	 7 	 460  	 57117.8 	  	 57117.8 	 	 57117.8 	 	 0 
103 	 7 	 461  	 57117.8 	  	 57117.8 	 	 57117.8 	 	 0 
103 	 7 	 462  	 57117.8 	  	 57117.8 	 	 57117.8 	 	 0 
103 	 7 	 463  	 57117.8 	  	 57117.8 	 	 57117.8 	 	 0 
103 	 7 	 464  	 57117.8 	  	 57117.8 	 	 57117.8 	 	 0 
103 	 7 	 465  	 57117.8 	  	 57117.8 	 	 57117.8 	 	 0 
103 	 7 	 466  	 57117.8 	  	 57117.8 	 	 57117.8 	 	 0 
103 	 7 	 467  	 57117.8 	  	 57117.8 	 	 57117.8 	 	 0 
103 	 7 	 468  	 57117.8 	  	 57117.8 	 	 57117.8 	 	 0 
103 	 7 	 469  	 57117.8 	  	 57117.8 	 	 57117.8 	 	 0 
103 	 7 	 470  	 57117.8 	  	 57117.8 	 	 57117.8 	 	 0 
103 	 7 	 471  	 57117.8 	  	 57117.8 	 	 57117.8 	 	 0 
103 	 7 	 472  	 57117.8 	  	 57117.8 	 	 57117.8 	 	 0 
103 	 7 	 473  	 57117.8 	  	 57117.8 	 	 57117.8 	 	 0 
103 	 7 	 474  	 57117.8 	  	 57117.8 	 	 57117.8 	 	 0 
103 	 7 	 475  	 57117.8 	  	 57117.8 	 	 57117.8 	 	 0 
103 	 7 	 476  	 57117.8 	  	 57117.8 	 	 57117.8 	 	 0 
103 	 7 	 477  	 57117.8 	  	 57117.8 	 	 57117.8 	 	 0 
103 	 7 	 478  	 57117.8 	  	 57117.8 	 	 57117.8 	 	 0 
103 	 7 	 479  	 57117.8 	  	 57117.8 	 	 57117.8 	 	 0 
103 	 7 	 480  	 57117.8 	  	 57117.8 	 	 57117.8 	 	 0 
103 	 7 	 481  	 57117.8 	  	 57117.8 	 	 57117.8 	 	 0 
103 	 7 	 482  	 57117.8 	  	 57117.8 	 	 57117.8 	 	 0 
103 	 7 	 483  	 57117.8 	  	 57117.8 	 	 57117.8 	 	 0 
103 	 7 	 484  	 57117.8 	  	 57117.8 	 	 57117.8 	 	 0 
103 	 7 	 485  	 57117.8 	  	 57117.8 	 	 57117.8 	 	 0 
103 	 7 	 486  	 57117.8 	  	 57117.8 	 	 57117.8 	 	 0 
103 	 7 	 487  	 57117.8 	  	 57117.8 	 	 57117.8 	 	 0 
103 	 7 	 488  	 57117.8 	  	 57117.8 	 	 57117.8 	 	 0 
103 	 7 	 489  	 57117.8 	  	 57117.8 	 	 57117.8 	 	 0 
103 	 7 	 490  	 57117.8 	  	 57117.8 	 	 57117.8 	 	 0 
103 	 7 	 491  	 57117.8 	  	 57117.8 	 	 57117.8 	 	 0 
103 	 7 	 492  	 57117.8 	  	 57117.8 	 	 57117.8 	 	 0 
103 	 7 	 493  	 57117.8 	  	 57117.8 	 	 57117.8 	 	 0 
103 	 7 	 494  	 57117.8 	  	 57117.8 	 	 57117.8 	 	 0 
103 	 7 	 495  	 57117.8 	  	 57117.8 	 	 57117.8 	 	 0 
103 	 7 	 496  	 57117.8 	  	 57117.8 	 	 57117.8 	 	 0 
103 	 7 	 497  	 57117.8 	  	 57117.8 	 	 57117.8 	 	 0 
103 	 7 	 498  	 57117.8 	  	 57117.8 	 	 57117.8 	 	 0 
103 	 7 	 499  	 57117.8 	  	 57117.8 	 	 57117.8 	 	 0 
103 	 7 	 500  	 57117.8 	  	 57117.8 	 	 57117.8 	 	 0 
103 	 7 	 501  	 57117.8 	  	 57117.8 	 	 57117.8 	 	 0 
103 	 7 	 502  	 57117.8 	  	 57117.8 	 	 57117.8 	 	 0 
103 	 7 	 503  	 57117.8 	  	 57117.8 	 	 57117.8 	 	 0 
103 	 7 	 504  	 57117.8 	  	 57117.8 	 	 57117.8 	 	 0 
103 	 7 	 505  	 57117.8 	  	 57117.8 	 	 57117.8 	 	 0 
103 	 7 	 506  	 57117.8 	  	 57117.8 	 	 57117.8 	 	 0 
103 	 7 	 507  	 57117.8 	  	 57117.8 	 	 57117.8 	 	 0 
103 	 7 	 508  	 57117.8 	  	 57117.8 	 	 57117.8 	 	 0 
103 	 7 	 509  	 57117.8 	  	 57117.8 	 	 57117.8 	 	 0 
103 	 7 	 510  	 57117.8 	  	 57117.8 	 	 57117.8 	 	 0 
103 	 7 	 511  	 57117.8 	  	 57117.8 	 	 57117.8 	 	 0 
103 	 7 	 512  	 57117.8 	  	 57117.8 	 	 57117.8 	 	 0 
103 	 7 	 513  	 57117.8 	  	 57117.8 	 	 57117.8 	 	 0 
103 	 7 	 514  	 57117.8 	  	 57117.8 	 	 57117.8 	 	 0 
103 	 7 	 515  	 57117.8 	  	 57117.8 	 	 57117.8 	 	 0 
103 	 7 	 516  	 57117.8 	  	 57117.8 	 	 57117.8 	 	 0 
103 	 7 	 517  	 57117.8 	  	 57117.8 	 	 57117.8 	 	 0 
103 	 7 	 518  	 57117.8 	  	 57117.8 	 	 57117.8 	 	 0 
103 	 7 	 519  	 57117.8 	  	 57117.8 	 	 57117.8 	 	 0 
103 	 7 	 520  	 57117.8 	  	 57117.8 	 	 57117.8 	 	 0 
103 	 7 	 521  	 57117.8 	  	 57117.8 	 	 57117.8 	 	 0 
103 	 7 	 522  	 57117.8 	  	 57117.8 	 	 57117.8 	 	 0 
103 	 7 	 523  	 57117.8 	  	 57117.8 	 	 57117.8 	 	 0 
103 	 7 	 524  	 57117.8 	  	 57117.8 	 	 57117.8 	 	 0 
103 	 7 	 525  	 57117.8 	  	 57117.8 	 	 57117.8 	 	 0 
103 	 7 	 526  	 57117.8 	  	 57117.8 	 	 57117.8 	 	 0 
103 	 7 	 527  	 57117.8 	  	 57117.8 	 	 57117.8 	 	 0 
103 	 7 	 528  	 57117.8 	  	 57117.8 	 	 57117.8 	 	 0 
103 	 7 	 529  	 57117.8 	  	 57117.8 	 	 57117.8 	 	 0 
103 	 7 	 530  	 57117.8 	  	 57117.8 	 	 57117.8 	 	 0 
103 	 7 	 531  	 57117.8 	  	 57117.8 	 	 57117.8 	 	 0 
103 	 7 	 532  	 57117.8 	  	 57117.8 	 	 57117.8 	 	 0 
103 	 7 	 533  	 57117.8 	  	 57117.8 	 	 57117.8 	 	 0 
103 	 7 	 534  	 57117.8 	  	 57117.8 	 	 57117.8 	 	 0 
103 	 7 	 535  	 57117.8 	  	 57117.8 	 	 57117.8 	 	 0 
103 	 7 	 536  	 57117.8 	  	 57117.8 	 	 57117.8 	 	 0 
103 	 7 	 537  	 57117.8 	  	 57117.8 	 	 57117.8 	 	 0 
103 	 7 	 538  	 57117.8 	  	 57117.8 	 	 57117.8 	 	 0 
103 	 7 	 539  	 57117.8 	  	 57117.8 	 	 57117.8 	 	 0 
103 	 7 	 540  	 57117.8 	  	 57117.8 	 	 57117.8 	 	 0 
103 	 7 	 541  	 57117.8 	  	 57117.8 	 	 57117.8 	 	 0 
103 	 7 	 542  	 57117.8 	  	 57117.8 	 	 57117.8 	 	 0 
103 	 7 	 543  	 57117.8 	  	 57117.8 	 	 57117.8 	 	 0 
103 	 7 	 544  	 57117.8 	  	 57117.8 	 	 57117.8 	 	 0 
103 	 7 	 545  	 57117.8 	  	 57117.8 	 	 57117.8 	 	 0 
103 	 7 	 546  	 57117.8 	  	 57117.8 	 	 57117.8 	 	 0 
103 	 7 	 547  	 57117.8 	  	 57117.8 	 	 57117.8 	 	 0 
103 	 7 	 548  	 57117.8 	  	 57117.8 	 	 57117.8 	 	 0 
103 	 7 	 549  	 57117.8 	  	 57117.8 	 	 57117.8 	 	 0 
103 	 7 	 550  	 57117.8 	  	 57117.8 	 	 57117.8 	 	 0 
103 	 7 	 551  	 57117.8 	  	 57117.8 	 	 57117.8 	 	 0 
103 	 7 	 552  	 57117.8 	  	 57117.8 	 	 57117.8 	 	 0 
103 	 7 	 553  	 57117.8 	  	 57117.8 	 	 57117.8 	 	 0 
103 	 7 	 554  	 57117.8 	  	 57117.8 	 	 57117.8 	 	 0 
103 	 7 	 555  	 57117.8 	  	 57117.8 	 	 57117.8 	 	 0 
103 	 7 	 556  	 57117.8 	  	 57117.8 	 	 57117.8 	 	 0 
103 	 7 	 557  	 57117.8 	  	 57117.8 	 	 57117.8 	 	 0 
103 	 7 	 558  	 57117.8 	  	 57117.8 	 	 57117.8 	 	 0 
103 	 7 	 559  	 57117.8 	  	 57117.8 	 	 57117.8 	 	 0 
103 	 7 	 560  	 57117.8 	  	 57117.8 	 	 57117.8 	 	 0 
103 	 7 	 561  	 57117.8 	  	 57117.8 	 	 57117.8 	 	 0 
103 	 7 	 562  	 57117.8 	  	 57117.8 	 	 57117.8 	 	 0 
103 	 7 	 563  	 57117.8 	  	 57117.8 	 	 57117.8 	 	 0 
103 	 7 	 564  	 57117.8 	  	 57117.8 	 	 57117.8 	 	 0 
103 	 7 	 565  	 57117.8 	  	 57117.8 	 	 57117.8 	 	 0 
103 	 7 	 566  	 57117.8 	  	 57117.8 	 	 57117.8 	 	 0 
103 	 7 	 567  	 57117.8 	  	 57117.8 	 	 57117.8 	 	 0 
103 	 7 	 568  	 57117.8 	  	 57117.8 	 	 57117.8 	 	 0 
103 	 7 	 569  	 57117.8 	  	 57117.8 	 	 57117.8 	 	 0 
103 	 7 	 570  	 57117.8 	  	 57117.8 	 	 57117.8 	 	 0 
103 	 7 	 571  	 57117.8 	  	 57117.8 	 	 57117.8 	 	 0 
103 	 7 	 572  	 57117.8 	  	 57117.8 	 	 57117.8 	 	 0 
103 	 7 	 573  	 57117.8 	  	 57117.8 	 	 57117.8 	 	 0 
103 	 7 	 574  	 57117.8 	  	 57117.8 	 	 57117.8 	 	 0 
103 	 7 	 575  	 57117.8 	  	 57117.8 	 	 57117.8 	 	 0 
103 	 7 	 576  	 57117.8 	  	 57117.8 	 	 57117.8 	 	 0 
103 	 7 	 577  	 57117.8 	  	 57117.8 	 	 57117.8 	 	 0 
103 	 7 	 578  	 57117.8 	  	 57117.8 	 	 57117.8 	 	 0 
103 	 7 	 579  	 57117.8 	  	 57117.8 	 	 57117.8 	 	 0 
103 	 7 	 580  	 57117.8 	  	 57117.8 	 	 57117.8 	 	 0 
103 	 7 	 581  	 57117.8 	  	 57117.8 	 	 57117.8 	 	 0 
103 	 7 	 582  	 57117.8 	  	 57117.8 	 	 57117.8 	 	 0 
103 	 7 	 583  	 57117.8 	  	 57117.8 	 	 57117.8 	 	 0 
103 	 7 	 584  	 57117.8 	  	 57117.8 	 	 57117.8 	 	 0 
103 	 7 	 585  	 57117.8 	  	 57117.8 	 	 57117.8 	 	 0 
103 	 7 	 586  	 57117.8 	  	 57117.8 	 	 57117.8 	 	 0 
103 	 7 	 587  	 57117.8 	  	 57117.8 	 	 57117.8 	 	 0 
103 	 7 	 588  	 57117.8 	  	 57117.8 	 	 57117.8 	 	 0 
103 	 7 	 589  	 57117.8 	  	 57117.8 	 	 57117.8 	 	 0 
103 	 7 	 590  	 57117.8 	  	 57117.8 	 	 57117.8 	 	 0 
103 	 7 	 591  	 57117.8 	  	 57117.8 	 	 57117.8 	 	 0 
103 	 7 	 592  	 57117.8 	  	 57117.8 	 	 57117.8 	 	 0 
103 	 7 	 593  	 57117.8 	  	 57117.8 	 	 57117.8 	 	 0 
103 	 7 	 594  	 57117.8 	  	 57117.8 	 	 57117.8 	 	 0 
103 	 7 	 595  	 57117.8 	  	 57117.8 	 	 57117.8 	 	 0 
103 	 7 	 596  	 57117.8 	  	 57117.8 	 	 57117.8 	 	 0 
103 	 7 	 597  	 57117.8 	  	 57117.8 	 	 57117.8 	 	 0 
103 	 7 	 598  	 57117.8 	  	 57117.8 	 	 57117.8 	 	 0 
103 	 7 	 599  	 57117.8 	  	 57117.8 	 	 57117.8 	 	 0 
103 	 7 	 600  	 57117.8 	  	 57117.8 	 	 57117.8 	 	 0 
103 	 7 	 601  	 57117.8 	  	 57117.8 	 	 57117.8 	 	 0 
103 	 7 	 602  	 57117.8 	  	 57117.8 	 	 57117.8 	 	 0 
103 	 7 	 603  	 57117.8 	  	 57117.8 	 	 57117.8 	 	 0 
103 	 7 	 604  	 57117.8 	  	 57117.8 	 	 57117.8 	 	 0 
103 	 7 	 605  	 57117.8 	  	 57117.8 	 	 57117.8 	 	 0 
103 	 7 	 606  	 57117.8 	  	 57117.8 	 	 57117.8 	 	 0 
103 	 7 	 607  	 57117.8 	  	 57117.8 	 	 57117.8 	 	 0 
103 	 7 	 608  	 57117.8 	  	 57117.8 	 	 57117.8 	 	 0 
103 	 7 	 609  	 57117.8 	  	 57117.8 	 	 57117.8 	 	 0 
103 	 7 	 610  	 57117.8 	  	 57117.8 	 	 57117.8 	 	 0 
103 	 7 	 611  	 57117.8 	  	 57117.8 	 	 57117.8 	 	 0 
103 	 7 	 612  	 57117.8 	  	 57117.8 	 	 57117.8 	 	 0 
103 	 7 	 613  	 57117.8 	  	 57117.8 	 	 57117.8 	 	 0 
103 	 7 	 614  	 57117.8 	  	 57117.8 	 	 57117.8 	 	 0 
103 	 7 	 615  	 57117.8 	  	 57117.8 	 	 57117.8 	 	 0 
103 	 7 	 616  	 57117.8 	  	 57117.8 	 	 57117.8 	 	 0 
103 	 7 	 617  	 57117.8 	  	 57117.8 	 	 57117.8 	 	 0 
103 	 7 	 618  	 57117.8 	  	 57117.8 	 	 57117.8 	 	 0 
103 	 7 	 619  	 57117.8 	  	 57117.8 	 	 57117.8 	 	 0 
103 	 7 	 620  	 57117.8 	  	 57117.8 	 	 57117.8 	 	 0 
103 	 7 	 621  	 57117.8 	  	 57117.8 	 	 57117.8 	 	 0 
103 	 7 	 622  	 57117.8 	  	 57117.8 	 	 57117.8 	 	 0 
103 	 7 	 623  	 57117.8 	  	 57117.8 	 	 57117.8 	 	 0 
103 	 7 	 624  	 57117.8 	  	 57117.8 	 	 57117.8 	 	 0 
103 	 7 	 625  	 57117.8 	  	 57117.8 	 	 57117.8 	 	 0 
103 	 7 	 626  	 57117.8 	  	 57117.8 	 	 57117.8 	 	 0 
103 	 7 	 627  	 57117.8 	  	 57117.8 	 	 57117.8 	 	 0 
103 	 7 	 628  	 57117.8 	  	 57117.8 	 	 57117.8 	 	 0 
103 	 7 	 629  	 57117.8 	  	 57117.8 	 	 57117.8 	 	 0 
103 	 7 	 630  	 57117.8 	  	 57117.8 	 	 57117.8 	 	 0 
103 	 7 	 631  	 57117.8 	  	 57117.8 	 	 57117.8 	 	 0 
103 	 7 	 632  	 57117.8 	  	 57117.8 	 	 57117.8 	 	 0 
103 	 7 	 633  	 57117.8 	  	 57117.8 	 	 57117.8 	 	 0 
103 	 7 	 634  	 57117.8 	  	 57117.8 	 	 57117.8 	 	 0 
103 	 7 	 635  	 57117.8 	  	 57117.8 	 	 57117.8 	 	 0 
103 	 7 	 636  	 57117.8 	  	 57117.8 	 	 57117.8 	 	 0 
103 	 7 	 637  	 57117.8 	  	 57117.8 	 	 57117.8 	 	 0 
103 	 7 	 638  	 57117.8 	  	 57117.8 	 	 57117.8 	 	 0 
103 	 7 	 639  	 57117.8 	  	 57117.8 	 	 57117.8 	 	 0 
103 	 7 	 640  	 57117.8 	  	 57117.8 	 	 57117.8 	 	 0 
103 	 7 	 641  	 57117.8 	  	 57117.8 	 	 57117.8 	 	 0 
103 	 7 	 642  	 57117.8 	  	 57117.8 	 	 57117.8 	 	 0 
103 	 7 	 643  	 57117.8 	  	 57117.8 	 	 57117.8 	 	 0 
103 	 7 	 644  	 57117.8 	  	 57117.8 	 	 57117.8 	 	 0 
103 	 7 	 645  	 57117.8 	  	 57117.8 	 	 57117.8 	 	 0 
103 	 7 	 646  	 57117.8 	  	 57117.8 	 	 57117.8 	 	 0 
103 	 7 	 647  	 57117.8 	  	 57117.8 	 	 57117.8 	 	 0 
103 	 7 	 648  	 57117.8 	  	 57117.8 	 	 57117.8 	 	 0 
103 	 7 	 649  	 57117.8 	  	 57117.8 	 	 57117.8 	 	 0 
103 	 7 	 650  	 57117.8 	  	 57117.8 	 	 57117.8 	 	 0 
103 	 7 	 651  	 57117.8 	  	 57117.8 	 	 57117.8 	 	 0 
103 	 7 	 652  	 57117.8 	  	 57117.8 	 	 57117.8 	 	 0 
103 	 7 	 653  	 57117.8 	  	 57117.8 	 	 57117.8 	 	 0 
103 	 7 	 654  	 57117.8 	  	 57117.8 	 	 57117.8 	 	 0 
103 	 7 	 655  	 57117.8 	  	 57117.8 	 	 57117.8 	 	 0 
103 	 7 	 656  	 57117.8 	  	 57117.8 	 	 57117.8 	 	 0 
103 	 7 	 657  	 57117.8 	  	 57117.8 	 	 57117.8 	 	 0 
103 	 7 	 658  	 57117.8 	  	 57117.8 	 	 57117.8 	 	 0 
103 	 7 	 659  	 57117.8 	  	 57117.8 	 	 57117.8 	 	 0 
103 	 7 	 660  	 57117.8 	  	 57117.8 	 	 57117.8 	 	 0 
103 	 7 	 661  	 57117.8 	  	 57117.8 	 	 57117.8 	 	 0 
103 	 7 	 662  	 57117.8 	  	 57117.8 	 	 57117.8 	 	 0 
103 	 7 	 663  	 57117.8 	  	 57117.8 	 	 57117.8 	 	 0 
103 	 7 	 664  	 57117.8 	  	 57117.8 	 	 57117.8 	 	 0 
103 	 7 	 665  	 57117.8 	  	 57117.8 	 	 57117.8 	 	 0 
103 	 7 	 666  	 57117.8 	  	 57117.8 	 	 57117.8 	 	 0 
103 	 7 	 667  	 57117.8 	  	 57117.8 	 	 57117.8 	 	 0 
103 	 7 	 668  	 57117.8 	  	 57117.8 	 	 57117.8 	 	 0 
103 	 7 	 669  	 57117.8 	  	 57117.8 	 	 57117.8 	 	 0 
103 	 7 	 670  	 57117.8 	  	 57117.8 	 	 57117.8 	 	 0 
103 	 7 	 671  	 57117.8 	  	 57117.8 	 	 57117.8 	 	 0 
103 	 7 	 672  	 57117.8 	  	 57117.8 	 	 57117.8 	 	 0 
103 	 7 	 673  	 57117.8 	  	 57117.8 	 	 57117.8 	 	 0 
103 	 7 	 674  	 57117.8 	  	 57117.8 	 	 57117.8 	 	 0 
103 	 7 	 675  	 57117.8 	  	 57117.8 	 	 57117.8 	 	 0 
103 	 7 	 676  	 57117.8 	  	 57117.8 	 	 57117.8 	 	 0 
103 	 7 	 677  	 57117.8 	  	 57117.8 	 	 57117.8 	 	 0 
103 	 7 	 678  	 57117.8 	  	 57117.8 	 	 57117.8 	 	 0 
103 	 7 	 679  	 57117.8 	  	 57117.8 	 	 57117.8 	 	 0 
103 	 7 	 680  	 57117.8 	  	 57117.8 	 	 57117.8 	 	 0 
103 	 7 	 681  	 57117.8 	  	 57117.8 	 	 57117.8 	 	 0 
103 	 7 	 682  	 57117.8 	  	 57117.8 	 	 57117.8 	 	 0 
103 	 7 	 683  	 57117.8 	  	 57117.8 	 	 57117.8 	 	 0 
103 	 7 	 684  	 57117.8 	  	 57117.8 	 	 57117.8 	 	 0 
103 	 7 	 685  	 57117.8 	  	 57117.8 	 	 57117.8 	 	 0 
103 	 7 	 686  	 57117.8 	  	 57117.8 	 	 57117.8 	 	 0 
103 	 7 	 687  	 57117.8 	  	 57117.8 	 	 57117.8 	 	 0 
103 	 7 	 688  	 57117.8 	  	 57117.8 	 	 57117.8 	 	 0 
103 	 7 	 689  	 57117.8 	  	 57117.8 	 	 57117.8 	 	 0 
103 	 7 	 690  	 57117.8 	  	 57117.8 	 	 57117.8 	 	 0 
103 	 7 	 691  	 57117.8 	  	 57117.8 	 	 57117.8 	 	 0 
103 	 7 	 692  	 57117.8 	  	 57117.8 	 	 57117.8 	 	 0 
103 	 7 	 693  	 57117.8 	  	 57117.8 	 	 57117.8 	 	 0 
103 	 7 	 694  	 57117.8 	  	 57117.8 	 	 57117.8 	 	 0 
103 	 7 	 695  	 57117.8 	  	 57117.8 	 	 57117.8 	 	 0 
103 	 7 	 696  	 57117.8 	  	 57117.8 	 	 57117.8 	 	 0 
103 	 7 	 697  	 57117.8 	  	 57117.8 	 	 57117.8 	 	 0 
103 	 7 	 698  	 57117.8 	  	 57117.8 	 	 57117.8 	 	 0 
103 	 7 	 699  	 57117.8 	  	 57117.8 	 	 57117.8 	 	 0 
103 	 7 	 700  	 57117.8 	  	 57117.8 	 	 57117.8 	 	 0 
103 	 7 	 701  	 57117.8 	  	 57117.8 	 	 57117.8 	 	 0 
103 	 7 	 702  	 57117.8 	  	 57117.8 	 	 57117.8 	 	 0 
103 	 7 	 703  	 57117.8 	  	 57117.8 	 	 57117.8 	 	 0 
103 	 7 	 704  	 57117.8 	  	 57117.8 	 	 57117.8 	 	 0 
103 	 7 	 705  	 57117.8 	  	 57117.8 	 	 57117.8 	 	 0 
103 	 7 	 706  	 57117.8 	  	 57117.8 	 	 57117.8 	 	 0 
103 	 7 	 707  	 57117.8 	  	 57117.8 	 	 57117.8 	 	 0 
103 	 7 	 708  	 57117.8 	  	 57117.8 	 	 57117.8 	 	 0 
103 	 7 	 709  	 57117.8 	  	 57117.8 	 	 57117.8 	 	 0 
103 	 7 	 710  	 57117.8 	  	 57117.8 	 	 57117.8 	 	 0 
103 	 7 	 711  	 57117.8 	  	 57117.8 	 	 57117.8 	 	 0 
103 	 7 	 712  	 57117.8 	  	 57117.8 	 	 57117.8 	 	 0 
103 	 7 	 713  	 57117.8 	  	 57117.8 	 	 57117.8 	 	 0 
103 	 7 	 714  	 57117.8 	  	 57117.8 	 	 57117.8 	 	 0 
103 	 7 	 715  	 57117.8 	  	 57117.8 	 	 57117.8 	 	 0 
103 	 7 	 716  	 57117.8 	  	 57117.8 	 	 57117.8 	 	 0 
103 	 7 	 717  	 57117.8 	  	 57117.8 	 	 57117.8 	 	 0 
103 	 7 	 718  	 57117.8 	  	 57117.8 	 	 57117.8 	 	 0 
103 	 7 	 719  	 57117.8 	  	 57117.8 	 	 57117.8 	 	 0 
103 	 7 	 720  	 57117.8 	  	 57117.8 	 	 57117.8 	 	 0 
103 	 7 	 721  	 57117.8 	  	 57117.8 	 	 57117.8 	 	 0 
