6 	 1 	 14459.952843 	 14459.952843 	 0.500000 	 14459.952843 	 0.115647 	 14459.952843 
6 	 2 	 14473.274246 	 14473.274246 	 0.500000 	 28906.610965 	 0.115545 	 14446.658121 
6 	 3 	 14473.274246 	 14473.274246 	 0.500000 	 43353.269086 	 0.115545 	 14446.658121 
6 	 4 	 14473.274246 	 14473.274246 	 0.500000 	 57799.927207 	 0.115545 	 14446.658121 
6 	 5 	 14473.274246 	 14473.274246 	 0.500000 	 72246.585329 	 0.115545 	 14446.658121 
6 	 6 	 14473.274246 	 14473.274246 	 0.500000 	 86693.243450 	 0.115545 	 14446.658121 
6 	 7 	 14473.274246 	 14473.274246 	 0.500000 	 101139.901571 	 0.115545 	 14446.658121 
6 	 8 	 14473.274246 	 14473.274246 	 0.500000 	 115586.559693 	 0.115545 	 14446.658121 
6 	 9 	 14473.274246 	 14473.274246 	 0.500000 	 130033.217814 	 0.115545 	 14446.658121 
6 	 10 	 14473.274246 	 14473.274246 	 0.500000 	 144479.875935 	 0.115545 	 14446.658121 
6 	 11 	 14473.274246 	 14473.274246 	 0.500000 	 158926.534057 	 0.115545 	 14446.658121 
6 	 12 	 14473.274246 	 14473.274246 	 0.500000 	 173373.192178 	 0.115545 	 14446.658121 
6 	 13 	 14473.274246 	 14473.274246 	 0.500000 	 187819.850299 	 0.115545 	 14446.658121 
6 	 14 	 14473.274246 	 14473.274246 	 0.500000 	 202266.508421 	 0.115545 	 14446.658121 
6 	 15 	 14473.274246 	 14473.274246 	 0.500000 	 216713.166542 	 0.115545 	 14446.658121 
6 	 16 	 14473.274246 	 14473.274246 	 0.500000 	 231159.824663 	 0.115545 	 14446.658121 
6 	 17 	 14473.274246 	 14473.274246 	 0.500000 	 245606.482785 	 0.115545 	 14446.658121 
6 	 18 	 14473.274246 	 14473.274246 	 0.500000 	 260053.140906 	 0.115545 	 14446.658121 
6 	 19 	 14473.274246 	 14473.274246 	 0.500000 	 274499.799027 	 0.115545 	 14446.658121 
6 	 20 	 14473.274246 	 14473.274246 	 0.500000 	 288946.457149 	 0.115545 	 14446.658121 
6 	 21 	 14473.274246 	 14473.274246 	 0.500000 	 303393.115270 	 0.115545 	 14446.658121 
6 	 22 	 14473.274246 	 14473.274246 	 0.500000 	 317839.773391 	 0.115545 	 14446.658121 
6 	 23 	 14473.274246 	 14473.274246 	 0.500000 	 332286.431513 	 0.115545 	 14446.658121 
6 	 24 	 14473.274246 	 14473.274246 	 0.500000 	 346733.089634 	 0.115545 	 14446.658121 
6 	 25 	 14473.274246 	 14473.274246 	 0.500000 	 361179.747755 	 0.115545 	 14446.658121 
6 	 26 	 14473.274246 	 14473.274246 	 0.500000 	 375626.405877 	 0.115545 	 14446.658121 
6 	 27 	 14473.274246 	 14473.274246 	 0.500000 	 390073.063998 	 0.115545 	 14446.658121 
6 	 28 	 14473.274246 	 14473.274246 	 0.500000 	 404519.722119 	 0.115545 	 14446.658121 
6 	 29 	 14473.274246 	 14473.274246 	 0.500000 	 418966.380241 	 0.115545 	 14446.658121 
6 	 30 	 14473.274246 	 14473.274246 	 0.500000 	 433413.038362 	 0.115545 	 14446.658121 
6 	 31 	 14473.274246 	 14473.274246 	 0.500000 	 447859.696484 	 0.115545 	 14446.658121 
6 	 32 	 14473.274246 	 14473.274246 	 0.500000 	 462306.354605 	 0.115545 	 14446.658121 
6 	 33 	 14473.274246 	 14473.274246 	 0.500000 	 476753.012726 	 0.115545 	 14446.658121 
6 	 34 	 14473.274246 	 14473.274246 	 0.500000 	 491199.670848 	 0.115545 	 14446.658121 
6 	 35 	 14473.274246 	 14473.274246 	 0.500000 	 505646.328969 	 0.115545 	 14446.658121 
6 	 36 	 14473.274246 	 14473.274246 	 0.500000 	 520092.987090 	 0.115545 	 14446.658121 
6 	 37 	 14473.274246 	 14473.274246 	 0.500000 	 534539.645212 	 0.115545 	 14446.658121 
6 	 38 	 14473.274246 	 14473.274246 	 0.500000 	 548986.303333 	 0.115545 	 14446.658121 
6 	 39 	 14473.274246 	 14473.274246 	 0.500000 	 563432.961454 	 0.115545 	 14446.658121 
6 	 40 	 14473.274246 	 14473.274246 	 0.500000 	 577879.619576 	 0.115545 	 14446.658121 
6 	 41 	 14473.274246 	 14473.274246 	 0.500000 	 592326.277697 	 0.115545 	 14446.658121 
6 	 42 	 14473.274246 	 14473.274246 	 0.500000 	 606772.935818 	 0.115545 	 14446.658121 
6 	 43 	 14473.274246 	 14473.274246 	 0.500000 	 621219.593940 	 0.115545 	 14446.658121 
6 	 44 	 14473.274246 	 14473.274246 	 0.500000 	 635666.252061 	 0.115545 	 14446.658121 
6 	 45 	 14473.274246 	 14473.274246 	 0.500000 	 650112.910182 	 0.115545 	 14446.658121 
6 	 46 	 14473.274246 	 14473.274246 	 0.500000 	 664559.568304 	 0.115545 	 14446.658121 
6 	 47 	 14473.274246 	 14473.274246 	 0.500000 	 679006.226425 	 0.115545 	 14446.658121 
6 	 48 	 14473.274246 	 14473.274246 	 0.500000 	 693452.884546 	 0.115545 	 14446.658121 
6 	 49 	 14473.274246 	 14473.274246 	 0.500000 	 707899.542668 	 0.115545 	 14446.658121 
6 	 50 	 14473.274246 	 14473.274246 	 0.500000 	 722346.200789 	 0.115545 	 14446.658121 
6 	 51 	 14473.274246 	 14473.274246 	 0.500000 	 736792.858910 	 0.115545 	 14446.658121 
6 	 52 	 14473.274246 	 14473.274246 	 0.500000 	 751239.517032 	 0.115545 	 14446.658121 
6 	 53 	 14473.274246 	 14473.274246 	 0.500000 	 765686.175153 	 0.115545 	 14446.658121 
6 	 54 	 14473.274246 	 14473.274246 	 0.500000 	 780132.833274 	 0.115545 	 14446.658121 
6 	 55 	 14473.274246 	 14473.274246 	 0.500000 	 794579.491396 	 0.115545 	 14446.658121 
6 	 56 	 14473.274246 	 14473.274246 	 0.500000 	 809026.149517 	 0.115545 	 14446.658121 
6 	 57 	 14473.274246 	 14473.274246 	 0.500000 	 823472.807638 	 0.115545 	 14446.658121 
6 	 58 	 14473.274246 	 14473.274246 	 0.500000 	 837919.465760 	 0.115545 	 14446.658121 
6 	 59 	 14473.274246 	 14473.274246 	 0.500000 	 852366.123881 	 0.115545 	 14446.658121 
6 	 60 	 14473.274246 	 14473.274246 	 0.500000 	 866812.782002 	 0.115545 	 14446.658121 
6 	 61 	 14473.274246 	 14473.274246 	 0.500000 	 881259.440124 	 0.115545 	 14446.658121 
6 	 62 	 14473.274246 	 14473.274246 	 0.500000 	 895706.098245 	 0.115545 	 14446.658121 
6 	 63 	 14473.274246 	 14473.274246 	 0.500000 	 910152.756366 	 0.115545 	 14446.658121 
6 	 64 	 14473.274246 	 14473.274246 	 0.500000 	 924599.414488 	 0.115545 	 14446.658121 
6 	 65 	 14473.274246 	 14473.274246 	 0.500000 	 939046.072609 	 0.115545 	 14446.658121 
6 	 66 	 14473.274246 	 14473.274246 	 0.500000 	 953492.730730 	 0.115545 	 14446.658121 
6 	 67 	 14473.274246 	 14473.274246 	 0.500000 	 967939.388852 	 0.115545 	 14446.658121 
6 	 68 	 14473.274246 	 14473.274246 	 0.500000 	 982386.046973 	 0.115545 	 14446.658121 
6 	 69 	 14473.274246 	 14473.274246 	 0.500000 	 996832.705094 	 0.115545 	 14446.658121 
6 	 70 	 14473.274246 	 14473.274246 	 0.500000 	 1011279.363216 	 0.115545 	 14446.658121 
6 	 71 	 14473.274246 	 14473.274246 	 0.500000 	 1025726.021337 	 0.115545 	 14446.658121 
6 	 72 	 14473.274246 	 14473.274246 	 0.500000 	 1040172.679459 	 0.115545 	 14446.658121 
6 	 73 	 14473.274246 	 14473.274246 	 0.500000 	 1054619.337580 	 0.115545 	 14446.658121 
6 	 74 	 14473.274246 	 14473.274246 	 0.500000 	 1069065.995701 	 0.115545 	 14446.658121 
6 	 75 	 14473.274246 	 14473.274246 	 0.500000 	 1083512.653823 	 0.115545 	 14446.658121 
6 	 76 	 14473.274246 	 14473.274246 	 0.500000 	 1097959.311944 	 0.115545 	 14446.658121 
6 	 77 	 14473.274246 	 14473.274246 	 0.500000 	 1112405.970065 	 0.115545 	 14446.658121 
6 	 78 	 14473.274246 	 14473.274246 	 0.500000 	 1126852.628187 	 0.115545 	 14446.658121 
6 	 79 	 14473.274246 	 14473.274246 	 0.500000 	 1141299.286308 	 0.115545 	 14446.658121 
6 	 80 	 14473.274246 	 14473.274246 	 0.500000 	 1155745.944429 	 0.115545 	 14446.658121 
6 	 81 	 14473.274246 	 14473.274246 	 0.500000 	 1170192.602551 	 0.115545 	 14446.658121 
6 	 82 	 14473.274246 	 14473.274246 	 0.500000 	 1184639.260672 	 0.115545 	 14446.658121 
6 	 83 	 14473.274246 	 14473.274246 	 0.500000 	 1199085.918793 	 0.115545 	 14446.658121 
6 	 84 	 14473.274246 	 14473.274246 	 0.500000 	 1213532.576915 	 0.115545 	 14446.658121 
6 	 85 	 14473.274246 	 14473.274246 	 0.500000 	 1227979.235036 	 0.115545 	 14446.658121 
6 	 86 	 14473.274246 	 14473.274246 	 0.500000 	 1242425.893157 	 0.115545 	 14446.658121 
6 	 87 	 14473.274246 	 14473.274246 	 0.500000 	 1256872.551279 	 0.115545 	 14446.658121 
6 	 88 	 14473.274246 	 14473.274246 	 0.500000 	 1271319.209400 	 0.115545 	 14446.658121 
6 	 89 	 14473.274246 	 14473.274246 	 0.500000 	 1285765.867521 	 0.115545 	 14446.658121 
6 	 90 	 14473.274246 	 14473.274246 	 0.500000 	 1300212.525643 	 0.115545 	 14446.658121 
6 	 91 	 14473.274246 	 14473.274246 	 0.500000 	 1314659.183764 	 0.115545 	 14446.658121 
6 	 92 	 14473.274246 	 14473.274246 	 0.500000 	 1329105.841885 	 0.115545 	 14446.658121 
6 	 93 	 14473.274246 	 14473.274246 	 0.500000 	 1343552.500007 	 0.115545 	 14446.658121 
6 	 94 	 14473.274246 	 14473.274246 	 0.500000 	 1357999.158128 	 0.115545 	 14446.658121 
6 	 95 	 14473.274246 	 14473.274246 	 0.500000 	 1372445.816249 	 0.115545 	 14446.658121 
6 	 96 	 14473.274246 	 14473.274246 	 0.500000 	 1386892.474371 	 0.115545 	 14446.658121 
6 	 97 	 14473.274246 	 14473.274246 	 0.500000 	 1401339.132492 	 0.115545 	 14446.658121 
6 	 98 	 14473.274246 	 14473.274246 	 0.500000 	 1415785.790613 	 0.115545 	 14446.658121 
6 	 99 	 14473.274246 	 14473.274246 	 0.500000 	 1430232.448735 	 0.115545 	 14446.658121 
6 	 100 	 14473.274246 	 14473.274246 	 0.500000 	 1444679.106856 	 0.115545 	 14446.658121 
6 	 101 	 14473.274246 	 14473.274246 	 0.500000 	 1459125.764977 	 0.115545 	 14446.658121 
6 	 102 	 14473.274246 	 14473.274246 	 0.500000 	 1473572.423099 	 0.115545 	 14446.658121 
