2 	 1 	 1177.759088 	 1177.759088 	 0.083333 	 1177.759088 	 0.055932 	 1177.759088 
2 	 2 	 1178.038228 	 1178.038228 	 0.083333 	 2355.797315 	 0.055946 	 1178.038228 
2 	 3 	 1178.038228 	 1178.038228 	 0.083333 	 3533.835543 	 0.055946 	 1178.038228 
2 	 4 	 1178.038228 	 1178.038228 	 0.083333 	 4711.873771 	 0.055946 	 1178.038228 
2 	 5 	 1178.038228 	 1178.038228 	 0.083333 	 5889.911999 	 0.055946 	 1178.038228 
2 	 6 	 1178.038228 	 1178.038228 	 0.083333 	 7067.950226 	 0.055946 	 1178.038228 
2 	 7 	 1178.038228 	 1178.038228 	 0.083333 	 8245.988454 	 0.055946 	 1178.038228 
2 	 8 	 1178.038228 	 1178.038228 	 0.083333 	 9424.026682 	 0.055946 	 1178.038228 
2 	 9 	 1178.038228 	 1178.038228 	 0.083333 	 10602.064910 	 0.055946 	 1178.038228 
2 	 10 	 1178.038228 	 1178.038228 	 0.083333 	 11780.103138 	 0.055946 	 1178.038228 
2 	 11 	 1178.038228 	 1178.038228 	 0.083333 	 12958.141365 	 0.055946 	 1178.038228 
2 	 12 	 1178.038228 	 1178.038228 	 0.083333 	 14136.179593 	 0.055946 	 1178.038228 
2 	 13 	 1178.038228 	 1178.038228 	 0.083333 	 15314.217821 	 0.055946 	 1178.038228 
2 	 14 	 1178.038228 	 1178.038228 	 0.083333 	 16492.256049 	 0.055946 	 1178.038228 
2 	 15 	 1178.038228 	 1178.038228 	 0.083333 	 17670.294276 	 0.055946 	 1178.038228 
2 	 16 	 1178.038228 	 1178.038228 	 0.083333 	 18848.332504 	 0.055946 	 1178.038228 
2 	 17 	 1178.038228 	 1178.038228 	 0.083333 	 20026.370732 	 0.055946 	 1178.038228 
2 	 18 	 1178.038228 	 1178.038228 	 0.083333 	 21204.408960 	 0.055946 	 1178.038228 
2 	 19 	 1178.038228 	 1178.038228 	 0.083333 	 22382.447187 	 0.055946 	 1178.038228 
2 	 20 	 1178.038228 	 1178.038228 	 0.083333 	 23560.485415 	 0.055946 	 1178.038228 
2 	 21 	 1178.038228 	 1178.038228 	 0.083333 	 24738.523643 	 0.055946 	 1178.038228 
2 	 22 	 1178.038228 	 1178.038228 	 0.083333 	 25916.561871 	 0.055946 	 1178.038228 
2 	 23 	 1178.038228 	 1178.038228 	 0.083333 	 27094.600099 	 0.055946 	 1178.038228 
2 	 24 	 1178.038228 	 1178.038228 	 0.083333 	 28272.638326 	 0.055946 	 1178.038228 
2 	 25 	 1178.038228 	 1178.038228 	 0.083333 	 29450.676554 	 0.055946 	 1178.038228 
2 	 26 	 1178.038228 	 1178.038228 	 0.083333 	 30628.714782 	 0.055946 	 1178.038228 
2 	 27 	 1178.038228 	 1178.038228 	 0.083333 	 31806.753010 	 0.055946 	 1178.038228 
2 	 28 	 1178.038228 	 1178.038228 	 0.083333 	 32984.791237 	 0.055946 	 1178.038228 
2 	 29 	 1178.038228 	 1178.038228 	 0.083333 	 34162.829465 	 0.055946 	 1178.038228 
2 	 30 	 1178.038228 	 1178.038228 	 0.083333 	 35340.867693 	 0.055946 	 1178.038228 
2 	 31 	 1178.038228 	 1178.038228 	 0.083333 	 36518.905921 	 0.055946 	 1178.038228 
2 	 32 	 1178.038228 	 1178.038228 	 0.083333 	 37696.944148 	 0.055946 	 1178.038228 
2 	 33 	 1178.038228 	 1178.038228 	 0.083333 	 38874.982376 	 0.055946 	 1178.038228 
2 	 34 	 1178.038228 	 1178.038228 	 0.083333 	 40053.020604 	 0.055946 	 1178.038228 
2 	 35 	 1178.038228 	 1178.038228 	 0.083333 	 41231.058832 	 0.055946 	 1178.038228 
2 	 36 	 1178.038228 	 1178.038228 	 0.083333 	 42409.097060 	 0.055946 	 1178.038228 
2 	 37 	 1178.038228 	 1178.038228 	 0.083333 	 43587.135287 	 0.055946 	 1178.038228 
2 	 38 	 1178.038228 	 1178.038228 	 0.083333 	 44765.173515 	 0.055946 	 1178.038228 
2 	 39 	 1178.038228 	 1178.038228 	 0.083333 	 45943.211743 	 0.055946 	 1178.038228 
2 	 40 	 1178.038228 	 1178.038228 	 0.083333 	 47121.249971 	 0.055946 	 1178.038228 
2 	 41 	 1178.038228 	 1178.038228 	 0.083333 	 48299.288198 	 0.055946 	 1178.038228 
2 	 42 	 1178.038228 	 1178.038228 	 0.083333 	 49477.326426 	 0.055946 	 1178.038228 
2 	 43 	 1178.038228 	 1178.038228 	 0.083333 	 50655.364654 	 0.055946 	 1178.038228 
2 	 44 	 1178.038228 	 1178.038228 	 0.083333 	 51833.402882 	 0.055946 	 1178.038228 
2 	 45 	 1178.038228 	 1178.038228 	 0.083333 	 53011.441110 	 0.055946 	 1178.038228 
2 	 46 	 1178.038228 	 1178.038228 	 0.083333 	 54189.479337 	 0.055946 	 1178.038228 
2 	 47 	 1178.038228 	 1178.038228 	 0.083333 	 55367.517565 	 0.055946 	 1178.038228 
2 	 48 	 1178.038228 	 1178.038228 	 0.083333 	 56545.555793 	 0.055946 	 1178.038228 
2 	 49 	 1178.038228 	 1178.038228 	 0.083333 	 57723.594021 	 0.055946 	 1178.038228 
2 	 50 	 1178.038228 	 1178.038228 	 0.083333 	 58901.632248 	 0.055946 	 1178.038228 
2 	 51 	 1178.038228 	 1178.038228 	 0.083333 	 60079.670476 	 0.055946 	 1178.038228 
2 	 52 	 1178.038228 	 1178.038228 	 0.083333 	 61257.708704 	 0.055946 	 1178.038228 
2 	 53 	 1178.038228 	 1178.038228 	 0.083333 	 62435.746932 	 0.055946 	 1178.038228 
2 	 54 	 1178.038228 	 1178.038228 	 0.083333 	 63613.785159 	 0.055946 	 1178.038228 
2 	 55 	 1178.038228 	 1178.038228 	 0.083333 	 64791.823387 	 0.055946 	 1178.038228 
2 	 56 	 1178.038228 	 1178.038228 	 0.083333 	 65969.861615 	 0.055946 	 1178.038228 
2 	 57 	 1178.038228 	 1178.038228 	 0.083333 	 67147.899843 	 0.055946 	 1178.038228 
2 	 58 	 1178.038228 	 1178.038228 	 0.083333 	 68325.938071 	 0.055946 	 1178.038228 
2 	 59 	 1178.038228 	 1178.038228 	 0.083333 	 69503.976298 	 0.055946 	 1178.038228 
2 	 60 	 1178.038228 	 1178.038228 	 0.083333 	 70682.014526 	 0.055946 	 1178.038228 
2 	 61 	 1178.038228 	 1178.038228 	 0.083333 	 71860.052754 	 0.055946 	 1178.038228 
2 	 62 	 1178.038228 	 1178.038228 	 0.083333 	 73038.090982 	 0.055946 	 1178.038228 
2 	 63 	 1178.038228 	 1178.038228 	 0.083333 	 74216.129209 	 0.055946 	 1178.038228 
2 	 64 	 1178.038228 	 1178.038228 	 0.083333 	 75394.167437 	 0.055946 	 1178.038228 
2 	 65 	 1178.038228 	 1178.038228 	 0.083333 	 76572.205665 	 0.055946 	 1178.038228 
2 	 66 	 1178.038228 	 1178.038228 	 0.083333 	 77750.243893 	 0.055946 	 1178.038228 
2 	 67 	 1178.038228 	 1178.038228 	 0.083333 	 78928.282121 	 0.055946 	 1178.038228 
2 	 68 	 1178.038228 	 1178.038228 	 0.083333 	 80106.320348 	 0.055946 	 1178.038228 
2 	 69 	 1178.038228 	 1178.038228 	 0.083333 	 81284.358576 	 0.055946 	 1178.038228 
2 	 70 	 1178.038228 	 1178.038228 	 0.083333 	 82462.396804 	 0.055946 	 1178.038228 
2 	 71 	 1178.038228 	 1178.038228 	 0.083333 	 83640.435032 	 0.055946 	 1178.038228 
2 	 72 	 1178.038228 	 1178.038228 	 0.083333 	 84818.473259 	 0.055946 	 1178.038228 
2 	 73 	 1178.038228 	 1178.038228 	 0.083333 	 85996.511487 	 0.055946 	 1178.038228 
2 	 74 	 1178.038228 	 1178.038228 	 0.083333 	 87174.549715 	 0.055946 	 1178.038228 
2 	 75 	 1178.038228 	 1178.038228 	 0.083333 	 88352.587943 	 0.055946 	 1178.038228 
2 	 76 	 1178.038228 	 1178.038228 	 0.083333 	 89530.626170 	 0.055946 	 1178.038228 
2 	 77 	 1178.038228 	 1178.038228 	 0.083333 	 90708.664398 	 0.055946 	 1178.038228 
2 	 78 	 1178.038228 	 1178.038228 	 0.083333 	 91886.702626 	 0.055946 	 1178.038228 
2 	 79 	 1178.038228 	 1178.038228 	 0.083333 	 93064.740854 	 0.055946 	 1178.038228 
2 	 80 	 1178.038228 	 1178.038228 	 0.083333 	 94242.779082 	 0.055946 	 1178.038228 
2 	 81 	 1178.038228 	 1178.038228 	 0.083333 	 95420.817309 	 0.055946 	 1178.038228 
2 	 82 	 1178.038228 	 1178.038228 	 0.083333 	 96598.855537 	 0.055946 	 1178.038228 
2 	 83 	 1178.038228 	 1178.038228 	 0.083333 	 97776.893765 	 0.055946 	 1178.038228 
2 	 84 	 1178.038228 	 1178.038228 	 0.083333 	 98954.931993 	 0.055946 	 1178.038228 
2 	 85 	 1178.038228 	 1178.038228 	 0.083333 	 100132.970220 	 0.055946 	 1178.038228 
2 	 86 	 1178.038228 	 1178.038228 	 0.083333 	 101311.008448 	 0.055946 	 1178.038228 
2 	 87 	 1178.038228 	 1178.038228 	 0.083333 	 102489.046676 	 0.055946 	 1178.038228 
2 	 88 	 1178.038228 	 1178.038228 	 0.083333 	 103667.084904 	 0.055946 	 1178.038228 
2 	 89 	 1178.038228 	 1178.038228 	 0.083333 	 104845.123132 	 0.055946 	 1178.038228 
2 	 90 	 1178.038228 	 1178.038228 	 0.083333 	 106023.161359 	 0.055946 	 1178.038228 
2 	 91 	 1178.038228 	 1178.038228 	 0.083333 	 107201.199587 	 0.055946 	 1178.038228 
2 	 92 	 1178.038228 	 1178.038228 	 0.083333 	 108379.237815 	 0.055946 	 1178.038228 
2 	 93 	 1178.038228 	 1178.038228 	 0.083333 	 109557.276043 	 0.055946 	 1178.038228 
2 	 94 	 1178.038228 	 1178.038228 	 0.083333 	 110735.314270 	 0.055946 	 1178.038228 
2 	 95 	 1178.038228 	 1178.038228 	 0.083333 	 111913.352498 	 0.055946 	 1178.038228 
2 	 96 	 1178.038228 	 1178.038228 	 0.083333 	 113091.390726 	 0.055946 	 1178.038228 
2 	 97 	 1178.038228 	 1178.038228 	 0.083333 	 114269.428954 	 0.055946 	 1178.038228 
2 	 98 	 1178.038228 	 1178.038228 	 0.083333 	 115447.467181 	 0.055946 	 1178.038228 
2 	 99 	 1178.038228 	 1178.038228 	 0.083333 	 116625.505409 	 0.055946 	 1178.038228 
2 	 100 	 1178.038228 	 1178.038228 	 0.083333 	 117803.543637 	 0.055946 	 1178.038228 
2 	 101 	 1178.038228 	 1178.038228 	 0.083333 	 118981.581865 	 0.055946 	 1178.038228 
2 	 102 	 1178.038228 	 1178.038228 	 0.083333 	 120159.620093 	 0.055946 	 1178.038228 
