7 	 1 	 14785.085894 	 14785.085894 	 0.153846 	 14785.085894 	 0.445670 	 14785.085894 
7 	 2 	 14785.085894 	 14785.085894 	 0.153846 	 29570.171788 	 0.445670 	 14785.085894 
7 	 3 	 14785.085894 	 14785.085894 	 0.153846 	 44355.257682 	 0.445670 	 14785.085894 
7 	 4 	 14785.085894 	 14785.085894 	 0.153846 	 59140.343576 	 0.445670 	 14785.085894 
7 	 5 	 14785.085894 	 14785.085894 	 0.153846 	 73925.429470 	 0.445670 	 14785.085894 
7 	 6 	 14785.085894 	 14785.085894 	 0.153846 	 88710.515364 	 0.445670 	 14785.085894 
7 	 7 	 14785.085894 	 14785.085894 	 0.153846 	 103495.601258 	 0.445670 	 14785.085894 
7 	 8 	 14785.085894 	 14785.085894 	 0.153846 	 118280.687152 	 0.445670 	 14785.085894 
7 	 9 	 14785.085894 	 14785.085894 	 0.153846 	 133065.773046 	 0.445670 	 14785.085894 
7 	 10 	 14785.085894 	 14785.085894 	 0.153846 	 147850.858940 	 0.445670 	 14785.085894 
7 	 11 	 14785.085894 	 14785.085894 	 0.153846 	 162635.944834 	 0.445670 	 14785.085894 
7 	 12 	 14785.085894 	 14785.085894 	 0.153846 	 177421.030728 	 0.445670 	 14785.085894 
7 	 13 	 14785.085894 	 14785.085894 	 0.153846 	 192206.116622 	 0.445670 	 14785.085894 
7 	 14 	 14785.085894 	 14785.085894 	 0.153846 	 206991.202516 	 0.445670 	 14785.085894 
7 	 15 	 14785.085894 	 14785.085894 	 0.153846 	 221776.288410 	 0.445670 	 14785.085894 
7 	 16 	 14785.085894 	 14785.085894 	 0.153846 	 236561.374304 	 0.445670 	 14785.085894 
7 	 17 	 14785.085894 	 14785.085894 	 0.153846 	 251346.460198 	 0.445670 	 14785.085894 
7 	 18 	 14785.085894 	 14785.085894 	 0.153846 	 266131.546092 	 0.445670 	 14785.085894 
7 	 19 	 14785.085894 	 14785.085894 	 0.153846 	 280916.631986 	 0.445670 	 14785.085894 
7 	 20 	 14785.085894 	 14785.085894 	 0.153846 	 295701.717881 	 0.445670 	 14785.085894 
7 	 21 	 14785.085894 	 14785.085894 	 0.153846 	 310486.803775 	 0.445670 	 14785.085894 
7 	 22 	 14785.085894 	 14785.085894 	 0.153846 	 325271.889669 	 0.445670 	 14785.085894 
7 	 23 	 14785.085894 	 14785.085894 	 0.153846 	 340056.975563 	 0.445670 	 14785.085894 
7 	 24 	 14785.085894 	 14785.085894 	 0.153846 	 354842.061457 	 0.445670 	 14785.085894 
7 	 25 	 14785.085894 	 14785.085894 	 0.153846 	 369627.147351 	 0.445670 	 14785.085894 
7 	 26 	 14785.085894 	 14785.085894 	 0.153846 	 384412.233245 	 0.445670 	 14785.085894 
7 	 27 	 14785.085894 	 14785.085894 	 0.153846 	 399197.319139 	 0.445670 	 14785.085894 
7 	 28 	 14785.085894 	 14785.085894 	 0.153846 	 413982.405033 	 0.445670 	 14785.085894 
7 	 29 	 14785.085894 	 14785.085894 	 0.153846 	 428767.490927 	 0.445670 	 14785.085894 
7 	 30 	 14785.085894 	 14785.085894 	 0.153846 	 443552.576821 	 0.445670 	 14785.085894 
7 	 31 	 14785.085894 	 14785.085894 	 0.153846 	 458337.662715 	 0.445670 	 14785.085894 
7 	 32 	 14785.085894 	 14785.085894 	 0.153846 	 473122.748609 	 0.445670 	 14785.085894 
7 	 33 	 14785.085894 	 14785.085894 	 0.153846 	 487907.834503 	 0.445670 	 14785.085894 
7 	 34 	 14785.085894 	 14785.085894 	 0.153846 	 502692.920397 	 0.445670 	 14785.085894 
7 	 35 	 14785.085894 	 14785.085894 	 0.153846 	 517478.006291 	 0.445670 	 14785.085894 
7 	 36 	 14785.085894 	 14785.085894 	 0.153846 	 532263.092185 	 0.445670 	 14785.085894 
7 	 37 	 14785.085894 	 14785.085894 	 0.153846 	 547048.178079 	 0.445670 	 14785.085894 
7 	 38 	 14785.085894 	 14785.085894 	 0.153846 	 561833.263973 	 0.445670 	 14785.085894 
7 	 39 	 14785.085894 	 14785.085894 	 0.153846 	 576618.349867 	 0.445670 	 14785.085894 
7 	 40 	 14785.085894 	 14785.085894 	 0.153846 	 591403.435761 	 0.445670 	 14785.085894 
7 	 41 	 14785.085894 	 14785.085894 	 0.153846 	 606188.521655 	 0.445670 	 14785.085894 
7 	 42 	 14785.085894 	 14785.085894 	 0.153846 	 620973.607549 	 0.445670 	 14785.085894 
7 	 43 	 14785.085894 	 14785.085894 	 0.153846 	 635758.693443 	 0.445670 	 14785.085894 
7 	 44 	 14785.085894 	 14785.085894 	 0.153846 	 650543.779337 	 0.445670 	 14785.085894 
7 	 45 	 14785.085894 	 14785.085894 	 0.153846 	 665328.865231 	 0.445670 	 14785.085894 
7 	 46 	 14785.085894 	 14785.085894 	 0.153846 	 680113.951125 	 0.445670 	 14785.085894 
7 	 47 	 14785.085894 	 14785.085894 	 0.153846 	 694899.037019 	 0.445670 	 14785.085894 
7 	 48 	 14785.085894 	 14785.085894 	 0.153846 	 709684.122913 	 0.445670 	 14785.085894 
7 	 49 	 14785.085894 	 14785.085894 	 0.153846 	 724469.208807 	 0.445670 	 14785.085894 
7 	 50 	 14785.085894 	 14785.085894 	 0.153846 	 739254.294701 	 0.445670 	 14785.085894 
7 	 51 	 14785.085894 	 14785.085894 	 0.153846 	 754039.380595 	 0.445670 	 14785.085894 
7 	 52 	 14785.085894 	 14785.085894 	 0.153846 	 768824.466489 	 0.445670 	 14785.085894 
7 	 53 	 14785.085894 	 14785.085894 	 0.153846 	 783609.552383 	 0.445670 	 14785.085894 
7 	 54 	 14785.085894 	 14785.085894 	 0.153846 	 798394.638277 	 0.445670 	 14785.085894 
7 	 55 	 14785.085894 	 14785.085894 	 0.153846 	 813179.724171 	 0.445670 	 14785.085894 
7 	 56 	 14785.085894 	 14785.085894 	 0.153846 	 827964.810065 	 0.445670 	 14785.085894 
7 	 57 	 14785.085894 	 14785.085894 	 0.153846 	 842749.895959 	 0.445670 	 14785.085894 
7 	 58 	 14785.085894 	 14785.085894 	 0.153846 	 857534.981853 	 0.445670 	 14785.085894 
7 	 59 	 14785.085894 	 14785.085894 	 0.153846 	 872320.067748 	 0.445670 	 14785.085894 
7 	 60 	 14785.085894 	 14785.085894 	 0.153846 	 887105.153642 	 0.445670 	 14785.085894 
7 	 61 	 14785.085894 	 14785.085894 	 0.153846 	 901890.239536 	 0.445670 	 14785.085894 
7 	 62 	 14785.085894 	 14785.085894 	 0.153846 	 916675.325430 	 0.445670 	 14785.085894 
7 	 63 	 14785.085894 	 14785.085894 	 0.153846 	 931460.411324 	 0.445670 	 14785.085894 
7 	 64 	 14785.085894 	 14785.085894 	 0.153846 	 946245.497218 	 0.445670 	 14785.085894 
7 	 65 	 14785.085894 	 14785.085894 	 0.153846 	 961030.583112 	 0.445670 	 14785.085894 
7 	 66 	 14785.085894 	 14785.085894 	 0.153846 	 975815.669006 	 0.445670 	 14785.085894 
7 	 67 	 14785.085894 	 14785.085894 	 0.153846 	 990600.754900 	 0.445670 	 14785.085894 
7 	 68 	 14785.085894 	 14785.085894 	 0.153846 	 1005385.840794 	 0.445670 	 14785.085894 
7 	 69 	 14785.085894 	 14785.085894 	 0.153846 	 1020170.926688 	 0.445670 	 14785.085894 
7 	 70 	 14785.085894 	 14785.085894 	 0.153846 	 1034956.012582 	 0.445670 	 14785.085894 
7 	 71 	 14785.085894 	 14785.085894 	 0.153846 	 1049741.098476 	 0.445670 	 14785.085894 
7 	 72 	 14785.085894 	 14785.085894 	 0.153846 	 1064526.184370 	 0.445670 	 14785.085894 
7 	 73 	 14785.085894 	 14785.085894 	 0.153846 	 1079311.270264 	 0.445670 	 14785.085894 
7 	 74 	 14785.085894 	 14785.085894 	 0.153846 	 1094096.356158 	 0.445670 	 14785.085894 
7 	 75 	 14785.085894 	 14785.085894 	 0.153846 	 1108881.442052 	 0.445670 	 14785.085894 
7 	 76 	 14785.085894 	 14785.085894 	 0.153846 	 1123666.527946 	 0.445670 	 14785.085894 
7 	 77 	 14785.085894 	 14785.085894 	 0.153846 	 1138451.613840 	 0.445670 	 14785.085894 
7 	 78 	 14785.085894 	 14785.085894 	 0.153846 	 1153236.699734 	 0.445670 	 14785.085894 
7 	 79 	 14785.085894 	 14785.085894 	 0.153846 	 1168021.785628 	 0.445670 	 14785.085894 
7 	 80 	 14785.085894 	 14785.085894 	 0.153846 	 1182806.871522 	 0.445670 	 14785.085894 
7 	 81 	 14785.085894 	 14785.085894 	 0.153846 	 1197591.957416 	 0.445670 	 14785.085894 
7 	 82 	 14785.085894 	 14785.085894 	 0.153846 	 1212377.043310 	 0.445670 	 14785.085894 
7 	 83 	 14785.085894 	 14785.085894 	 0.153846 	 1227162.129204 	 0.445670 	 14785.085894 
7 	 84 	 14785.085894 	 14785.085894 	 0.153846 	 1241947.215098 	 0.445670 	 14785.085894 
7 	 85 	 14785.085894 	 14785.085894 	 0.153846 	 1256732.300992 	 0.445670 	 14785.085894 
7 	 86 	 14785.085894 	 14785.085894 	 0.153846 	 1271517.386886 	 0.445670 	 14785.085894 
7 	 87 	 14785.085894 	 14785.085894 	 0.153846 	 1286302.472780 	 0.445670 	 14785.085894 
7 	 88 	 14785.085894 	 14785.085894 	 0.153846 	 1301087.558674 	 0.445670 	 14785.085894 
7 	 89 	 14785.085894 	 14785.085894 	 0.153846 	 1315872.644568 	 0.445670 	 14785.085894 
7 	 90 	 14785.085894 	 14785.085894 	 0.153846 	 1330657.730462 	 0.445670 	 14785.085894 
7 	 91 	 14785.085894 	 14785.085894 	 0.153846 	 1345442.816356 	 0.445670 	 14785.085894 
7 	 92 	 14785.085894 	 14785.085894 	 0.153846 	 1360227.902250 	 0.445670 	 14785.085894 
7 	 93 	 14785.085894 	 14785.085894 	 0.153846 	 1375012.988144 	 0.445670 	 14785.085894 
7 	 94 	 14785.085894 	 14785.085894 	 0.153846 	 1389798.074038 	 0.445670 	 14785.085894 
7 	 95 	 14785.085894 	 14785.085894 	 0.153846 	 1404583.159932 	 0.445670 	 14785.085894 
7 	 96 	 14785.085894 	 14785.085894 	 0.153846 	 1419368.245826 	 0.445670 	 14785.085894 
7 	 97 	 14785.085894 	 14785.085894 	 0.153846 	 1434153.331720 	 0.445670 	 14785.085894 
7 	 98 	 14785.085894 	 14785.085894 	 0.153846 	 1448938.417615 	 0.445670 	 14785.085894 
7 	 99 	 14785.085894 	 14785.085894 	 0.153846 	 1463723.503509 	 0.445670 	 14785.085894 
7 	 100 	 14785.085894 	 14785.085894 	 0.153846 	 1478508.589403 	 0.445670 	 14785.085894 
7 	 101 	 14785.085894 	 14785.085894 	 0.153846 	 1493293.675297 	 0.445670 	 14785.085894 
7 	 102 	 14785.085894 	 14785.085894 	 0.153846 	 1508078.761191 	 0.445670 	 14785.085894 
