102 	 2 	 1  	 1178.04 	  	 0 	 	 0 	 	 0 
102 	 2 	 2  	 1178.04 	  	 1177.76 	 	 0 	 	 0 
102 	 2 	 3  	 1178.04 	  	 1177.76 	 	 1177.76 	 	 0 
102 	 2 	 4  	 1178.04 	  	 1177.76 	 	 1177.76 	 	 0 
102 	 2 	 5  	 1178.04 	  	 1177.76 	 	 1177.76 	 	 0 
102 	 2 	 6  	 1178.04 	  	 1177.76 	 	 1177.76 	 	 0 
102 	 2 	 7  	 1178.04 	  	 1177.76 	 	 1177.76 	 	 0 
102 	 2 	 8  	 1178.04 	  	 1177.76 	 	 1177.76 	 	 0 
102 	 2 	 9  	 1178.04 	  	 1178.04 	 	 1177.76 	 	 0 
102 	 2 	 10  	 1178.04 	  	 1178.04 	 	 1178.04 	 	 0 
102 	 2 	 11  	 1178.04 	  	 1178.04 	 	 1178.04 	 	 0 
102 	 2 	 12  	 1178.04 	  	 1178.04 	 	 1178.04 	 	 0 
102 	 2 	 13  	 1178.04 	  	 1178.04 	 	 1178.04 	 	 0 
102 	 2 	 14  	 1178.04 	  	 1178.04 	 	 1178.04 	 	 0 
102 	 2 	 15  	 1178.04 	  	 1178.04 	 	 1178.04 	 	 0 
102 	 2 	 16  	 1178.04 	  	 1178.04 	 	 1178.04 	 	 0 
102 	 2 	 17  	 1178.04 	  	 1178.04 	 	 1178.04 	 	 0 
102 	 2 	 18  	 1178.04 	  	 1178.04 	 	 1178.04 	 	 0 
102 	 2 	 19  	 1178.04 	  	 1178.04 	 	 1178.04 	 	 0 
102 	 2 	 20  	 1178.04 	  	 1178.04 	 	 1178.04 	 	 0 
102 	 2 	 21  	 1178.04 	  	 1178.04 	 	 1178.04 	 	 0 
102 	 2 	 22  	 1178.04 	  	 1178.04 	 	 1178.04 	 	 0 
102 	 2 	 23  	 1178.04 	  	 1178.04 	 	 1178.04 	 	 0 
102 	 2 	 24  	 1178.04 	  	 1178.04 	 	 1178.04 	 	 0 
102 	 2 	 25  	 1178.04 	  	 1178.04 	 	 1178.04 	 	 0 
102 	 2 	 26  	 1178.04 	  	 1178.04 	 	 1178.04 	 	 0 
102 	 2 	 27  	 1178.04 	  	 1178.04 	 	 1178.04 	 	 0 
102 	 2 	 28  	 1178.04 	  	 1178.04 	 	 1178.04 	 	 0 
102 	 2 	 29  	 1178.04 	  	 1178.04 	 	 1178.04 	 	 0 
102 	 2 	 30  	 1178.04 	  	 1178.04 	 	 1178.04 	 	 0 
102 	 2 	 31  	 1178.04 	  	 1178.04 	 	 1178.04 	 	 0 
102 	 2 	 32  	 1178.04 	  	 1178.04 	 	 1178.04 	 	 0 
102 	 2 	 33  	 1178.04 	  	 1178.04 	 	 1178.04 	 	 0 
102 	 2 	 34  	 1178.04 	  	 1178.04 	 	 1178.04 	 	 0 
102 	 2 	 35  	 1178.04 	  	 1178.04 	 	 1178.04 	 	 0 
102 	 2 	 36  	 1178.04 	  	 1178.04 	 	 1178.04 	 	 0 
102 	 2 	 37  	 1178.04 	  	 1178.04 	 	 1178.04 	 	 0 
102 	 2 	 38  	 1178.04 	  	 1178.04 	 	 1178.04 	 	 0 
102 	 2 	 39  	 1178.04 	  	 1178.04 	 	 1178.04 	 	 0 
102 	 2 	 40  	 1178.04 	  	 1178.04 	 	 1178.04 	 	 0 
102 	 2 	 41  	 1178.04 	  	 1178.04 	 	 1178.04 	 	 0 
102 	 2 	 42  	 1178.04 	  	 1178.04 	 	 1178.04 	 	 0 
102 	 2 	 43  	 1178.04 	  	 1178.04 	 	 1178.04 	 	 0 
102 	 2 	 44  	 1178.04 	  	 1178.04 	 	 1178.04 	 	 0 
102 	 2 	 45  	 1178.04 	  	 1178.04 	 	 1178.04 	 	 0 
102 	 2 	 46  	 1178.04 	  	 1178.04 	 	 1178.04 	 	 0 
102 	 2 	 47  	 1178.04 	  	 1178.04 	 	 1178.04 	 	 0 
102 	 2 	 48  	 1178.04 	  	 1178.04 	 	 1178.04 	 	 0 
102 	 2 	 49  	 1178.04 	  	 1178.04 	 	 1178.04 	 	 0 
102 	 2 	 50  	 1178.04 	  	 1178.04 	 	 1178.04 	 	 0 
102 	 2 	 51  	 1178.04 	  	 1178.04 	 	 1178.04 	 	 0 
102 	 2 	 52  	 1178.04 	  	 1178.04 	 	 1178.04 	 	 0 
102 	 2 	 53  	 1178.04 	  	 1178.04 	 	 1178.04 	 	 0 
102 	 2 	 54  	 1178.04 	  	 1178.04 	 	 1178.04 	 	 0 
102 	 2 	 55  	 1178.04 	  	 1178.04 	 	 1178.04 	 	 0 
102 	 2 	 56  	 1178.04 	  	 1178.04 	 	 1178.04 	 	 0 
102 	 2 	 57  	 1178.04 	  	 1178.04 	 	 1178.04 	 	 0 
102 	 2 	 58  	 1178.04 	  	 1178.04 	 	 1178.04 	 	 0 
102 	 2 	 59  	 1178.04 	  	 1178.04 	 	 1178.04 	 	 0 
102 	 2 	 60  	 1178.04 	  	 1178.04 	 	 1178.04 	 	 0 
102 	 2 	 61  	 1178.04 	  	 1178.04 	 	 1178.04 	 	 0 
102 	 2 	 62  	 1178.04 	  	 1178.04 	 	 1178.04 	 	 0 
102 	 2 	 63  	 1178.04 	  	 1178.04 	 	 1178.04 	 	 0 
102 	 2 	 64  	 1178.04 	  	 1178.04 	 	 1178.04 	 	 0 
102 	 2 	 65  	 1178.04 	  	 1178.04 	 	 1178.04 	 	 0 
102 	 2 	 66  	 1178.04 	  	 1178.04 	 	 1178.04 	 	 0 
102 	 2 	 67  	 1178.04 	  	 1178.04 	 	 1178.04 	 	 0 
102 	 2 	 68  	 1178.04 	  	 1178.04 	 	 1178.04 	 	 0 
102 	 2 	 69  	 1178.04 	  	 1178.04 	 	 1178.04 	 	 0 
102 	 2 	 70  	 1178.04 	  	 1178.04 	 	 1178.04 	 	 0 
102 	 2 	 71  	 1178.04 	  	 1178.04 	 	 1178.04 	 	 0 
102 	 2 	 72  	 1178.04 	  	 1178.04 	 	 1178.04 	 	 0 
102 	 2 	 73  	 1178.04 	  	 1178.04 	 	 1178.04 	 	 0 
102 	 2 	 74  	 1178.04 	  	 1178.04 	 	 1178.04 	 	 0 
102 	 2 	 75  	 1178.04 	  	 1178.04 	 	 1178.04 	 	 0 
102 	 2 	 76  	 1178.04 	  	 1178.04 	 	 1178.04 	 	 0 
102 	 2 	 77  	 1178.04 	  	 1178.04 	 	 1178.04 	 	 0 
102 	 2 	 78  	 1178.04 	  	 1178.04 	 	 1178.04 	 	 0 
102 	 2 	 79  	 1178.04 	  	 1178.04 	 	 1178.04 	 	 0 
102 	 2 	 80  	 1178.04 	  	 1178.04 	 	 1178.04 	 	 0 
102 	 2 	 81  	 1178.04 	  	 1178.04 	 	 1178.04 	 	 0 
102 	 2 	 82  	 1178.04 	  	 1178.04 	 	 1178.04 	 	 0 
102 	 2 	 83  	 1178.04 	  	 1178.04 	 	 1178.04 	 	 0 
102 	 2 	 84  	 1178.04 	  	 1178.04 	 	 1178.04 	 	 0 
102 	 2 	 85  	 1178.04 	  	 1178.04 	 	 1178.04 	 	 0 
102 	 2 	 86  	 1178.04 	  	 1178.04 	 	 1178.04 	 	 0 
102 	 2 	 87  	 1178.04 	  	 1178.04 	 	 1178.04 	 	 0 
102 	 2 	 88  	 1178.04 	  	 1178.04 	 	 1178.04 	 	 0 
102 	 2 	 89  	 1178.04 	  	 1178.04 	 	 1178.04 	 	 0 
102 	 2 	 90  	 1178.04 	  	 1178.04 	 	 1178.04 	 	 0 
102 	 2 	 91  	 1178.04 	  	 1178.04 	 	 1178.04 	 	 0 
102 	 2 	 92  	 1178.04 	  	 1178.04 	 	 1178.04 	 	 0 
102 	 2 	 93  	 1178.04 	  	 1178.04 	 	 1178.04 	 	 0 
102 	 2 	 94  	 1178.04 	  	 1178.04 	 	 1178.04 	 	 0 
102 	 2 	 95  	 1178.04 	  	 1178.04 	 	 1178.04 	 	 0 
102 	 2 	 96  	 1178.04 	  	 1178.04 	 	 1178.04 	 	 0 
102 	 2 	 97  	 1178.04 	  	 1178.04 	 	 1178.04 	 	 0 
102 	 2 	 98  	 1178.04 	  	 1178.04 	 	 1178.04 	 	 0 
102 	 2 	 99  	 1178.04 	  	 1178.04 	 	 1178.04 	 	 0 
102 	 2 	 100  	 1178.04 	  	 1178.04 	 	 1178.04 	 	 0 
102 	 2 	 101  	 1178.04 	  	 1178.04 	 	 1178.04 	 	 0 
102 	 2 	 102  	 1178.04 	  	 1178.04 	 	 1178.04 	 	 0 
102 	 2 	 103  	 1178.04 	  	 1178.04 	 	 1178.04 	 	 0 
102 	 2 	 104  	 1178.04 	  	 1178.04 	 	 1178.04 	 	 0 
102 	 2 	 105  	 1178.04 	  	 1178.04 	 	 1178.04 	 	 0 
102 	 2 	 106  	 1178.04 	  	 1178.04 	 	 1178.04 	 	 0 
102 	 2 	 107  	 1178.04 	  	 1178.04 	 	 1178.04 	 	 0 
102 	 2 	 108  	 1178.04 	  	 1178.04 	 	 1178.04 	 	 0 
102 	 2 	 109  	 1178.04 	  	 1178.04 	 	 1178.04 	 	 0 
102 	 2 	 110  	 1178.04 	  	 1178.04 	 	 1178.04 	 	 0 
102 	 2 	 111  	 1178.04 	  	 1178.04 	 	 1178.04 	 	 0 
102 	 2 	 112  	 1178.04 	  	 1178.04 	 	 1178.04 	 	 0 
102 	 2 	 113  	 1178.04 	  	 1178.04 	 	 1178.04 	 	 0 
102 	 2 	 114  	 1178.04 	  	 1178.04 	 	 1178.04 	 	 0 
102 	 2 	 115  	 1178.04 	  	 1178.04 	 	 1178.04 	 	 0 
102 	 2 	 116  	 1178.04 	  	 1178.04 	 	 1178.04 	 	 0 
102 	 2 	 117  	 1178.04 	  	 1178.04 	 	 1178.04 	 	 0 
102 	 2 	 118  	 1178.04 	  	 1178.04 	 	 1178.04 	 	 0 
102 	 2 	 119  	 1178.04 	  	 1178.04 	 	 1178.04 	 	 0 
102 	 2 	 120  	 1178.04 	  	 1178.04 	 	 1178.04 	 	 0 
102 	 2 	 121  	 1178.04 	  	 1178.04 	 	 1178.04 	 	 0 
102 	 2 	 122  	 1178.04 	  	 1178.04 	 	 1178.04 	 	 0 
102 	 2 	 123  	 1178.04 	  	 1178.04 	 	 1178.04 	 	 0 
102 	 2 	 124  	 1178.04 	  	 1178.04 	 	 1178.04 	 	 0 
102 	 2 	 125  	 1178.04 	  	 1178.04 	 	 1178.04 	 	 0 
102 	 2 	 126  	 1178.04 	  	 1178.04 	 	 1178.04 	 	 0 
102 	 2 	 127  	 1178.04 	  	 1178.04 	 	 1178.04 	 	 0 
102 	 2 	 128  	 1178.04 	  	 1178.04 	 	 1178.04 	 	 0 
102 	 2 	 129  	 1178.04 	  	 1178.04 	 	 1178.04 	 	 0 
102 	 2 	 130  	 1178.04 	  	 1178.04 	 	 1178.04 	 	 0 
102 	 2 	 131  	 1178.04 	  	 1178.04 	 	 1178.04 	 	 0 
102 	 2 	 132  	 1178.04 	  	 1178.04 	 	 1178.04 	 	 0 
102 	 2 	 133  	 1178.04 	  	 1178.04 	 	 1178.04 	 	 0 
102 	 2 	 134  	 1178.04 	  	 1178.04 	 	 1178.04 	 	 0 
102 	 2 	 135  	 1178.04 	  	 1178.04 	 	 1178.04 	 	 0 
102 	 2 	 136  	 1178.04 	  	 1178.04 	 	 1178.04 	 	 0 
102 	 2 	 137  	 1178.04 	  	 1178.04 	 	 1178.04 	 	 0 
102 	 2 	 138  	 1178.04 	  	 1178.04 	 	 1178.04 	 	 0 
102 	 2 	 139  	 1178.04 	  	 1178.04 	 	 1178.04 	 	 0 
102 	 2 	 140  	 1178.04 	  	 1178.04 	 	 1178.04 	 	 0 
102 	 2 	 141  	 1178.04 	  	 1178.04 	 	 1178.04 	 	 0 
102 	 2 	 142  	 1178.04 	  	 1178.04 	 	 1178.04 	 	 0 
102 	 2 	 143  	 1178.04 	  	 1178.04 	 	 1178.04 	 	 0 
102 	 2 	 144  	 1178.04 	  	 1178.04 	 	 1178.04 	 	 0 
102 	 2 	 145  	 1178.04 	  	 1178.04 	 	 1178.04 	 	 0 
102 	 2 	 146  	 1178.04 	  	 1178.04 	 	 1178.04 	 	 0 
102 	 2 	 147  	 1178.04 	  	 1178.04 	 	 1178.04 	 	 0 
102 	 2 	 148  	 1178.04 	  	 1178.04 	 	 1178.04 	 	 0 
102 	 2 	 149  	 1178.04 	  	 1178.04 	 	 1178.04 	 	 0 
102 	 2 	 150  	 1178.04 	  	 1178.04 	 	 1178.04 	 	 0 
102 	 2 	 151  	 1178.04 	  	 1178.04 	 	 1178.04 	 	 0 
102 	 2 	 152  	 1178.04 	  	 1178.04 	 	 1178.04 	 	 0 
102 	 2 	 153  	 1178.04 	  	 1178.04 	 	 1178.04 	 	 0 
102 	 2 	 154  	 1178.04 	  	 1178.04 	 	 1178.04 	 	 0 
102 	 2 	 155  	 1178.04 	  	 1178.04 	 	 1178.04 	 	 0 
102 	 2 	 156  	 1178.04 	  	 1178.04 	 	 1178.04 	 	 0 
102 	 2 	 157  	 1178.04 	  	 1178.04 	 	 1178.04 	 	 0 
102 	 2 	 158  	 1178.04 	  	 1178.04 	 	 1178.04 	 	 0 
102 	 2 	 159  	 1178.04 	  	 1178.04 	 	 1178.04 	 	 0 
102 	 2 	 160  	 1178.04 	  	 1178.04 	 	 1178.04 	 	 0 
102 	 2 	 161  	 1178.04 	  	 1178.04 	 	 1178.04 	 	 0 
102 	 2 	 162  	 1178.04 	  	 1178.04 	 	 1178.04 	 	 0 
102 	 2 	 163  	 1178.04 	  	 1178.04 	 	 1178.04 	 	 0 
102 	 2 	 164  	 1178.04 	  	 1178.04 	 	 1178.04 	 	 0 
102 	 2 	 165  	 1178.04 	  	 1178.04 	 	 1178.04 	 	 0 
102 	 2 	 166  	 1178.04 	  	 1178.04 	 	 1178.04 	 	 0 
102 	 2 	 167  	 1178.04 	  	 1178.04 	 	 1178.04 	 	 0 
102 	 2 	 168  	 1178.04 	  	 1178.04 	 	 1178.04 	 	 0 
102 	 2 	 169  	 1178.04 	  	 1178.04 	 	 1178.04 	 	 0 
102 	 2 	 170  	 1178.04 	  	 1178.04 	 	 1178.04 	 	 0 
102 	 2 	 171  	 1178.04 	  	 1178.04 	 	 1178.04 	 	 0 
102 	 2 	 172  	 1178.04 	  	 1178.04 	 	 1178.04 	 	 0 
102 	 2 	 173  	 1178.04 	  	 1178.04 	 	 1178.04 	 	 0 
102 	 2 	 174  	 1178.04 	  	 1178.04 	 	 1178.04 	 	 0 
102 	 2 	 175  	 1178.04 	  	 1178.04 	 	 1178.04 	 	 0 
102 	 2 	 176  	 1178.04 	  	 1178.04 	 	 1178.04 	 	 0 
102 	 2 	 177  	 1178.04 	  	 1178.04 	 	 1178.04 	 	 0 
102 	 2 	 178  	 1178.04 	  	 1178.04 	 	 1178.04 	 	 0 
102 	 2 	 179  	 1178.04 	  	 1178.04 	 	 1178.04 	 	 0 
102 	 2 	 180  	 1178.04 	  	 1178.04 	 	 1178.04 	 	 0 
102 	 2 	 181  	 1178.04 	  	 1178.04 	 	 1178.04 	 	 0 
102 	 2 	 182  	 1178.04 	  	 1178.04 	 	 1178.04 	 	 0 
102 	 2 	 183  	 1178.04 	  	 1178.04 	 	 1178.04 	 	 0 
102 	 2 	 184  	 1178.04 	  	 1178.04 	 	 1178.04 	 	 0 
102 	 2 	 185  	 1178.04 	  	 1178.04 	 	 1178.04 	 	 0 
102 	 2 	 186  	 1178.04 	  	 1178.04 	 	 1178.04 	 	 0 
102 	 2 	 187  	 1178.04 	  	 1178.04 	 	 1178.04 	 	 0 
102 	 2 	 188  	 1178.04 	  	 1178.04 	 	 1178.04 	 	 0 
102 	 2 	 189  	 1178.04 	  	 1178.04 	 	 1178.04 	 	 0 
102 	 2 	 190  	 1178.04 	  	 1178.04 	 	 1178.04 	 	 0 
102 	 2 	 191  	 1178.04 	  	 1178.04 	 	 1178.04 	 	 0 
102 	 2 	 192  	 1178.04 	  	 1178.04 	 	 1178.04 	 	 0 
102 	 2 	 193  	 1178.04 	  	 1178.04 	 	 1178.04 	 	 0 
102 	 2 	 194  	 1178.04 	  	 1178.04 	 	 1178.04 	 	 0 
102 	 2 	 195  	 1178.04 	  	 1178.04 	 	 1178.04 	 	 0 
102 	 2 	 196  	 1178.04 	  	 1178.04 	 	 1178.04 	 	 0 
102 	 2 	 197  	 1178.04 	  	 1178.04 	 	 1178.04 	 	 0 
102 	 2 	 198  	 1178.04 	  	 1178.04 	 	 1178.04 	 	 0 
102 	 2 	 199  	 1178.04 	  	 1178.04 	 	 1178.04 	 	 0 
102 	 2 	 200  	 1178.04 	  	 1178.04 	 	 1178.04 	 	 0 
102 	 2 	 201  	 1178.04 	  	 1178.04 	 	 1178.04 	 	 0 
102 	 2 	 202  	 1178.04 	  	 1178.04 	 	 1178.04 	 	 0 
102 	 2 	 203  	 1178.04 	  	 1178.04 	 	 1178.04 	 	 0 
102 	 2 	 204  	 1178.04 	  	 1178.04 	 	 1178.04 	 	 0 
102 	 2 	 205  	 1178.04 	  	 1178.04 	 	 1178.04 	 	 0 
102 	 2 	 206  	 1178.04 	  	 1178.04 	 	 1178.04 	 	 0 
102 	 2 	 207  	 1178.04 	  	 1178.04 	 	 1178.04 	 	 0 
102 	 2 	 208  	 1178.04 	  	 1178.04 	 	 1178.04 	 	 0 
102 	 2 	 209  	 1178.04 	  	 1178.04 	 	 1178.04 	 	 0 
102 	 2 	 210  	 1178.04 	  	 1178.04 	 	 1178.04 	 	 0 
102 	 2 	 211  	 1178.04 	  	 1178.04 	 	 1178.04 	 	 0 
102 	 2 	 212  	 1178.04 	  	 1178.04 	 	 1178.04 	 	 0 
102 	 2 	 213  	 1178.04 	  	 1178.04 	 	 1178.04 	 	 0 
102 	 2 	 214  	 1178.04 	  	 1178.04 	 	 1178.04 	 	 0 
102 	 2 	 215  	 1178.04 	  	 1178.04 	 	 1178.04 	 	 0 
102 	 2 	 216  	 1178.04 	  	 1178.04 	 	 1178.04 	 	 0 
102 	 2 	 217  	 1178.04 	  	 1178.04 	 	 1178.04 	 	 0 
102 	 2 	 218  	 1178.04 	  	 1178.04 	 	 1178.04 	 	 0 
102 	 2 	 219  	 1178.04 	  	 1178.04 	 	 1178.04 	 	 0 
102 	 2 	 220  	 1178.04 	  	 1178.04 	 	 1178.04 	 	 0 
102 	 2 	 221  	 1178.04 	  	 1178.04 	 	 1178.04 	 	 0 
102 	 2 	 222  	 1178.04 	  	 1178.04 	 	 1178.04 	 	 0 
102 	 2 	 223  	 1178.04 	  	 1178.04 	 	 1178.04 	 	 0 
102 	 2 	 224  	 1178.04 	  	 1178.04 	 	 1178.04 	 	 0 
102 	 2 	 225  	 1178.04 	  	 1178.04 	 	 1178.04 	 	 0 
102 	 2 	 226  	 1178.04 	  	 1178.04 	 	 1178.04 	 	 0 
102 	 2 	 227  	 1178.04 	  	 1178.04 	 	 1178.04 	 	 0 
102 	 2 	 228  	 1178.04 	  	 1178.04 	 	 1178.04 	 	 0 
102 	 2 	 229  	 1178.04 	  	 1178.04 	 	 1178.04 	 	 0 
102 	 2 	 230  	 1178.04 	  	 1178.04 	 	 1178.04 	 	 0 
102 	 2 	 231  	 1178.04 	  	 1178.04 	 	 1178.04 	 	 0 
102 	 2 	 232  	 1178.04 	  	 1178.04 	 	 1178.04 	 	 0 
102 	 2 	 233  	 1178.04 	  	 1178.04 	 	 1178.04 	 	 0 
102 	 2 	 234  	 1178.04 	  	 1178.04 	 	 1178.04 	 	 0 
102 	 2 	 235  	 1178.04 	  	 1178.04 	 	 1178.04 	 	 0 
102 	 2 	 236  	 1178.04 	  	 1178.04 	 	 1178.04 	 	 0 
102 	 2 	 237  	 1178.04 	  	 1178.04 	 	 1178.04 	 	 0 
102 	 2 	 238  	 1178.04 	  	 1178.04 	 	 1178.04 	 	 0 
102 	 2 	 239  	 1178.04 	  	 1178.04 	 	 1178.04 	 	 0 
102 	 2 	 240  	 1178.04 	  	 1178.04 	 	 1178.04 	 	 0 
102 	 2 	 241  	 1178.04 	  	 1178.04 	 	 1178.04 	 	 0 
102 	 2 	 242  	 1178.04 	  	 1178.04 	 	 1178.04 	 	 0 
102 	 2 	 243  	 1178.04 	  	 1178.04 	 	 1178.04 	 	 0 
102 	 2 	 244  	 1178.04 	  	 1178.04 	 	 1178.04 	 	 0 
102 	 2 	 245  	 1178.04 	  	 1178.04 	 	 1178.04 	 	 0 
102 	 2 	 246  	 1178.04 	  	 1178.04 	 	 1178.04 	 	 0 
102 	 2 	 247  	 1178.04 	  	 1178.04 	 	 1178.04 	 	 0 
102 	 2 	 248  	 1178.04 	  	 1178.04 	 	 1178.04 	 	 0 
102 	 2 	 249  	 1178.04 	  	 1178.04 	 	 1178.04 	 	 0 
102 	 2 	 250  	 1178.04 	  	 1178.04 	 	 1178.04 	 	 0 
102 	 2 	 251  	 1178.04 	  	 1178.04 	 	 1178.04 	 	 0 
102 	 2 	 252  	 1178.04 	  	 1178.04 	 	 1178.04 	 	 0 
102 	 2 	 253  	 1178.04 	  	 1178.04 	 	 1178.04 	 	 0 
102 	 2 	 254  	 1178.04 	  	 1178.04 	 	 1178.04 	 	 0 
102 	 2 	 255  	 1178.04 	  	 1178.04 	 	 1178.04 	 	 0 
102 	 2 	 256  	 1178.04 	  	 1178.04 	 	 1178.04 	 	 0 
102 	 2 	 257  	 1178.04 	  	 1178.04 	 	 1178.04 	 	 0 
102 	 2 	 258  	 1178.04 	  	 1178.04 	 	 1178.04 	 	 0 
102 	 2 	 259  	 1178.04 	  	 1178.04 	 	 1178.04 	 	 0 
102 	 2 	 260  	 1178.04 	  	 1178.04 	 	 1178.04 	 	 0 
102 	 2 	 261  	 1178.04 	  	 1178.04 	 	 1178.04 	 	 0 
102 	 2 	 262  	 1178.04 	  	 1178.04 	 	 1178.04 	 	 0 
102 	 2 	 263  	 1178.04 	  	 1178.04 	 	 1178.04 	 	 0 
102 	 2 	 264  	 1178.04 	  	 1178.04 	 	 1178.04 	 	 0 
102 	 2 	 265  	 1178.04 	  	 1178.04 	 	 1178.04 	 	 0 
102 	 2 	 266  	 1178.04 	  	 1178.04 	 	 1178.04 	 	 0 
102 	 2 	 267  	 1178.04 	  	 1178.04 	 	 1178.04 	 	 0 
102 	 2 	 268  	 1178.04 	  	 1178.04 	 	 1178.04 	 	 0 
102 	 2 	 269  	 1178.04 	  	 1178.04 	 	 1178.04 	 	 0 
102 	 2 	 270  	 1178.04 	  	 1178.04 	 	 1178.04 	 	 0 
102 	 2 	 271  	 1178.04 	  	 1178.04 	 	 1178.04 	 	 0 
102 	 2 	 272  	 1178.04 	  	 1178.04 	 	 1178.04 	 	 0 
102 	 2 	 273  	 1178.04 	  	 1178.04 	 	 1178.04 	 	 0 
102 	 2 	 274  	 1178.04 	  	 1178.04 	 	 1178.04 	 	 0 
102 	 2 	 275  	 1178.04 	  	 1178.04 	 	 1178.04 	 	 0 
102 	 2 	 276  	 1178.04 	  	 1178.04 	 	 1178.04 	 	 0 
102 	 2 	 277  	 1178.04 	  	 1178.04 	 	 1178.04 	 	 0 
102 	 2 	 278  	 1178.04 	  	 1178.04 	 	 1178.04 	 	 0 
102 	 2 	 279  	 1178.04 	  	 1178.04 	 	 1178.04 	 	 0 
102 	 2 	 280  	 1178.04 	  	 1178.04 	 	 1178.04 	 	 0 
102 	 2 	 281  	 1178.04 	  	 1178.04 	 	 1178.04 	 	 0 
102 	 2 	 282  	 1178.04 	  	 1178.04 	 	 1178.04 	 	 0 
102 	 2 	 283  	 1178.04 	  	 1178.04 	 	 1178.04 	 	 0 
102 	 2 	 284  	 1178.04 	  	 1178.04 	 	 1178.04 	 	 0 
102 	 2 	 285  	 1178.04 	  	 1178.04 	 	 1178.04 	 	 0 
102 	 2 	 286  	 1178.04 	  	 1178.04 	 	 1178.04 	 	 0 
102 	 2 	 287  	 1178.04 	  	 1178.04 	 	 1178.04 	 	 0 
102 	 2 	 288  	 1178.04 	  	 1178.04 	 	 1178.04 	 	 0 
102 	 2 	 289  	 1178.04 	  	 1178.04 	 	 1178.04 	 	 0 
102 	 2 	 290  	 1178.04 	  	 1178.04 	 	 1178.04 	 	 0 
102 	 2 	 291  	 1178.04 	  	 1178.04 	 	 1178.04 	 	 0 
102 	 2 	 292  	 1178.04 	  	 1178.04 	 	 1178.04 	 	 0 
102 	 2 	 293  	 1178.04 	  	 1178.04 	 	 1178.04 	 	 0 
102 	 2 	 294  	 1178.04 	  	 1178.04 	 	 1178.04 	 	 0 
102 	 2 	 295  	 1178.04 	  	 1178.04 	 	 1178.04 	 	 0 
102 	 2 	 296  	 1178.04 	  	 1178.04 	 	 1178.04 	 	 0 
102 	 2 	 297  	 1178.04 	  	 1178.04 	 	 1178.04 	 	 0 
102 	 2 	 298  	 1178.04 	  	 1178.04 	 	 1178.04 	 	 0 
102 	 2 	 299  	 1178.04 	  	 1178.04 	 	 1178.04 	 	 0 
102 	 2 	 300  	 1178.04 	  	 1178.04 	 	 1178.04 	 	 0 
102 	 2 	 301  	 1178.04 	  	 1178.04 	 	 1178.04 	 	 0 
102 	 2 	 302  	 1178.04 	  	 1178.04 	 	 1178.04 	 	 0 
102 	 2 	 303  	 1178.04 	  	 1178.04 	 	 1178.04 	 	 0 
102 	 2 	 304  	 1178.04 	  	 1178.04 	 	 1178.04 	 	 0 
102 	 2 	 305  	 1178.04 	  	 1178.04 	 	 1178.04 	 	 0 
102 	 2 	 306  	 1178.04 	  	 1178.04 	 	 1178.04 	 	 0 
102 	 2 	 307  	 1178.04 	  	 1178.04 	 	 1178.04 	 	 0 
102 	 2 	 308  	 1178.04 	  	 1178.04 	 	 1178.04 	 	 0 
102 	 2 	 309  	 1178.04 	  	 1178.04 	 	 1178.04 	 	 0 
102 	 2 	 310  	 1178.04 	  	 1178.04 	 	 1178.04 	 	 0 
102 	 2 	 311  	 1178.04 	  	 1178.04 	 	 1178.04 	 	 0 
102 	 2 	 312  	 1178.04 	  	 1178.04 	 	 1178.04 	 	 0 
102 	 2 	 313  	 1178.04 	  	 1178.04 	 	 1178.04 	 	 0 
102 	 2 	 314  	 1178.04 	  	 1178.04 	 	 1178.04 	 	 0 
102 	 2 	 315  	 1178.04 	  	 1178.04 	 	 1178.04 	 	 0 
102 	 2 	 316  	 1178.04 	  	 1178.04 	 	 1178.04 	 	 0 
102 	 2 	 317  	 1178.04 	  	 1178.04 	 	 1178.04 	 	 0 
102 	 2 	 318  	 1178.04 	  	 1178.04 	 	 1178.04 	 	 0 
102 	 2 	 319  	 1178.04 	  	 1178.04 	 	 1178.04 	 	 0 
102 	 2 	 320  	 1178.04 	  	 1178.04 	 	 1178.04 	 	 0 
102 	 2 	 321  	 1178.04 	  	 1178.04 	 	 1178.04 	 	 0 
102 	 2 	 322  	 1178.04 	  	 1178.04 	 	 1178.04 	 	 0 
102 	 2 	 323  	 1178.04 	  	 1178.04 	 	 1178.04 	 	 0 
102 	 2 	 324  	 1178.04 	  	 1178.04 	 	 1178.04 	 	 0 
102 	 2 	 325  	 1178.04 	  	 1178.04 	 	 1178.04 	 	 0 
102 	 2 	 326  	 1178.04 	  	 1178.04 	 	 1178.04 	 	 0 
102 	 2 	 327  	 1178.04 	  	 1178.04 	 	 1178.04 	 	 0 
102 	 2 	 328  	 1178.04 	  	 1178.04 	 	 1178.04 	 	 0 
102 	 2 	 329  	 1178.04 	  	 1178.04 	 	 1178.04 	 	 0 
102 	 2 	 330  	 1178.04 	  	 1178.04 	 	 1178.04 	 	 0 
102 	 2 	 331  	 1178.04 	  	 1178.04 	 	 1178.04 	 	 0 
102 	 2 	 332  	 1178.04 	  	 1178.04 	 	 1178.04 	 	 0 
102 	 2 	 333  	 1178.04 	  	 1178.04 	 	 1178.04 	 	 0 
102 	 2 	 334  	 1178.04 	  	 1178.04 	 	 1178.04 	 	 0 
102 	 2 	 335  	 1178.04 	  	 1178.04 	 	 1178.04 	 	 0 
102 	 2 	 336  	 1178.04 	  	 1178.04 	 	 1178.04 	 	 0 
102 	 2 	 337  	 1178.04 	  	 1178.04 	 	 1178.04 	 	 0 
102 	 2 	 338  	 1178.04 	  	 1178.04 	 	 1178.04 	 	 0 
102 	 2 	 339  	 1178.04 	  	 1178.04 	 	 1178.04 	 	 0 
102 	 2 	 340  	 1178.04 	  	 1178.04 	 	 1178.04 	 	 0 
102 	 2 	 341  	 1178.04 	  	 1178.04 	 	 1178.04 	 	 0 
102 	 2 	 342  	 1178.04 	  	 1178.04 	 	 1178.04 	 	 0 
102 	 2 	 343  	 1178.04 	  	 1178.04 	 	 1178.04 	 	 0 
102 	 2 	 344  	 1178.04 	  	 1178.04 	 	 1178.04 	 	 0 
102 	 2 	 345  	 1178.04 	  	 1178.04 	 	 1178.04 	 	 0 
102 	 2 	 346  	 1178.04 	  	 1178.04 	 	 1178.04 	 	 0 
102 	 2 	 347  	 1178.04 	  	 1178.04 	 	 1178.04 	 	 0 
102 	 2 	 348  	 1178.04 	  	 1178.04 	 	 1178.04 	 	 0 
102 	 2 	 349  	 1178.04 	  	 1178.04 	 	 1178.04 	 	 0 
102 	 2 	 350  	 1178.04 	  	 1178.04 	 	 1178.04 	 	 0 
102 	 2 	 351  	 1178.04 	  	 1178.04 	 	 1178.04 	 	 0 
102 	 2 	 352  	 1178.04 	  	 1178.04 	 	 1178.04 	 	 0 
102 	 2 	 353  	 1178.04 	  	 1178.04 	 	 1178.04 	 	 0 
102 	 2 	 354  	 1178.04 	  	 1178.04 	 	 1178.04 	 	 0 
102 	 2 	 355  	 1178.04 	  	 1178.04 	 	 1178.04 	 	 0 
102 	 2 	 356  	 1178.04 	  	 1178.04 	 	 1178.04 	 	 0 
102 	 2 	 357  	 1178.04 	  	 1178.04 	 	 1178.04 	 	 0 
102 	 2 	 358  	 1178.04 	  	 1178.04 	 	 1178.04 	 	 0 
102 	 2 	 359  	 1178.04 	  	 1178.04 	 	 1178.04 	 	 0 
102 	 2 	 360  	 1178.04 	  	 1178.04 	 	 1178.04 	 	 0 
102 	 2 	 361  	 1178.04 	  	 1178.04 	 	 1178.04 	 	 0 
102 	 2 	 362  	 1178.04 	  	 1178.04 	 	 1178.04 	 	 0 
102 	 2 	 363  	 1178.04 	  	 1178.04 	 	 1178.04 	 	 0 
102 	 2 	 364  	 1178.04 	  	 1178.04 	 	 1178.04 	 	 0 
102 	 2 	 365  	 1178.04 	  	 1178.04 	 	 1178.04 	 	 0 
102 	 2 	 366  	 1178.04 	  	 1178.04 	 	 1178.04 	 	 0 
102 	 2 	 367  	 1178.04 	  	 1178.04 	 	 1178.04 	 	 0 
102 	 2 	 368  	 1178.04 	  	 1178.04 	 	 1178.04 	 	 0 
102 	 2 	 369  	 1178.04 	  	 1178.04 	 	 1178.04 	 	 0 
102 	 2 	 370  	 1178.04 	  	 1178.04 	 	 1178.04 	 	 0 
102 	 2 	 371  	 1178.04 	  	 1178.04 	 	 1178.04 	 	 0 
102 	 2 	 372  	 1178.04 	  	 1178.04 	 	 1178.04 	 	 0 
102 	 2 	 373  	 1178.04 	  	 1178.04 	 	 1178.04 	 	 0 
102 	 2 	 374  	 1178.04 	  	 1178.04 	 	 1178.04 	 	 0 
102 	 2 	 375  	 1178.04 	  	 1178.04 	 	 1178.04 	 	 0 
102 	 2 	 376  	 1178.04 	  	 1178.04 	 	 1178.04 	 	 0 
102 	 2 	 377  	 1178.04 	  	 1178.04 	 	 1178.04 	 	 0 
102 	 2 	 378  	 1178.04 	  	 1178.04 	 	 1178.04 	 	 0 
102 	 2 	 379  	 1178.04 	  	 1178.04 	 	 1178.04 	 	 0 
102 	 2 	 380  	 1178.04 	  	 1178.04 	 	 1178.04 	 	 0 
102 	 2 	 381  	 1178.04 	  	 1178.04 	 	 1178.04 	 	 0 
102 	 2 	 382  	 1178.04 	  	 1178.04 	 	 1178.04 	 	 0 
102 	 2 	 383  	 1178.04 	  	 1178.04 	 	 1178.04 	 	 0 
102 	 2 	 384  	 1178.04 	  	 1178.04 	 	 1178.04 	 	 0 
102 	 2 	 385  	 1178.04 	  	 1178.04 	 	 1178.04 	 	 0 
102 	 2 	 386  	 1178.04 	  	 1178.04 	 	 1178.04 	 	 0 
102 	 2 	 387  	 1178.04 	  	 1178.04 	 	 1178.04 	 	 0 
102 	 2 	 388  	 1178.04 	  	 1178.04 	 	 1178.04 	 	 0 
102 	 2 	 389  	 1178.04 	  	 1178.04 	 	 1178.04 	 	 0 
102 	 2 	 390  	 1178.04 	  	 1178.04 	 	 1178.04 	 	 0 
102 	 2 	 391  	 1178.04 	  	 1178.04 	 	 1178.04 	 	 0 
102 	 2 	 392  	 1178.04 	  	 1178.04 	 	 1178.04 	 	 0 
102 	 2 	 393  	 1178.04 	  	 1178.04 	 	 1178.04 	 	 0 
102 	 2 	 394  	 1178.04 	  	 1178.04 	 	 1178.04 	 	 0 
102 	 2 	 395  	 1178.04 	  	 1178.04 	 	 1178.04 	 	 0 
102 	 2 	 396  	 1178.04 	  	 1178.04 	 	 1178.04 	 	 0 
102 	 2 	 397  	 1178.04 	  	 1178.04 	 	 1178.04 	 	 0 
102 	 2 	 398  	 1178.04 	  	 1178.04 	 	 1178.04 	 	 0 
102 	 2 	 399  	 1178.04 	  	 1178.04 	 	 1178.04 	 	 0 
102 	 2 	 400  	 1178.04 	  	 1178.04 	 	 1178.04 	 	 0 
102 	 2 	 401  	 1178.04 	  	 1178.04 	 	 1178.04 	 	 0 
102 	 2 	 402  	 1178.04 	  	 1178.04 	 	 1178.04 	 	 0 
102 	 2 	 403  	 1178.04 	  	 1178.04 	 	 1178.04 	 	 0 
102 	 2 	 404  	 1178.04 	  	 1178.04 	 	 1178.04 	 	 0 
102 	 2 	 405  	 1178.04 	  	 1178.04 	 	 1178.04 	 	 0 
102 	 2 	 406  	 1178.04 	  	 1178.04 	 	 1178.04 	 	 0 
102 	 2 	 407  	 1178.04 	  	 1178.04 	 	 1178.04 	 	 0 
102 	 2 	 408  	 1178.04 	  	 1178.04 	 	 1178.04 	 	 0 
102 	 2 	 409  	 1178.04 	  	 1178.04 	 	 1178.04 	 	 0 
102 	 2 	 410  	 1178.04 	  	 1178.04 	 	 1178.04 	 	 0 
102 	 2 	 411  	 1178.04 	  	 1178.04 	 	 1178.04 	 	 0 
102 	 2 	 412  	 1178.04 	  	 1178.04 	 	 1178.04 	 	 0 
102 	 2 	 413  	 1178.04 	  	 1178.04 	 	 1178.04 	 	 0 
102 	 2 	 414  	 1178.04 	  	 1178.04 	 	 1178.04 	 	 0 
102 	 2 	 415  	 1178.04 	  	 1178.04 	 	 1178.04 	 	 0 
102 	 2 	 416  	 1178.04 	  	 1178.04 	 	 1178.04 	 	 0 
102 	 2 	 417  	 1178.04 	  	 1178.04 	 	 1178.04 	 	 0 
102 	 2 	 418  	 1178.04 	  	 1178.04 	 	 1178.04 	 	 0 
102 	 2 	 419  	 1178.04 	  	 1178.04 	 	 1178.04 	 	 0 
102 	 2 	 420  	 1178.04 	  	 1178.04 	 	 1178.04 	 	 0 
102 	 2 	 421  	 1178.04 	  	 1178.04 	 	 1178.04 	 	 0 
102 	 2 	 422  	 1178.04 	  	 1178.04 	 	 1178.04 	 	 0 
102 	 2 	 423  	 1178.04 	  	 1178.04 	 	 1178.04 	 	 0 
102 	 2 	 424  	 1178.04 	  	 1178.04 	 	 1178.04 	 	 0 
102 	 2 	 425  	 1178.04 	  	 1178.04 	 	 1178.04 	 	 0 
102 	 2 	 426  	 1178.04 	  	 1178.04 	 	 1178.04 	 	 0 
102 	 2 	 427  	 1178.04 	  	 1178.04 	 	 1178.04 	 	 0 
102 	 2 	 428  	 1178.04 	  	 1178.04 	 	 1178.04 	 	 0 
102 	 2 	 429  	 1178.04 	  	 1178.04 	 	 1178.04 	 	 0 
102 	 2 	 430  	 1178.04 	  	 1178.04 	 	 1178.04 	 	 0 
102 	 2 	 431  	 1178.04 	  	 1178.04 	 	 1178.04 	 	 0 
102 	 2 	 432  	 1178.04 	  	 1178.04 	 	 1178.04 	 	 0 
102 	 2 	 433  	 1178.04 	  	 1178.04 	 	 1178.04 	 	 0 
102 	 2 	 434  	 1178.04 	  	 1178.04 	 	 1178.04 	 	 0 
102 	 2 	 435  	 1178.04 	  	 1178.04 	 	 1178.04 	 	 0 
102 	 2 	 436  	 1178.04 	  	 1178.04 	 	 1178.04 	 	 0 
102 	 2 	 437  	 1178.04 	  	 1178.04 	 	 1178.04 	 	 0 
102 	 2 	 438  	 1178.04 	  	 1178.04 	 	 1178.04 	 	 0 
102 	 2 	 439  	 1178.04 	  	 1178.04 	 	 1178.04 	 	 0 
102 	 2 	 440  	 1178.04 	  	 1178.04 	 	 1178.04 	 	 0 
102 	 2 	 441  	 1178.04 	  	 1178.04 	 	 1178.04 	 	 0 
102 	 2 	 442  	 1178.04 	  	 1178.04 	 	 1178.04 	 	 0 
102 	 2 	 443  	 1178.04 	  	 1178.04 	 	 1178.04 	 	 0 
102 	 2 	 444  	 1178.04 	  	 1178.04 	 	 1178.04 	 	 0 
102 	 2 	 445  	 1178.04 	  	 1178.04 	 	 1178.04 	 	 0 
102 	 2 	 446  	 1178.04 	  	 1178.04 	 	 1178.04 	 	 0 
102 	 2 	 447  	 1178.04 	  	 1178.04 	 	 1178.04 	 	 0 
102 	 2 	 448  	 1178.04 	  	 1178.04 	 	 1178.04 	 	 0 
102 	 2 	 449  	 1178.04 	  	 1178.04 	 	 1178.04 	 	 0 
102 	 2 	 450  	 1178.04 	  	 1178.04 	 	 1178.04 	 	 0 
102 	 2 	 451  	 1178.04 	  	 1178.04 	 	 1178.04 	 	 0 
102 	 2 	 452  	 1178.04 	  	 1178.04 	 	 1178.04 	 	 0 
102 	 2 	 453  	 1178.04 	  	 1178.04 	 	 1178.04 	 	 0 
102 	 2 	 454  	 1178.04 	  	 1178.04 	 	 1178.04 	 	 0 
102 	 2 	 455  	 1178.04 	  	 1178.04 	 	 1178.04 	 	 0 
102 	 2 	 456  	 1178.04 	  	 1178.04 	 	 1178.04 	 	 0 
102 	 2 	 457  	 1178.04 	  	 1178.04 	 	 1178.04 	 	 0 
102 	 2 	 458  	 1178.04 	  	 1178.04 	 	 1178.04 	 	 0 
102 	 2 	 459  	 1178.04 	  	 1178.04 	 	 1178.04 	 	 0 
102 	 2 	 460  	 1178.04 	  	 1178.04 	 	 1178.04 	 	 0 
102 	 2 	 461  	 1178.04 	  	 1178.04 	 	 1178.04 	 	 0 
102 	 2 	 462  	 1178.04 	  	 1178.04 	 	 1178.04 	 	 0 
102 	 2 	 463  	 1178.04 	  	 1178.04 	 	 1178.04 	 	 0 
102 	 2 	 464  	 1178.04 	  	 1178.04 	 	 1178.04 	 	 0 
102 	 2 	 465  	 1178.04 	  	 1178.04 	 	 1178.04 	 	 0 
102 	 2 	 466  	 1178.04 	  	 1178.04 	 	 1178.04 	 	 0 
102 	 2 	 467  	 1178.04 	  	 1178.04 	 	 1178.04 	 	 0 
102 	 2 	 468  	 1178.04 	  	 1178.04 	 	 1178.04 	 	 0 
102 	 2 	 469  	 1178.04 	  	 1178.04 	 	 1178.04 	 	 0 
102 	 2 	 470  	 1178.04 	  	 1178.04 	 	 1178.04 	 	 0 
102 	 2 	 471  	 1178.04 	  	 1178.04 	 	 1178.04 	 	 0 
102 	 2 	 472  	 1178.04 	  	 1178.04 	 	 1178.04 	 	 0 
102 	 2 	 473  	 1178.04 	  	 1178.04 	 	 1178.04 	 	 0 
102 	 2 	 474  	 1178.04 	  	 1178.04 	 	 1178.04 	 	 0 
102 	 2 	 475  	 1178.04 	  	 1178.04 	 	 1178.04 	 	 0 
102 	 2 	 476  	 1178.04 	  	 1178.04 	 	 1178.04 	 	 0 
102 	 2 	 477  	 1178.04 	  	 1178.04 	 	 1178.04 	 	 0 
102 	 2 	 478  	 1178.04 	  	 1178.04 	 	 1178.04 	 	 0 
102 	 2 	 479  	 1178.04 	  	 1178.04 	 	 1178.04 	 	 0 
102 	 2 	 480  	 1178.04 	  	 1178.04 	 	 1178.04 	 	 0 
102 	 2 	 481  	 1178.04 	  	 1178.04 	 	 1178.04 	 	 0 
102 	 2 	 482  	 1178.04 	  	 1178.04 	 	 1178.04 	 	 0 
102 	 2 	 483  	 1178.04 	  	 1178.04 	 	 1178.04 	 	 0 
102 	 2 	 484  	 1178.04 	  	 1178.04 	 	 1178.04 	 	 0 
102 	 2 	 485  	 1178.04 	  	 1178.04 	 	 1178.04 	 	 0 
102 	 2 	 486  	 1178.04 	  	 1178.04 	 	 1178.04 	 	 0 
102 	 2 	 487  	 1178.04 	  	 1178.04 	 	 1178.04 	 	 0 
102 	 2 	 488  	 1178.04 	  	 1178.04 	 	 1178.04 	 	 0 
102 	 2 	 489  	 1178.04 	  	 1178.04 	 	 1178.04 	 	 0 
102 	 2 	 490  	 1178.04 	  	 1178.04 	 	 1178.04 	 	 0 
102 	 2 	 491  	 1178.04 	  	 1178.04 	 	 1178.04 	 	 0 
102 	 2 	 492  	 1178.04 	  	 1178.04 	 	 1178.04 	 	 0 
102 	 2 	 493  	 1178.04 	  	 1178.04 	 	 1178.04 	 	 0 
102 	 2 	 494  	 1178.04 	  	 1178.04 	 	 1178.04 	 	 0 
102 	 2 	 495  	 1178.04 	  	 1178.04 	 	 1178.04 	 	 0 
102 	 2 	 496  	 1178.04 	  	 1178.04 	 	 1178.04 	 	 0 
102 	 2 	 497  	 1178.04 	  	 1178.04 	 	 1178.04 	 	 0 
102 	 2 	 498  	 1178.04 	  	 1178.04 	 	 1178.04 	 	 0 
102 	 2 	 499  	 1178.04 	  	 1178.04 	 	 1178.04 	 	 0 
102 	 2 	 500  	 1178.04 	  	 1178.04 	 	 1178.04 	 	 0 
102 	 2 	 501  	 1178.04 	  	 1178.04 	 	 1178.04 	 	 0 
102 	 2 	 502  	 1178.04 	  	 1178.04 	 	 1178.04 	 	 0 
102 	 2 	 503  	 1178.04 	  	 1178.04 	 	 1178.04 	 	 0 
102 	 2 	 504  	 1178.04 	  	 1178.04 	 	 1178.04 	 	 0 
102 	 2 	 505  	 1178.04 	  	 1178.04 	 	 1178.04 	 	 0 
102 	 2 	 506  	 1178.04 	  	 1178.04 	 	 1178.04 	 	 0 
102 	 2 	 507  	 1178.04 	  	 1178.04 	 	 1178.04 	 	 0 
102 	 2 	 508  	 1178.04 	  	 1178.04 	 	 1178.04 	 	 0 
102 	 2 	 509  	 1178.04 	  	 1178.04 	 	 1178.04 	 	 0 
102 	 2 	 510  	 1178.04 	  	 1178.04 	 	 1178.04 	 	 0 
102 	 2 	 511  	 1178.04 	  	 1178.04 	 	 1178.04 	 	 0 
102 	 2 	 512  	 1178.04 	  	 1178.04 	 	 1178.04 	 	 0 
102 	 2 	 513  	 1178.04 	  	 1178.04 	 	 1178.04 	 	 0 
102 	 2 	 514  	 1178.04 	  	 1178.04 	 	 1178.04 	 	 0 
102 	 2 	 515  	 1178.04 	  	 1178.04 	 	 1178.04 	 	 0 
102 	 2 	 516  	 1178.04 	  	 1178.04 	 	 1178.04 	 	 0 
102 	 2 	 517  	 1178.04 	  	 1178.04 	 	 1178.04 	 	 0 
102 	 2 	 518  	 1178.04 	  	 1178.04 	 	 1178.04 	 	 0 
102 	 2 	 519  	 1178.04 	  	 1178.04 	 	 1178.04 	 	 0 
102 	 2 	 520  	 1178.04 	  	 1178.04 	 	 1178.04 	 	 0 
102 	 2 	 521  	 1178.04 	  	 1178.04 	 	 1178.04 	 	 0 
102 	 2 	 522  	 1178.04 	  	 1178.04 	 	 1178.04 	 	 0 
102 	 2 	 523  	 1178.04 	  	 1178.04 	 	 1178.04 	 	 0 
102 	 2 	 524  	 1178.04 	  	 1178.04 	 	 1178.04 	 	 0 
102 	 2 	 525  	 1178.04 	  	 1178.04 	 	 1178.04 	 	 0 
102 	 2 	 526  	 1178.04 	  	 1178.04 	 	 1178.04 	 	 0 
102 	 2 	 527  	 1178.04 	  	 1178.04 	 	 1178.04 	 	 0 
102 	 2 	 528  	 1178.04 	  	 1178.04 	 	 1178.04 	 	 0 
102 	 2 	 529  	 1178.04 	  	 1178.04 	 	 1178.04 	 	 0 
102 	 2 	 530  	 1178.04 	  	 1178.04 	 	 1178.04 	 	 0 
102 	 2 	 531  	 1178.04 	  	 1178.04 	 	 1178.04 	 	 0 
102 	 2 	 532  	 1178.04 	  	 1178.04 	 	 1178.04 	 	 0 
102 	 2 	 533  	 1178.04 	  	 1178.04 	 	 1178.04 	 	 0 
102 	 2 	 534  	 1178.04 	  	 1178.04 	 	 1178.04 	 	 0 
102 	 2 	 535  	 1178.04 	  	 1178.04 	 	 1178.04 	 	 0 
102 	 2 	 536  	 1178.04 	  	 1178.04 	 	 1178.04 	 	 0 
102 	 2 	 537  	 1178.04 	  	 1178.04 	 	 1178.04 	 	 0 
102 	 2 	 538  	 1178.04 	  	 1178.04 	 	 1178.04 	 	 0 
102 	 2 	 539  	 1178.04 	  	 1178.04 	 	 1178.04 	 	 0 
102 	 2 	 540  	 1178.04 	  	 1178.04 	 	 1178.04 	 	 0 
102 	 2 	 541  	 1178.04 	  	 1178.04 	 	 1178.04 	 	 0 
102 	 2 	 542  	 1178.04 	  	 1178.04 	 	 1178.04 	 	 0 
102 	 2 	 543  	 1178.04 	  	 1178.04 	 	 1178.04 	 	 0 
102 	 2 	 544  	 1178.04 	  	 1178.04 	 	 1178.04 	 	 0 
102 	 2 	 545  	 1178.04 	  	 1178.04 	 	 1178.04 	 	 0 
102 	 2 	 546  	 1178.04 	  	 1178.04 	 	 1178.04 	 	 0 
102 	 2 	 547  	 1178.04 	  	 1178.04 	 	 1178.04 	 	 0 
102 	 2 	 548  	 1178.04 	  	 1178.04 	 	 1178.04 	 	 0 
102 	 2 	 549  	 1178.04 	  	 1178.04 	 	 1178.04 	 	 0 
102 	 2 	 550  	 1178.04 	  	 1178.04 	 	 1178.04 	 	 0 
102 	 2 	 551  	 1178.04 	  	 1178.04 	 	 1178.04 	 	 0 
102 	 2 	 552  	 1178.04 	  	 1178.04 	 	 1178.04 	 	 0 
102 	 2 	 553  	 1178.04 	  	 1178.04 	 	 1178.04 	 	 0 
102 	 2 	 554  	 1178.04 	  	 1178.04 	 	 1178.04 	 	 0 
102 	 2 	 555  	 1178.04 	  	 1178.04 	 	 1178.04 	 	 0 
102 	 2 	 556  	 1178.04 	  	 1178.04 	 	 1178.04 	 	 0 
102 	 2 	 557  	 1178.04 	  	 1178.04 	 	 1178.04 	 	 0 
102 	 2 	 558  	 1178.04 	  	 1178.04 	 	 1178.04 	 	 0 
102 	 2 	 559  	 1178.04 	  	 1178.04 	 	 1178.04 	 	 0 
102 	 2 	 560  	 1178.04 	  	 1178.04 	 	 1178.04 	 	 0 
102 	 2 	 561  	 1178.04 	  	 1178.04 	 	 1178.04 	 	 0 
102 	 2 	 562  	 1178.04 	  	 1178.04 	 	 1178.04 	 	 0 
102 	 2 	 563  	 1178.04 	  	 1178.04 	 	 1178.04 	 	 0 
102 	 2 	 564  	 1178.04 	  	 1178.04 	 	 1178.04 	 	 0 
102 	 2 	 565  	 1178.04 	  	 1178.04 	 	 1178.04 	 	 0 
102 	 2 	 566  	 1178.04 	  	 1178.04 	 	 1178.04 	 	 0 
102 	 2 	 567  	 1178.04 	  	 1178.04 	 	 1178.04 	 	 0 
102 	 2 	 568  	 1178.04 	  	 1178.04 	 	 1178.04 	 	 0 
102 	 2 	 569  	 1178.04 	  	 1178.04 	 	 1178.04 	 	 0 
102 	 2 	 570  	 1178.04 	  	 1178.04 	 	 1178.04 	 	 0 
102 	 2 	 571  	 1178.04 	  	 1178.04 	 	 1178.04 	 	 0 
102 	 2 	 572  	 1178.04 	  	 1178.04 	 	 1178.04 	 	 0 
102 	 2 	 573  	 1178.04 	  	 1178.04 	 	 1178.04 	 	 0 
102 	 2 	 574  	 1178.04 	  	 1178.04 	 	 1178.04 	 	 0 
102 	 2 	 575  	 1178.04 	  	 1178.04 	 	 1178.04 	 	 0 
102 	 2 	 576  	 1178.04 	  	 1178.04 	 	 1178.04 	 	 0 
102 	 2 	 577  	 1178.04 	  	 1178.04 	 	 1178.04 	 	 0 
102 	 2 	 578  	 1178.04 	  	 1178.04 	 	 1178.04 	 	 0 
102 	 2 	 579  	 1178.04 	  	 1178.04 	 	 1178.04 	 	 0 
102 	 2 	 580  	 1178.04 	  	 1178.04 	 	 1178.04 	 	 0 
102 	 2 	 581  	 1178.04 	  	 1178.04 	 	 1178.04 	 	 0 
102 	 2 	 582  	 1178.04 	  	 1178.04 	 	 1178.04 	 	 0 
102 	 2 	 583  	 1178.04 	  	 1178.04 	 	 1178.04 	 	 0 
102 	 2 	 584  	 1178.04 	  	 1178.04 	 	 1178.04 	 	 0 
102 	 2 	 585  	 1178.04 	  	 1178.04 	 	 1178.04 	 	 0 
102 	 2 	 586  	 1178.04 	  	 1178.04 	 	 1178.04 	 	 0 
102 	 2 	 587  	 1178.04 	  	 1178.04 	 	 1178.04 	 	 0 
102 	 2 	 588  	 1178.04 	  	 1178.04 	 	 1178.04 	 	 0 
102 	 2 	 589  	 1178.04 	  	 1178.04 	 	 1178.04 	 	 0 
102 	 2 	 590  	 1178.04 	  	 1178.04 	 	 1178.04 	 	 0 
102 	 2 	 591  	 1178.04 	  	 1178.04 	 	 1178.04 	 	 0 
102 	 2 	 592  	 1178.04 	  	 1178.04 	 	 1178.04 	 	 0 
102 	 2 	 593  	 1178.04 	  	 1178.04 	 	 1178.04 	 	 0 
102 	 2 	 594  	 1178.04 	  	 1178.04 	 	 1178.04 	 	 0 
102 	 2 	 595  	 1178.04 	  	 1178.04 	 	 1178.04 	 	 0 
102 	 2 	 596  	 1178.04 	  	 1178.04 	 	 1178.04 	 	 0 
102 	 2 	 597  	 1178.04 	  	 1178.04 	 	 1178.04 	 	 0 
102 	 2 	 598  	 1178.04 	  	 1178.04 	 	 1178.04 	 	 0 
102 	 2 	 599  	 1178.04 	  	 1178.04 	 	 1178.04 	 	 0 
102 	 2 	 600  	 1178.04 	  	 1178.04 	 	 1178.04 	 	 0 
102 	 2 	 601  	 1178.04 	  	 1178.04 	 	 1178.04 	 	 0 
102 	 2 	 602  	 1178.04 	  	 1178.04 	 	 1178.04 	 	 0 
102 	 2 	 603  	 1178.04 	  	 1178.04 	 	 1178.04 	 	 0 
102 	 2 	 604  	 1178.04 	  	 1178.04 	 	 1178.04 	 	 0 
102 	 2 	 605  	 1178.04 	  	 1178.04 	 	 1178.04 	 	 0 
102 	 2 	 606  	 1178.04 	  	 1178.04 	 	 1178.04 	 	 0 
102 	 2 	 607  	 1178.04 	  	 1178.04 	 	 1178.04 	 	 0 
102 	 2 	 608  	 1178.04 	  	 1178.04 	 	 1178.04 	 	 0 
102 	 2 	 609  	 1178.04 	  	 1178.04 	 	 1178.04 	 	 0 
102 	 2 	 610  	 1178.04 	  	 1178.04 	 	 1178.04 	 	 0 
102 	 2 	 611  	 1178.04 	  	 1178.04 	 	 1178.04 	 	 0 
102 	 2 	 612  	 1178.04 	  	 1178.04 	 	 1178.04 	 	 0 
102 	 2 	 613  	 1178.04 	  	 1178.04 	 	 1178.04 	 	 0 
102 	 2 	 614  	 1178.04 	  	 1178.04 	 	 1178.04 	 	 0 
102 	 2 	 615  	 1178.04 	  	 1178.04 	 	 1178.04 	 	 0 
102 	 2 	 616  	 1178.04 	  	 1178.04 	 	 1178.04 	 	 0 
102 	 2 	 617  	 1178.04 	  	 1178.04 	 	 1178.04 	 	 0 
102 	 2 	 618  	 1178.04 	  	 1178.04 	 	 1178.04 	 	 0 
102 	 2 	 619  	 1178.04 	  	 1178.04 	 	 1178.04 	 	 0 
102 	 2 	 620  	 1178.04 	  	 1178.04 	 	 1178.04 	 	 0 
102 	 2 	 621  	 1178.04 	  	 1178.04 	 	 1178.04 	 	 0 
102 	 2 	 622  	 1178.04 	  	 1178.04 	 	 1178.04 	 	 0 
102 	 2 	 623  	 1178.04 	  	 1178.04 	 	 1178.04 	 	 0 
102 	 2 	 624  	 1178.04 	  	 1178.04 	 	 1178.04 	 	 0 
102 	 2 	 625  	 1178.04 	  	 1178.04 	 	 1178.04 	 	 0 
102 	 2 	 626  	 1178.04 	  	 1178.04 	 	 1178.04 	 	 0 
102 	 2 	 627  	 1178.04 	  	 1178.04 	 	 1178.04 	 	 0 
102 	 2 	 628  	 1178.04 	  	 1178.04 	 	 1178.04 	 	 0 
102 	 2 	 629  	 1178.04 	  	 1178.04 	 	 1178.04 	 	 0 
102 	 2 	 630  	 1178.04 	  	 1178.04 	 	 1178.04 	 	 0 
102 	 2 	 631  	 1178.04 	  	 1178.04 	 	 1178.04 	 	 0 
102 	 2 	 632  	 1178.04 	  	 1178.04 	 	 1178.04 	 	 0 
102 	 2 	 633  	 1178.04 	  	 1178.04 	 	 1178.04 	 	 0 
102 	 2 	 634  	 1178.04 	  	 1178.04 	 	 1178.04 	 	 0 
102 	 2 	 635  	 1178.04 	  	 1178.04 	 	 1178.04 	 	 0 
102 	 2 	 636  	 1178.04 	  	 1178.04 	 	 1178.04 	 	 0 
102 	 2 	 637  	 1178.04 	  	 1178.04 	 	 1178.04 	 	 0 
102 	 2 	 638  	 1178.04 	  	 1178.04 	 	 1178.04 	 	 0 
102 	 2 	 639  	 1178.04 	  	 1178.04 	 	 1178.04 	 	 0 
102 	 2 	 640  	 1178.04 	  	 1178.04 	 	 1178.04 	 	 0 
102 	 2 	 641  	 1178.04 	  	 1178.04 	 	 1178.04 	 	 0 
102 	 2 	 642  	 1178.04 	  	 1178.04 	 	 1178.04 	 	 0 
102 	 2 	 643  	 1178.04 	  	 1178.04 	 	 1178.04 	 	 0 
102 	 2 	 644  	 1178.04 	  	 1178.04 	 	 1178.04 	 	 0 
102 	 2 	 645  	 1178.04 	  	 1178.04 	 	 1178.04 	 	 0 
102 	 2 	 646  	 1178.04 	  	 1178.04 	 	 1178.04 	 	 0 
102 	 2 	 647  	 1178.04 	  	 1178.04 	 	 1178.04 	 	 0 
102 	 2 	 648  	 1178.04 	  	 1178.04 	 	 1178.04 	 	 0 
102 	 2 	 649  	 1178.04 	  	 1178.04 	 	 1178.04 	 	 0 
102 	 2 	 650  	 1178.04 	  	 1178.04 	 	 1178.04 	 	 0 
102 	 2 	 651  	 1178.04 	  	 1178.04 	 	 1178.04 	 	 0 
102 	 2 	 652  	 1178.04 	  	 1178.04 	 	 1178.04 	 	 0 
102 	 2 	 653  	 1178.04 	  	 1178.04 	 	 1178.04 	 	 0 
102 	 2 	 654  	 1178.04 	  	 1178.04 	 	 1178.04 	 	 0 
102 	 2 	 655  	 1178.04 	  	 1178.04 	 	 1178.04 	 	 0 
102 	 2 	 656  	 1178.04 	  	 1178.04 	 	 1178.04 	 	 0 
102 	 2 	 657  	 1178.04 	  	 1178.04 	 	 1178.04 	 	 0 
102 	 2 	 658  	 1178.04 	  	 1178.04 	 	 1178.04 	 	 0 
102 	 2 	 659  	 1178.04 	  	 1178.04 	 	 1178.04 	 	 0 
102 	 2 	 660  	 1178.04 	  	 1178.04 	 	 1178.04 	 	 0 
102 	 2 	 661  	 1178.04 	  	 1178.04 	 	 1178.04 	 	 0 
102 	 2 	 662  	 1178.04 	  	 1178.04 	 	 1178.04 	 	 0 
102 	 2 	 663  	 1178.04 	  	 1178.04 	 	 1178.04 	 	 0 
102 	 2 	 664  	 1178.04 	  	 1178.04 	 	 1178.04 	 	 0 
102 	 2 	 665  	 1178.04 	  	 1178.04 	 	 1178.04 	 	 0 
102 	 2 	 666  	 1178.04 	  	 1178.04 	 	 1178.04 	 	 0 
102 	 2 	 667  	 1178.04 	  	 1178.04 	 	 1178.04 	 	 0 
102 	 2 	 668  	 1178.04 	  	 1178.04 	 	 1178.04 	 	 0 
102 	 2 	 669  	 1178.04 	  	 1178.04 	 	 1178.04 	 	 0 
102 	 2 	 670  	 1178.04 	  	 1178.04 	 	 1178.04 	 	 0 
102 	 2 	 671  	 1178.04 	  	 1178.04 	 	 1178.04 	 	 0 
102 	 2 	 672  	 1178.04 	  	 1178.04 	 	 1178.04 	 	 0 
102 	 2 	 673  	 1178.04 	  	 1178.04 	 	 1178.04 	 	 0 
102 	 2 	 674  	 1178.04 	  	 1178.04 	 	 1178.04 	 	 0 
102 	 2 	 675  	 1178.04 	  	 1178.04 	 	 1178.04 	 	 0 
102 	 2 	 676  	 1178.04 	  	 1178.04 	 	 1178.04 	 	 0 
102 	 2 	 677  	 1178.04 	  	 1178.04 	 	 1178.04 	 	 0 
102 	 2 	 678  	 1178.04 	  	 1178.04 	 	 1178.04 	 	 0 
102 	 2 	 679  	 1178.04 	  	 1178.04 	 	 1178.04 	 	 0 
102 	 2 	 680  	 1178.04 	  	 1178.04 	 	 1178.04 	 	 0 
102 	 2 	 681  	 1178.04 	  	 1178.04 	 	 1178.04 	 	 0 
102 	 2 	 682  	 1178.04 	  	 1178.04 	 	 1178.04 	 	 0 
102 	 2 	 683  	 1178.04 	  	 1178.04 	 	 1178.04 	 	 0 
102 	 2 	 684  	 1178.04 	  	 1178.04 	 	 1178.04 	 	 0 
102 	 2 	 685  	 1178.04 	  	 1178.04 	 	 1178.04 	 	 0 
102 	 2 	 686  	 1178.04 	  	 1178.04 	 	 1178.04 	 	 0 
102 	 2 	 687  	 1178.04 	  	 1178.04 	 	 1178.04 	 	 0 
102 	 2 	 688  	 1178.04 	  	 1178.04 	 	 1178.04 	 	 0 
102 	 2 	 689  	 1178.04 	  	 1178.04 	 	 1178.04 	 	 0 
102 	 2 	 690  	 1178.04 	  	 1178.04 	 	 1178.04 	 	 0 
102 	 2 	 691  	 1178.04 	  	 1178.04 	 	 1178.04 	 	 0 
102 	 2 	 692  	 1178.04 	  	 1178.04 	 	 1178.04 	 	 0 
102 	 2 	 693  	 1178.04 	  	 1178.04 	 	 1178.04 	 	 0 
102 	 2 	 694  	 1178.04 	  	 1178.04 	 	 1178.04 	 	 0 
102 	 2 	 695  	 1178.04 	  	 1178.04 	 	 1178.04 	 	 0 
102 	 2 	 696  	 1178.04 	  	 1178.04 	 	 1178.04 	 	 0 
102 	 2 	 697  	 1178.04 	  	 1178.04 	 	 1178.04 	 	 0 
102 	 2 	 698  	 1178.04 	  	 1178.04 	 	 1178.04 	 	 0 
102 	 2 	 699  	 1178.04 	  	 1178.04 	 	 1178.04 	 	 0 
102 	 2 	 700  	 1178.04 	  	 1178.04 	 	 1178.04 	 	 0 
102 	 2 	 701  	 1178.04 	  	 1178.04 	 	 1178.04 	 	 0 
102 	 2 	 702  	 1178.04 	  	 1178.04 	 	 1178.04 	 	 0 
102 	 2 	 703  	 1178.04 	  	 1178.04 	 	 1178.04 	 	 0 
102 	 2 	 704  	 1178.04 	  	 1178.04 	 	 1178.04 	 	 0 
102 	 2 	 705  	 1178.04 	  	 1178.04 	 	 1178.04 	 	 0 
102 	 2 	 706  	 1178.04 	  	 1178.04 	 	 1178.04 	 	 0 
102 	 2 	 707  	 1178.04 	  	 1178.04 	 	 1178.04 	 	 0 
102 	 2 	 708  	 1178.04 	  	 1178.04 	 	 1178.04 	 	 0 
102 	 2 	 709  	 1178.04 	  	 1178.04 	 	 1178.04 	 	 0 
102 	 2 	 710  	 1178.04 	  	 1178.04 	 	 1178.04 	 	 0 
102 	 2 	 711  	 1178.04 	  	 1178.04 	 	 1178.04 	 	 0 
102 	 2 	 712  	 1178.04 	  	 1178.04 	 	 1178.04 	 	 0 
102 	 2 	 713  	 1178.04 	  	 1178.04 	 	 1178.04 	 	 0 
102 	 2 	 714  	 1178.04 	  	 1178.04 	 	 1178.04 	 	 0 
