102 	 1 	 1  	 11605.6 	  	 11468.8 	 	 0 	 	 0 
102 	 1 	 2  	 11605.6 	  	 11468.8 	 	 11468.8 	 	 0 
102 	 1 	 3  	 11605.6 	  	 11468.8 	 	 11468.8 	 	 0 
102 	 1 	 4  	 11605.6 	  	 11468.8 	 	 11468.8 	 	 0 
102 	 1 	 5  	 11605.6 	  	 11468.8 	 	 11468.8 	 	 0 
102 	 1 	 6  	 11605.6 	  	 11468.8 	 	 11468.8 	 	 0 
102 	 1 	 7  	 11605.6 	  	 11468.8 	 	 11468.8 	 	 0 
102 	 1 	 8  	 11605.6 	  	 11605.6 	 	 11468.8 	 	 0 
102 	 1 	 9  	 11605.6 	  	 11605.6 	 	 11605.6 	 	 0 
102 	 1 	 10  	 11605.6 	  	 11605.6 	 	 11605.6 	 	 0 
102 	 1 	 11  	 11605.6 	  	 11605.6 	 	 11605.6 	 	 0 
102 	 1 	 12  	 11605.6 	  	 11605.6 	 	 11605.6 	 	 0 
102 	 1 	 13  	 11605.6 	  	 11605.6 	 	 11605.6 	 	 0 
102 	 1 	 14  	 11605.6 	  	 11605.6 	 	 11605.6 	 	 0 
102 	 1 	 15  	 11605.6 	  	 11605.6 	 	 11605.6 	 	 0 
102 	 1 	 16  	 11605.6 	  	 11605.6 	 	 11605.6 	 	 0 
102 	 1 	 17  	 11605.6 	  	 11605.6 	 	 11605.6 	 	 0 
102 	 1 	 18  	 11605.6 	  	 11605.6 	 	 11605.6 	 	 0 
102 	 1 	 19  	 11605.6 	  	 11605.6 	 	 11605.6 	 	 0 
102 	 1 	 20  	 11605.6 	  	 11605.6 	 	 11605.6 	 	 0 
102 	 1 	 21  	 11605.6 	  	 11605.6 	 	 11605.6 	 	 0 
102 	 1 	 22  	 11605.6 	  	 11605.6 	 	 11605.6 	 	 0 
102 	 1 	 23  	 11605.6 	  	 11605.6 	 	 11605.6 	 	 0 
102 	 1 	 24  	 11605.6 	  	 11605.6 	 	 11605.6 	 	 0 
102 	 1 	 25  	 11605.6 	  	 11605.6 	 	 11605.6 	 	 0 
102 	 1 	 26  	 11605.6 	  	 11605.6 	 	 11605.6 	 	 0 
102 	 1 	 27  	 11605.6 	  	 11605.6 	 	 11605.6 	 	 0 
102 	 1 	 28  	 11605.6 	  	 11605.6 	 	 11605.6 	 	 0 
102 	 1 	 29  	 11605.6 	  	 11605.6 	 	 11605.6 	 	 0 
102 	 1 	 30  	 11605.6 	  	 11605.6 	 	 11605.6 	 	 0 
102 	 1 	 31  	 11605.6 	  	 11605.6 	 	 11605.6 	 	 0 
102 	 1 	 32  	 11605.6 	  	 11605.6 	 	 11605.6 	 	 0 
102 	 1 	 33  	 11605.6 	  	 11605.6 	 	 11605.6 	 	 0 
102 	 1 	 34  	 11605.6 	  	 11605.6 	 	 11605.6 	 	 0 
102 	 1 	 35  	 11605.6 	  	 11605.6 	 	 11605.6 	 	 0 
102 	 1 	 36  	 11605.6 	  	 11605.6 	 	 11605.6 	 	 0 
102 	 1 	 37  	 11605.6 	  	 11605.6 	 	 11605.6 	 	 0 
102 	 1 	 38  	 11605.6 	  	 11605.6 	 	 11605.6 	 	 0 
102 	 1 	 39  	 11605.6 	  	 11605.6 	 	 11605.6 	 	 0 
102 	 1 	 40  	 11605.6 	  	 11605.6 	 	 11605.6 	 	 0 
102 	 1 	 41  	 11605.6 	  	 11605.6 	 	 11605.6 	 	 0 
102 	 1 	 42  	 11605.6 	  	 11605.6 	 	 11605.6 	 	 0 
102 	 1 	 43  	 11605.6 	  	 11605.6 	 	 11605.6 	 	 0 
102 	 1 	 44  	 11605.6 	  	 11605.6 	 	 11605.6 	 	 0 
102 	 1 	 45  	 11605.6 	  	 11605.6 	 	 11605.6 	 	 0 
102 	 1 	 46  	 11605.6 	  	 11605.6 	 	 11605.6 	 	 0 
102 	 1 	 47  	 11605.6 	  	 11605.6 	 	 11605.6 	 	 0 
102 	 1 	 48  	 11605.6 	  	 11605.6 	 	 11605.6 	 	 0 
102 	 1 	 49  	 11605.6 	  	 11605.6 	 	 11605.6 	 	 0 
102 	 1 	 50  	 11605.6 	  	 11605.6 	 	 11605.6 	 	 0 
102 	 1 	 51  	 11605.6 	  	 11605.6 	 	 11605.6 	 	 0 
102 	 1 	 52  	 11605.6 	  	 11605.6 	 	 11605.6 	 	 0 
102 	 1 	 53  	 11605.6 	  	 11605.6 	 	 11605.6 	 	 0 
102 	 1 	 54  	 11605.6 	  	 11605.6 	 	 11605.6 	 	 0 
102 	 1 	 55  	 11605.6 	  	 11605.6 	 	 11605.6 	 	 0 
102 	 1 	 56  	 11605.6 	  	 11605.6 	 	 11605.6 	 	 0 
102 	 1 	 57  	 11605.6 	  	 11605.6 	 	 11605.6 	 	 0 
102 	 1 	 58  	 11605.6 	  	 11605.6 	 	 11605.6 	 	 0 
102 	 1 	 59  	 11605.6 	  	 11605.6 	 	 11605.6 	 	 0 
102 	 1 	 60  	 11605.6 	  	 11605.6 	 	 11605.6 	 	 0 
102 	 1 	 61  	 11605.6 	  	 11605.6 	 	 11605.6 	 	 0 
102 	 1 	 62  	 11605.6 	  	 11605.6 	 	 11605.6 	 	 0 
102 	 1 	 63  	 11605.6 	  	 11605.6 	 	 11605.6 	 	 0 
102 	 1 	 64  	 11605.6 	  	 11605.6 	 	 11605.6 	 	 0 
102 	 1 	 65  	 11605.6 	  	 11605.6 	 	 11605.6 	 	 0 
102 	 1 	 66  	 11605.6 	  	 11605.6 	 	 11605.6 	 	 0 
102 	 1 	 67  	 11605.6 	  	 11605.6 	 	 11605.6 	 	 0 
102 	 1 	 68  	 11605.6 	  	 11605.6 	 	 11605.6 	 	 0 
102 	 1 	 69  	 11605.6 	  	 11605.6 	 	 11605.6 	 	 0 
102 	 1 	 70  	 11605.6 	  	 11605.6 	 	 11605.6 	 	 0 
102 	 1 	 71  	 11605.6 	  	 11605.6 	 	 11605.6 	 	 0 
102 	 1 	 72  	 11605.6 	  	 11605.6 	 	 11605.6 	 	 0 
102 	 1 	 73  	 11605.6 	  	 11605.6 	 	 11605.6 	 	 0 
102 	 1 	 74  	 11605.6 	  	 11605.6 	 	 11605.6 	 	 0 
102 	 1 	 75  	 11605.6 	  	 11605.6 	 	 11605.6 	 	 0 
102 	 1 	 76  	 11605.6 	  	 11605.6 	 	 11605.6 	 	 0 
102 	 1 	 77  	 11605.6 	  	 11605.6 	 	 11605.6 	 	 0 
102 	 1 	 78  	 11605.6 	  	 11605.6 	 	 11605.6 	 	 0 
102 	 1 	 79  	 11605.6 	  	 11605.6 	 	 11605.6 	 	 0 
102 	 1 	 80  	 11605.6 	  	 11605.6 	 	 11605.6 	 	 0 
102 	 1 	 81  	 11605.6 	  	 11605.6 	 	 11605.6 	 	 0 
102 	 1 	 82  	 11605.6 	  	 11605.6 	 	 11605.6 	 	 0 
102 	 1 	 83  	 11605.6 	  	 11605.6 	 	 11605.6 	 	 0 
102 	 1 	 84  	 11605.6 	  	 11605.6 	 	 11605.6 	 	 0 
102 	 1 	 85  	 11605.6 	  	 11605.6 	 	 11605.6 	 	 0 
102 	 1 	 86  	 11605.6 	  	 11605.6 	 	 11605.6 	 	 0 
102 	 1 	 87  	 11605.6 	  	 11605.6 	 	 11605.6 	 	 0 
102 	 1 	 88  	 11605.6 	  	 11605.6 	 	 11605.6 	 	 0 
102 	 1 	 89  	 11605.6 	  	 11605.6 	 	 11605.6 	 	 0 
102 	 1 	 90  	 11605.6 	  	 11605.6 	 	 11605.6 	 	 0 
102 	 1 	 91  	 11605.6 	  	 11605.6 	 	 11605.6 	 	 0 
102 	 1 	 92  	 11605.6 	  	 11605.6 	 	 11605.6 	 	 0 
102 	 1 	 93  	 11605.6 	  	 11605.6 	 	 11605.6 	 	 0 
102 	 1 	 94  	 11605.6 	  	 11605.6 	 	 11605.6 	 	 0 
102 	 1 	 95  	 11605.6 	  	 11605.6 	 	 11605.6 	 	 0 
102 	 1 	 96  	 11605.6 	  	 11605.6 	 	 11605.6 	 	 0 
102 	 1 	 97  	 11605.6 	  	 11605.6 	 	 11605.6 	 	 0 
102 	 1 	 98  	 11605.6 	  	 11605.6 	 	 11605.6 	 	 0 
102 	 1 	 99  	 11605.6 	  	 11605.6 	 	 11605.6 	 	 0 
102 	 1 	 100  	 11605.6 	  	 11605.6 	 	 11605.6 	 	 0 
102 	 1 	 101  	 11605.6 	  	 11605.6 	 	 11605.6 	 	 0 
102 	 1 	 102  	 11605.6 	  	 11605.6 	 	 11605.6 	 	 0 
102 	 1 	 103  	 11605.6 	  	 11605.6 	 	 11605.6 	 	 0 
102 	 1 	 104  	 11605.6 	  	 11605.6 	 	 11605.6 	 	 0 
102 	 1 	 105  	 11605.6 	  	 11605.6 	 	 11605.6 	 	 0 
102 	 1 	 106  	 11605.6 	  	 11605.6 	 	 11605.6 	 	 0 
102 	 1 	 107  	 11605.6 	  	 11605.6 	 	 11605.6 	 	 0 
102 	 1 	 108  	 11605.6 	  	 11605.6 	 	 11605.6 	 	 0 
102 	 1 	 109  	 11605.6 	  	 11605.6 	 	 11605.6 	 	 0 
102 	 1 	 110  	 11605.6 	  	 11605.6 	 	 11605.6 	 	 0 
102 	 1 	 111  	 11605.6 	  	 11605.6 	 	 11605.6 	 	 0 
102 	 1 	 112  	 11605.6 	  	 11605.6 	 	 11605.6 	 	 0 
102 	 1 	 113  	 11605.6 	  	 11605.6 	 	 11605.6 	 	 0 
102 	 1 	 114  	 11605.6 	  	 11605.6 	 	 11605.6 	 	 0 
102 	 1 	 115  	 11605.6 	  	 11605.6 	 	 11605.6 	 	 0 
102 	 1 	 116  	 11605.6 	  	 11605.6 	 	 11605.6 	 	 0 
102 	 1 	 117  	 11605.6 	  	 11605.6 	 	 11605.6 	 	 0 
102 	 1 	 118  	 11605.6 	  	 11605.6 	 	 11605.6 	 	 0 
102 	 1 	 119  	 11605.6 	  	 11605.6 	 	 11605.6 	 	 0 
102 	 1 	 120  	 11605.6 	  	 11605.6 	 	 11605.6 	 	 0 
102 	 1 	 121  	 11605.6 	  	 11605.6 	 	 11605.6 	 	 0 
102 	 1 	 122  	 11605.6 	  	 11605.6 	 	 11605.6 	 	 0 
102 	 1 	 123  	 11605.6 	  	 11605.6 	 	 11605.6 	 	 0 
102 	 1 	 124  	 11605.6 	  	 11605.6 	 	 11605.6 	 	 0 
102 	 1 	 125  	 11605.6 	  	 11605.6 	 	 11605.6 	 	 0 
102 	 1 	 126  	 11605.6 	  	 11605.6 	 	 11605.6 	 	 0 
102 	 1 	 127  	 11605.6 	  	 11605.6 	 	 11605.6 	 	 0 
102 	 1 	 128  	 11605.6 	  	 11605.6 	 	 11605.6 	 	 0 
102 	 1 	 129  	 11605.6 	  	 11605.6 	 	 11605.6 	 	 0 
102 	 1 	 130  	 11605.6 	  	 11605.6 	 	 11605.6 	 	 0 
102 	 1 	 131  	 11605.6 	  	 11605.6 	 	 11605.6 	 	 0 
102 	 1 	 132  	 11605.6 	  	 11605.6 	 	 11605.6 	 	 0 
102 	 1 	 133  	 11605.6 	  	 11605.6 	 	 11605.6 	 	 0 
102 	 1 	 134  	 11605.6 	  	 11605.6 	 	 11605.6 	 	 0 
102 	 1 	 135  	 11605.6 	  	 11605.6 	 	 11605.6 	 	 0 
102 	 1 	 136  	 11605.6 	  	 11605.6 	 	 11605.6 	 	 0 
102 	 1 	 137  	 11605.6 	  	 11605.6 	 	 11605.6 	 	 0 
102 	 1 	 138  	 11605.6 	  	 11605.6 	 	 11605.6 	 	 0 
102 	 1 	 139  	 11605.6 	  	 11605.6 	 	 11605.6 	 	 0 
102 	 1 	 140  	 11605.6 	  	 11605.6 	 	 11605.6 	 	 0 
102 	 1 	 141  	 11605.6 	  	 11605.6 	 	 11605.6 	 	 0 
102 	 1 	 142  	 11605.6 	  	 11605.6 	 	 11605.6 	 	 0 
102 	 1 	 143  	 11605.6 	  	 11605.6 	 	 11605.6 	 	 0 
102 	 1 	 144  	 11605.6 	  	 11605.6 	 	 11605.6 	 	 0 
102 	 1 	 145  	 11605.6 	  	 11605.6 	 	 11605.6 	 	 0 
102 	 1 	 146  	 11605.6 	  	 11605.6 	 	 11605.6 	 	 0 
102 	 1 	 147  	 11605.6 	  	 11605.6 	 	 11605.6 	 	 0 
102 	 1 	 148  	 11605.6 	  	 11605.6 	 	 11605.6 	 	 0 
102 	 1 	 149  	 11605.6 	  	 11605.6 	 	 11605.6 	 	 0 
102 	 1 	 150  	 11605.6 	  	 11605.6 	 	 11605.6 	 	 0 
102 	 1 	 151  	 11605.6 	  	 11605.6 	 	 11605.6 	 	 0 
102 	 1 	 152  	 11605.6 	  	 11605.6 	 	 11605.6 	 	 0 
102 	 1 	 153  	 11605.6 	  	 11605.6 	 	 11605.6 	 	 0 
102 	 1 	 154  	 11605.6 	  	 11605.6 	 	 11605.6 	 	 0 
102 	 1 	 155  	 11605.6 	  	 11605.6 	 	 11605.6 	 	 0 
102 	 1 	 156  	 11605.6 	  	 11605.6 	 	 11605.6 	 	 0 
102 	 1 	 157  	 11605.6 	  	 11605.6 	 	 11605.6 	 	 0 
102 	 1 	 158  	 11605.6 	  	 11605.6 	 	 11605.6 	 	 0 
102 	 1 	 159  	 11605.6 	  	 11605.6 	 	 11605.6 	 	 0 
102 	 1 	 160  	 11605.6 	  	 11605.6 	 	 11605.6 	 	 0 
102 	 1 	 161  	 11605.6 	  	 11605.6 	 	 11605.6 	 	 0 
102 	 1 	 162  	 11605.6 	  	 11605.6 	 	 11605.6 	 	 0 
102 	 1 	 163  	 11605.6 	  	 11605.6 	 	 11605.6 	 	 0 
102 	 1 	 164  	 11605.6 	  	 11605.6 	 	 11605.6 	 	 0 
102 	 1 	 165  	 11605.6 	  	 11605.6 	 	 11605.6 	 	 0 
102 	 1 	 166  	 11605.6 	  	 11605.6 	 	 11605.6 	 	 0 
102 	 1 	 167  	 11605.6 	  	 11605.6 	 	 11605.6 	 	 0 
102 	 1 	 168  	 11605.6 	  	 11605.6 	 	 11605.6 	 	 0 
102 	 1 	 169  	 11605.6 	  	 11605.6 	 	 11605.6 	 	 0 
102 	 1 	 170  	 11605.6 	  	 11605.6 	 	 11605.6 	 	 0 
102 	 1 	 171  	 11605.6 	  	 11605.6 	 	 11605.6 	 	 0 
102 	 1 	 172  	 11605.6 	  	 11605.6 	 	 11605.6 	 	 0 
102 	 1 	 173  	 11605.6 	  	 11605.6 	 	 11605.6 	 	 0 
102 	 1 	 174  	 11605.6 	  	 11605.6 	 	 11605.6 	 	 0 
102 	 1 	 175  	 11605.6 	  	 11605.6 	 	 11605.6 	 	 0 
102 	 1 	 176  	 11605.6 	  	 11605.6 	 	 11605.6 	 	 0 
102 	 1 	 177  	 11605.6 	  	 11605.6 	 	 11605.6 	 	 0 
102 	 1 	 178  	 11605.6 	  	 11605.6 	 	 11605.6 	 	 0 
102 	 1 	 179  	 11605.6 	  	 11605.6 	 	 11605.6 	 	 0 
102 	 1 	 180  	 11605.6 	  	 11605.6 	 	 11605.6 	 	 0 
102 	 1 	 181  	 11605.6 	  	 11605.6 	 	 11605.6 	 	 0 
102 	 1 	 182  	 11605.6 	  	 11605.6 	 	 11605.6 	 	 0 
102 	 1 	 183  	 11605.6 	  	 11605.6 	 	 11605.6 	 	 0 
102 	 1 	 184  	 11605.6 	  	 11605.6 	 	 11605.6 	 	 0 
102 	 1 	 185  	 11605.6 	  	 11605.6 	 	 11605.6 	 	 0 
102 	 1 	 186  	 11605.6 	  	 11605.6 	 	 11605.6 	 	 0 
102 	 1 	 187  	 11605.6 	  	 11605.6 	 	 11605.6 	 	 0 
102 	 1 	 188  	 11605.6 	  	 11605.6 	 	 11605.6 	 	 0 
102 	 1 	 189  	 11605.6 	  	 11605.6 	 	 11605.6 	 	 0 
102 	 1 	 190  	 11605.6 	  	 11605.6 	 	 11605.6 	 	 0 
102 	 1 	 191  	 11605.6 	  	 11605.6 	 	 11605.6 	 	 0 
102 	 1 	 192  	 11605.6 	  	 11605.6 	 	 11605.6 	 	 0 
102 	 1 	 193  	 11605.6 	  	 11605.6 	 	 11605.6 	 	 0 
102 	 1 	 194  	 11605.6 	  	 11605.6 	 	 11605.6 	 	 0 
102 	 1 	 195  	 11605.6 	  	 11605.6 	 	 11605.6 	 	 0 
102 	 1 	 196  	 11605.6 	  	 11605.6 	 	 11605.6 	 	 0 
102 	 1 	 197  	 11605.6 	  	 11605.6 	 	 11605.6 	 	 0 
102 	 1 	 198  	 11605.6 	  	 11605.6 	 	 11605.6 	 	 0 
102 	 1 	 199  	 11605.6 	  	 11605.6 	 	 11605.6 	 	 0 
102 	 1 	 200  	 11605.6 	  	 11605.6 	 	 11605.6 	 	 0 
102 	 1 	 201  	 11605.6 	  	 11605.6 	 	 11605.6 	 	 0 
102 	 1 	 202  	 11605.6 	  	 11605.6 	 	 11605.6 	 	 0 
102 	 1 	 203  	 11605.6 	  	 11605.6 	 	 11605.6 	 	 0 
102 	 1 	 204  	 11605.6 	  	 11605.6 	 	 11605.6 	 	 0 
102 	 1 	 205  	 11605.6 	  	 11605.6 	 	 11605.6 	 	 0 
102 	 1 	 206  	 11605.6 	  	 11605.6 	 	 11605.6 	 	 0 
102 	 1 	 207  	 11605.6 	  	 11605.6 	 	 11605.6 	 	 0 
102 	 1 	 208  	 11605.6 	  	 11605.6 	 	 11605.6 	 	 0 
102 	 1 	 209  	 11605.6 	  	 11605.6 	 	 11605.6 	 	 0 
102 	 1 	 210  	 11605.6 	  	 11605.6 	 	 11605.6 	 	 0 
102 	 1 	 211  	 11605.6 	  	 11605.6 	 	 11605.6 	 	 0 
102 	 1 	 212  	 11605.6 	  	 11605.6 	 	 11605.6 	 	 0 
102 	 1 	 213  	 11605.6 	  	 11605.6 	 	 11605.6 	 	 0 
102 	 1 	 214  	 11605.6 	  	 11605.6 	 	 11605.6 	 	 0 
102 	 1 	 215  	 11605.6 	  	 11605.6 	 	 11605.6 	 	 0 
102 	 1 	 216  	 11605.6 	  	 11605.6 	 	 11605.6 	 	 0 
102 	 1 	 217  	 11605.6 	  	 11605.6 	 	 11605.6 	 	 0 
102 	 1 	 218  	 11605.6 	  	 11605.6 	 	 11605.6 	 	 0 
102 	 1 	 219  	 11605.6 	  	 11605.6 	 	 11605.6 	 	 0 
102 	 1 	 220  	 11605.6 	  	 11605.6 	 	 11605.6 	 	 0 
102 	 1 	 221  	 11605.6 	  	 11605.6 	 	 11605.6 	 	 0 
102 	 1 	 222  	 11605.6 	  	 11605.6 	 	 11605.6 	 	 0 
102 	 1 	 223  	 11605.6 	  	 11605.6 	 	 11605.6 	 	 0 
102 	 1 	 224  	 11605.6 	  	 11605.6 	 	 11605.6 	 	 0 
102 	 1 	 225  	 11605.6 	  	 11605.6 	 	 11605.6 	 	 0 
102 	 1 	 226  	 11605.6 	  	 11605.6 	 	 11605.6 	 	 0 
102 	 1 	 227  	 11605.6 	  	 11605.6 	 	 11605.6 	 	 0 
102 	 1 	 228  	 11605.6 	  	 11605.6 	 	 11605.6 	 	 0 
102 	 1 	 229  	 11605.6 	  	 11605.6 	 	 11605.6 	 	 0 
102 	 1 	 230  	 11605.6 	  	 11605.6 	 	 11605.6 	 	 0 
102 	 1 	 231  	 11605.6 	  	 11605.6 	 	 11605.6 	 	 0 
102 	 1 	 232  	 11605.6 	  	 11605.6 	 	 11605.6 	 	 0 
102 	 1 	 233  	 11605.6 	  	 11605.6 	 	 11605.6 	 	 0 
102 	 1 	 234  	 11605.6 	  	 11605.6 	 	 11605.6 	 	 0 
102 	 1 	 235  	 11605.6 	  	 11605.6 	 	 11605.6 	 	 0 
102 	 1 	 236  	 11605.6 	  	 11605.6 	 	 11605.6 	 	 0 
102 	 1 	 237  	 11605.6 	  	 11605.6 	 	 11605.6 	 	 0 
102 	 1 	 238  	 11605.6 	  	 11605.6 	 	 11605.6 	 	 0 
102 	 1 	 239  	 11605.6 	  	 11605.6 	 	 11605.6 	 	 0 
102 	 1 	 240  	 11605.6 	  	 11605.6 	 	 11605.6 	 	 0 
102 	 1 	 241  	 11605.6 	  	 11605.6 	 	 11605.6 	 	 0 
102 	 1 	 242  	 11605.6 	  	 11605.6 	 	 11605.6 	 	 0 
102 	 1 	 243  	 11605.6 	  	 11605.6 	 	 11605.6 	 	 0 
102 	 1 	 244  	 11605.6 	  	 11605.6 	 	 11605.6 	 	 0 
102 	 1 	 245  	 11605.6 	  	 11605.6 	 	 11605.6 	 	 0 
102 	 1 	 246  	 11605.6 	  	 11605.6 	 	 11605.6 	 	 0 
102 	 1 	 247  	 11605.6 	  	 11605.6 	 	 11605.6 	 	 0 
102 	 1 	 248  	 11605.6 	  	 11605.6 	 	 11605.6 	 	 0 
102 	 1 	 249  	 11605.6 	  	 11605.6 	 	 11605.6 	 	 0 
102 	 1 	 250  	 11605.6 	  	 11605.6 	 	 11605.6 	 	 0 
102 	 1 	 251  	 11605.6 	  	 11605.6 	 	 11605.6 	 	 0 
102 	 1 	 252  	 11605.6 	  	 11605.6 	 	 11605.6 	 	 0 
102 	 1 	 253  	 11605.6 	  	 11605.6 	 	 11605.6 	 	 0 
102 	 1 	 254  	 11605.6 	  	 11605.6 	 	 11605.6 	 	 0 
102 	 1 	 255  	 11605.6 	  	 11605.6 	 	 11605.6 	 	 0 
102 	 1 	 256  	 11605.6 	  	 11605.6 	 	 11605.6 	 	 0 
102 	 1 	 257  	 11605.6 	  	 11605.6 	 	 11605.6 	 	 0 
102 	 1 	 258  	 11605.6 	  	 11605.6 	 	 11605.6 	 	 0 
102 	 1 	 259  	 11605.6 	  	 11605.6 	 	 11605.6 	 	 0 
102 	 1 	 260  	 11605.6 	  	 11605.6 	 	 11605.6 	 	 0 
102 	 1 	 261  	 11605.6 	  	 11605.6 	 	 11605.6 	 	 0 
102 	 1 	 262  	 11605.6 	  	 11605.6 	 	 11605.6 	 	 0 
102 	 1 	 263  	 11605.6 	  	 11605.6 	 	 11605.6 	 	 0 
102 	 1 	 264  	 11605.6 	  	 11605.6 	 	 11605.6 	 	 0 
102 	 1 	 265  	 11605.6 	  	 11605.6 	 	 11605.6 	 	 0 
102 	 1 	 266  	 11605.6 	  	 11605.6 	 	 11605.6 	 	 0 
102 	 1 	 267  	 11605.6 	  	 11605.6 	 	 11605.6 	 	 0 
102 	 1 	 268  	 11605.6 	  	 11605.6 	 	 11605.6 	 	 0 
102 	 1 	 269  	 11605.6 	  	 11605.6 	 	 11605.6 	 	 0 
102 	 1 	 270  	 11605.6 	  	 11605.6 	 	 11605.6 	 	 0 
102 	 1 	 271  	 11605.6 	  	 11605.6 	 	 11605.6 	 	 0 
102 	 1 	 272  	 11605.6 	  	 11605.6 	 	 11605.6 	 	 0 
102 	 1 	 273  	 11605.6 	  	 11605.6 	 	 11605.6 	 	 0 
102 	 1 	 274  	 11605.6 	  	 11605.6 	 	 11605.6 	 	 0 
102 	 1 	 275  	 11605.6 	  	 11605.6 	 	 11605.6 	 	 0 
102 	 1 	 276  	 11605.6 	  	 11605.6 	 	 11605.6 	 	 0 
102 	 1 	 277  	 11605.6 	  	 11605.6 	 	 11605.6 	 	 0 
102 	 1 	 278  	 11605.6 	  	 11605.6 	 	 11605.6 	 	 0 
102 	 1 	 279  	 11605.6 	  	 11605.6 	 	 11605.6 	 	 0 
102 	 1 	 280  	 11605.6 	  	 11605.6 	 	 11605.6 	 	 0 
102 	 1 	 281  	 11605.6 	  	 11605.6 	 	 11605.6 	 	 0 
102 	 1 	 282  	 11605.6 	  	 11605.6 	 	 11605.6 	 	 0 
102 	 1 	 283  	 11605.6 	  	 11605.6 	 	 11605.6 	 	 0 
102 	 1 	 284  	 11605.6 	  	 11605.6 	 	 11605.6 	 	 0 
102 	 1 	 285  	 11605.6 	  	 11605.6 	 	 11605.6 	 	 0 
102 	 1 	 286  	 11605.6 	  	 11605.6 	 	 11605.6 	 	 0 
102 	 1 	 287  	 11605.6 	  	 11605.6 	 	 11605.6 	 	 0 
102 	 1 	 288  	 11605.6 	  	 11605.6 	 	 11605.6 	 	 0 
102 	 1 	 289  	 11605.6 	  	 11605.6 	 	 11605.6 	 	 0 
102 	 1 	 290  	 11605.6 	  	 11605.6 	 	 11605.6 	 	 0 
102 	 1 	 291  	 11605.6 	  	 11605.6 	 	 11605.6 	 	 0 
102 	 1 	 292  	 11605.6 	  	 11605.6 	 	 11605.6 	 	 0 
102 	 1 	 293  	 11605.6 	  	 11605.6 	 	 11605.6 	 	 0 
102 	 1 	 294  	 11605.6 	  	 11605.6 	 	 11605.6 	 	 0 
102 	 1 	 295  	 11605.6 	  	 11605.6 	 	 11605.6 	 	 0 
102 	 1 	 296  	 11605.6 	  	 11605.6 	 	 11605.6 	 	 0 
102 	 1 	 297  	 11605.6 	  	 11605.6 	 	 11605.6 	 	 0 
102 	 1 	 298  	 11605.6 	  	 11605.6 	 	 11605.6 	 	 0 
102 	 1 	 299  	 11605.6 	  	 11605.6 	 	 11605.6 	 	 0 
102 	 1 	 300  	 11605.6 	  	 11605.6 	 	 11605.6 	 	 0 
102 	 1 	 301  	 11605.6 	  	 11605.6 	 	 11605.6 	 	 0 
102 	 1 	 302  	 11605.6 	  	 11605.6 	 	 11605.6 	 	 0 
102 	 1 	 303  	 11605.6 	  	 11605.6 	 	 11605.6 	 	 0 
102 	 1 	 304  	 11605.6 	  	 11605.6 	 	 11605.6 	 	 0 
102 	 1 	 305  	 11605.6 	  	 11605.6 	 	 11605.6 	 	 0 
102 	 1 	 306  	 11605.6 	  	 11605.6 	 	 11605.6 	 	 0 
102 	 1 	 307  	 11605.6 	  	 11605.6 	 	 11605.6 	 	 0 
102 	 1 	 308  	 11605.6 	  	 11605.6 	 	 11605.6 	 	 0 
102 	 1 	 309  	 11605.6 	  	 11605.6 	 	 11605.6 	 	 0 
102 	 1 	 310  	 11605.6 	  	 11605.6 	 	 11605.6 	 	 0 
102 	 1 	 311  	 11605.6 	  	 11605.6 	 	 11605.6 	 	 0 
102 	 1 	 312  	 11605.6 	  	 11605.6 	 	 11605.6 	 	 0 
102 	 1 	 313  	 11605.6 	  	 11605.6 	 	 11605.6 	 	 0 
102 	 1 	 314  	 11605.6 	  	 11605.6 	 	 11605.6 	 	 0 
102 	 1 	 315  	 11605.6 	  	 11605.6 	 	 11605.6 	 	 0 
102 	 1 	 316  	 11605.6 	  	 11605.6 	 	 11605.6 	 	 0 
102 	 1 	 317  	 11605.6 	  	 11605.6 	 	 11605.6 	 	 0 
102 	 1 	 318  	 11605.6 	  	 11605.6 	 	 11605.6 	 	 0 
102 	 1 	 319  	 11605.6 	  	 11605.6 	 	 11605.6 	 	 0 
102 	 1 	 320  	 11605.6 	  	 11605.6 	 	 11605.6 	 	 0 
102 	 1 	 321  	 11605.6 	  	 11605.6 	 	 11605.6 	 	 0 
102 	 1 	 322  	 11605.6 	  	 11605.6 	 	 11605.6 	 	 0 
102 	 1 	 323  	 11605.6 	  	 11605.6 	 	 11605.6 	 	 0 
102 	 1 	 324  	 11605.6 	  	 11605.6 	 	 11605.6 	 	 0 
102 	 1 	 325  	 11605.6 	  	 11605.6 	 	 11605.6 	 	 0 
102 	 1 	 326  	 11605.6 	  	 11605.6 	 	 11605.6 	 	 0 
102 	 1 	 327  	 11605.6 	  	 11605.6 	 	 11605.6 	 	 0 
102 	 1 	 328  	 11605.6 	  	 11605.6 	 	 11605.6 	 	 0 
102 	 1 	 329  	 11605.6 	  	 11605.6 	 	 11605.6 	 	 0 
102 	 1 	 330  	 11605.6 	  	 11605.6 	 	 11605.6 	 	 0 
102 	 1 	 331  	 11605.6 	  	 11605.6 	 	 11605.6 	 	 0 
102 	 1 	 332  	 11605.6 	  	 11605.6 	 	 11605.6 	 	 0 
102 	 1 	 333  	 11605.6 	  	 11605.6 	 	 11605.6 	 	 0 
102 	 1 	 334  	 11605.6 	  	 11605.6 	 	 11605.6 	 	 0 
102 	 1 	 335  	 11605.6 	  	 11605.6 	 	 11605.6 	 	 0 
102 	 1 	 336  	 11605.6 	  	 11605.6 	 	 11605.6 	 	 0 
102 	 1 	 337  	 11605.6 	  	 11605.6 	 	 11605.6 	 	 0 
102 	 1 	 338  	 11605.6 	  	 11605.6 	 	 11605.6 	 	 0 
102 	 1 	 339  	 11605.6 	  	 11605.6 	 	 11605.6 	 	 0 
102 	 1 	 340  	 11605.6 	  	 11605.6 	 	 11605.6 	 	 0 
102 	 1 	 341  	 11605.6 	  	 11605.6 	 	 11605.6 	 	 0 
102 	 1 	 342  	 11605.6 	  	 11605.6 	 	 11605.6 	 	 0 
102 	 1 	 343  	 11605.6 	  	 11605.6 	 	 11605.6 	 	 0 
102 	 1 	 344  	 11605.6 	  	 11605.6 	 	 11605.6 	 	 0 
102 	 1 	 345  	 11605.6 	  	 11605.6 	 	 11605.6 	 	 0 
102 	 1 	 346  	 11605.6 	  	 11605.6 	 	 11605.6 	 	 0 
102 	 1 	 347  	 11605.6 	  	 11605.6 	 	 11605.6 	 	 0 
102 	 1 	 348  	 11605.6 	  	 11605.6 	 	 11605.6 	 	 0 
102 	 1 	 349  	 11605.6 	  	 11605.6 	 	 11605.6 	 	 0 
102 	 1 	 350  	 11605.6 	  	 11605.6 	 	 11605.6 	 	 0 
102 	 1 	 351  	 11605.6 	  	 11605.6 	 	 11605.6 	 	 0 
102 	 1 	 352  	 11605.6 	  	 11605.6 	 	 11605.6 	 	 0 
102 	 1 	 353  	 11605.6 	  	 11605.6 	 	 11605.6 	 	 0 
102 	 1 	 354  	 11605.6 	  	 11605.6 	 	 11605.6 	 	 0 
102 	 1 	 355  	 11605.6 	  	 11605.6 	 	 11605.6 	 	 0 
102 	 1 	 356  	 11605.6 	  	 11605.6 	 	 11605.6 	 	 0 
102 	 1 	 357  	 11605.6 	  	 11605.6 	 	 11605.6 	 	 0 
102 	 1 	 358  	 11605.6 	  	 11605.6 	 	 11605.6 	 	 0 
102 	 1 	 359  	 11605.6 	  	 11605.6 	 	 11605.6 	 	 0 
102 	 1 	 360  	 11605.6 	  	 11605.6 	 	 11605.6 	 	 0 
102 	 1 	 361  	 11605.6 	  	 11605.6 	 	 11605.6 	 	 0 
102 	 1 	 362  	 11605.6 	  	 11605.6 	 	 11605.6 	 	 0 
102 	 1 	 363  	 11605.6 	  	 11605.6 	 	 11605.6 	 	 0 
102 	 1 	 364  	 11605.6 	  	 11605.6 	 	 11605.6 	 	 0 
102 	 1 	 365  	 11605.6 	  	 11605.6 	 	 11605.6 	 	 0 
102 	 1 	 366  	 11605.6 	  	 11605.6 	 	 11605.6 	 	 0 
102 	 1 	 367  	 11605.6 	  	 11605.6 	 	 11605.6 	 	 0 
102 	 1 	 368  	 11605.6 	  	 11605.6 	 	 11605.6 	 	 0 
102 	 1 	 369  	 11605.6 	  	 11605.6 	 	 11605.6 	 	 0 
102 	 1 	 370  	 11605.6 	  	 11605.6 	 	 11605.6 	 	 0 
102 	 1 	 371  	 11605.6 	  	 11605.6 	 	 11605.6 	 	 0 
102 	 1 	 372  	 11605.6 	  	 11605.6 	 	 11605.6 	 	 0 
102 	 1 	 373  	 11605.6 	  	 11605.6 	 	 11605.6 	 	 0 
102 	 1 	 374  	 11605.6 	  	 11605.6 	 	 11605.6 	 	 0 
102 	 1 	 375  	 11605.6 	  	 11605.6 	 	 11605.6 	 	 0 
102 	 1 	 376  	 11605.6 	  	 11605.6 	 	 11605.6 	 	 0 
102 	 1 	 377  	 11605.6 	  	 11605.6 	 	 11605.6 	 	 0 
102 	 1 	 378  	 11605.6 	  	 11605.6 	 	 11605.6 	 	 0 
102 	 1 	 379  	 11605.6 	  	 11605.6 	 	 11605.6 	 	 0 
102 	 1 	 380  	 11605.6 	  	 11605.6 	 	 11605.6 	 	 0 
102 	 1 	 381  	 11605.6 	  	 11605.6 	 	 11605.6 	 	 0 
102 	 1 	 382  	 11605.6 	  	 11605.6 	 	 11605.6 	 	 0 
102 	 1 	 383  	 11605.6 	  	 11605.6 	 	 11605.6 	 	 0 
102 	 1 	 384  	 11605.6 	  	 11605.6 	 	 11605.6 	 	 0 
102 	 1 	 385  	 11605.6 	  	 11605.6 	 	 11605.6 	 	 0 
102 	 1 	 386  	 11605.6 	  	 11605.6 	 	 11605.6 	 	 0 
102 	 1 	 387  	 11605.6 	  	 11605.6 	 	 11605.6 	 	 0 
102 	 1 	 388  	 11605.6 	  	 11605.6 	 	 11605.6 	 	 0 
102 	 1 	 389  	 11605.6 	  	 11605.6 	 	 11605.6 	 	 0 
102 	 1 	 390  	 11605.6 	  	 11605.6 	 	 11605.6 	 	 0 
102 	 1 	 391  	 11605.6 	  	 11605.6 	 	 11605.6 	 	 0 
102 	 1 	 392  	 11605.6 	  	 11605.6 	 	 11605.6 	 	 0 
102 	 1 	 393  	 11605.6 	  	 11605.6 	 	 11605.6 	 	 0 
102 	 1 	 394  	 11605.6 	  	 11605.6 	 	 11605.6 	 	 0 
102 	 1 	 395  	 11605.6 	  	 11605.6 	 	 11605.6 	 	 0 
102 	 1 	 396  	 11605.6 	  	 11605.6 	 	 11605.6 	 	 0 
102 	 1 	 397  	 11605.6 	  	 11605.6 	 	 11605.6 	 	 0 
102 	 1 	 398  	 11605.6 	  	 11605.6 	 	 11605.6 	 	 0 
102 	 1 	 399  	 11605.6 	  	 11605.6 	 	 11605.6 	 	 0 
102 	 1 	 400  	 11605.6 	  	 11605.6 	 	 11605.6 	 	 0 
102 	 1 	 401  	 11605.6 	  	 11605.6 	 	 11605.6 	 	 0 
102 	 1 	 402  	 11605.6 	  	 11605.6 	 	 11605.6 	 	 0 
102 	 1 	 403  	 11605.6 	  	 11605.6 	 	 11605.6 	 	 0 
102 	 1 	 404  	 11605.6 	  	 11605.6 	 	 11605.6 	 	 0 
102 	 1 	 405  	 11605.6 	  	 11605.6 	 	 11605.6 	 	 0 
102 	 1 	 406  	 11605.6 	  	 11605.6 	 	 11605.6 	 	 0 
102 	 1 	 407  	 11605.6 	  	 11605.6 	 	 11605.6 	 	 0 
102 	 1 	 408  	 11605.6 	  	 11605.6 	 	 11605.6 	 	 0 
102 	 1 	 409  	 11605.6 	  	 11605.6 	 	 11605.6 	 	 0 
102 	 1 	 410  	 11605.6 	  	 11605.6 	 	 11605.6 	 	 0 
102 	 1 	 411  	 11605.6 	  	 11605.6 	 	 11605.6 	 	 0 
102 	 1 	 412  	 11605.6 	  	 11605.6 	 	 11605.6 	 	 0 
102 	 1 	 413  	 11605.6 	  	 11605.6 	 	 11605.6 	 	 0 
102 	 1 	 414  	 11605.6 	  	 11605.6 	 	 11605.6 	 	 0 
102 	 1 	 415  	 11605.6 	  	 11605.6 	 	 11605.6 	 	 0 
102 	 1 	 416  	 11605.6 	  	 11605.6 	 	 11605.6 	 	 0 
102 	 1 	 417  	 11605.6 	  	 11605.6 	 	 11605.6 	 	 0 
102 	 1 	 418  	 11605.6 	  	 11605.6 	 	 11605.6 	 	 0 
102 	 1 	 419  	 11605.6 	  	 11605.6 	 	 11605.6 	 	 0 
102 	 1 	 420  	 11605.6 	  	 11605.6 	 	 11605.6 	 	 0 
102 	 1 	 421  	 11605.6 	  	 11605.6 	 	 11605.6 	 	 0 
102 	 1 	 422  	 11605.6 	  	 11605.6 	 	 11605.6 	 	 0 
102 	 1 	 423  	 11605.6 	  	 11605.6 	 	 11605.6 	 	 0 
102 	 1 	 424  	 11605.6 	  	 11605.6 	 	 11605.6 	 	 0 
102 	 1 	 425  	 11605.6 	  	 11605.6 	 	 11605.6 	 	 0 
102 	 1 	 426  	 11605.6 	  	 11605.6 	 	 11605.6 	 	 0 
102 	 1 	 427  	 11605.6 	  	 11605.6 	 	 11605.6 	 	 0 
102 	 1 	 428  	 11605.6 	  	 11605.6 	 	 11605.6 	 	 0 
102 	 1 	 429  	 11605.6 	  	 11605.6 	 	 11605.6 	 	 0 
102 	 1 	 430  	 11605.6 	  	 11605.6 	 	 11605.6 	 	 0 
102 	 1 	 431  	 11605.6 	  	 11605.6 	 	 11605.6 	 	 0 
102 	 1 	 432  	 11605.6 	  	 11605.6 	 	 11605.6 	 	 0 
102 	 1 	 433  	 11605.6 	  	 11605.6 	 	 11605.6 	 	 0 
102 	 1 	 434  	 11605.6 	  	 11605.6 	 	 11605.6 	 	 0 
102 	 1 	 435  	 11605.6 	  	 11605.6 	 	 11605.6 	 	 0 
102 	 1 	 436  	 11605.6 	  	 11605.6 	 	 11605.6 	 	 0 
102 	 1 	 437  	 11605.6 	  	 11605.6 	 	 11605.6 	 	 0 
102 	 1 	 438  	 11605.6 	  	 11605.6 	 	 11605.6 	 	 0 
102 	 1 	 439  	 11605.6 	  	 11605.6 	 	 11605.6 	 	 0 
102 	 1 	 440  	 11605.6 	  	 11605.6 	 	 11605.6 	 	 0 
102 	 1 	 441  	 11605.6 	  	 11605.6 	 	 11605.6 	 	 0 
102 	 1 	 442  	 11605.6 	  	 11605.6 	 	 11605.6 	 	 0 
102 	 1 	 443  	 11605.6 	  	 11605.6 	 	 11605.6 	 	 0 
102 	 1 	 444  	 11605.6 	  	 11605.6 	 	 11605.6 	 	 0 
102 	 1 	 445  	 11605.6 	  	 11605.6 	 	 11605.6 	 	 0 
102 	 1 	 446  	 11605.6 	  	 11605.6 	 	 11605.6 	 	 0 
102 	 1 	 447  	 11605.6 	  	 11605.6 	 	 11605.6 	 	 0 
102 	 1 	 448  	 11605.6 	  	 11605.6 	 	 11605.6 	 	 0 
102 	 1 	 449  	 11605.6 	  	 11605.6 	 	 11605.6 	 	 0 
102 	 1 	 450  	 11605.6 	  	 11605.6 	 	 11605.6 	 	 0 
102 	 1 	 451  	 11605.6 	  	 11605.6 	 	 11605.6 	 	 0 
102 	 1 	 452  	 11605.6 	  	 11605.6 	 	 11605.6 	 	 0 
102 	 1 	 453  	 11605.6 	  	 11605.6 	 	 11605.6 	 	 0 
102 	 1 	 454  	 11605.6 	  	 11605.6 	 	 11605.6 	 	 0 
102 	 1 	 455  	 11605.6 	  	 11605.6 	 	 11605.6 	 	 0 
102 	 1 	 456  	 11605.6 	  	 11605.6 	 	 11605.6 	 	 0 
102 	 1 	 457  	 11605.6 	  	 11605.6 	 	 11605.6 	 	 0 
102 	 1 	 458  	 11605.6 	  	 11605.6 	 	 11605.6 	 	 0 
102 	 1 	 459  	 11605.6 	  	 11605.6 	 	 11605.6 	 	 0 
102 	 1 	 460  	 11605.6 	  	 11605.6 	 	 11605.6 	 	 0 
102 	 1 	 461  	 11605.6 	  	 11605.6 	 	 11605.6 	 	 0 
102 	 1 	 462  	 11605.6 	  	 11605.6 	 	 11605.6 	 	 0 
102 	 1 	 463  	 11605.6 	  	 11605.6 	 	 11605.6 	 	 0 
102 	 1 	 464  	 11605.6 	  	 11605.6 	 	 11605.6 	 	 0 
102 	 1 	 465  	 11605.6 	  	 11605.6 	 	 11605.6 	 	 0 
102 	 1 	 466  	 11605.6 	  	 11605.6 	 	 11605.6 	 	 0 
102 	 1 	 467  	 11605.6 	  	 11605.6 	 	 11605.6 	 	 0 
102 	 1 	 468  	 11605.6 	  	 11605.6 	 	 11605.6 	 	 0 
102 	 1 	 469  	 11605.6 	  	 11605.6 	 	 11605.6 	 	 0 
102 	 1 	 470  	 11605.6 	  	 11605.6 	 	 11605.6 	 	 0 
102 	 1 	 471  	 11605.6 	  	 11605.6 	 	 11605.6 	 	 0 
102 	 1 	 472  	 11605.6 	  	 11605.6 	 	 11605.6 	 	 0 
102 	 1 	 473  	 11605.6 	  	 11605.6 	 	 11605.6 	 	 0 
102 	 1 	 474  	 11605.6 	  	 11605.6 	 	 11605.6 	 	 0 
102 	 1 	 475  	 11605.6 	  	 11605.6 	 	 11605.6 	 	 0 
102 	 1 	 476  	 11605.6 	  	 11605.6 	 	 11605.6 	 	 0 
102 	 1 	 477  	 11605.6 	  	 11605.6 	 	 11605.6 	 	 0 
102 	 1 	 478  	 11605.6 	  	 11605.6 	 	 11605.6 	 	 0 
102 	 1 	 479  	 11605.6 	  	 11605.6 	 	 11605.6 	 	 0 
102 	 1 	 480  	 11605.6 	  	 11605.6 	 	 11605.6 	 	 0 
102 	 1 	 481  	 11605.6 	  	 11605.6 	 	 11605.6 	 	 0 
102 	 1 	 482  	 11605.6 	  	 11605.6 	 	 11605.6 	 	 0 
102 	 1 	 483  	 11605.6 	  	 11605.6 	 	 11605.6 	 	 0 
102 	 1 	 484  	 11605.6 	  	 11605.6 	 	 11605.6 	 	 0 
102 	 1 	 485  	 11605.6 	  	 11605.6 	 	 11605.6 	 	 0 
102 	 1 	 486  	 11605.6 	  	 11605.6 	 	 11605.6 	 	 0 
102 	 1 	 487  	 11605.6 	  	 11605.6 	 	 11605.6 	 	 0 
102 	 1 	 488  	 11605.6 	  	 11605.6 	 	 11605.6 	 	 0 
102 	 1 	 489  	 11605.6 	  	 11605.6 	 	 11605.6 	 	 0 
102 	 1 	 490  	 11605.6 	  	 11605.6 	 	 11605.6 	 	 0 
102 	 1 	 491  	 11605.6 	  	 11605.6 	 	 11605.6 	 	 0 
102 	 1 	 492  	 11605.6 	  	 11605.6 	 	 11605.6 	 	 0 
102 	 1 	 493  	 11605.6 	  	 11605.6 	 	 11605.6 	 	 0 
102 	 1 	 494  	 11605.6 	  	 11605.6 	 	 11605.6 	 	 0 
102 	 1 	 495  	 11605.6 	  	 11605.6 	 	 11605.6 	 	 0 
102 	 1 	 496  	 11605.6 	  	 11605.6 	 	 11605.6 	 	 0 
102 	 1 	 497  	 11605.6 	  	 11605.6 	 	 11605.6 	 	 0 
102 	 1 	 498  	 11605.6 	  	 11605.6 	 	 11605.6 	 	 0 
102 	 1 	 499  	 11605.6 	  	 11605.6 	 	 11605.6 	 	 0 
102 	 1 	 500  	 11605.6 	  	 11605.6 	 	 11605.6 	 	 0 
102 	 1 	 501  	 11605.6 	  	 11605.6 	 	 11605.6 	 	 0 
102 	 1 	 502  	 11605.6 	  	 11605.6 	 	 11605.6 	 	 0 
102 	 1 	 503  	 11605.6 	  	 11605.6 	 	 11605.6 	 	 0 
102 	 1 	 504  	 11605.6 	  	 11605.6 	 	 11605.6 	 	 0 
102 	 1 	 505  	 11605.6 	  	 11605.6 	 	 11605.6 	 	 0 
102 	 1 	 506  	 11605.6 	  	 11605.6 	 	 11605.6 	 	 0 
102 	 1 	 507  	 11605.6 	  	 11605.6 	 	 11605.6 	 	 0 
102 	 1 	 508  	 11605.6 	  	 11605.6 	 	 11605.6 	 	 0 
102 	 1 	 509  	 11605.6 	  	 11605.6 	 	 11605.6 	 	 0 
102 	 1 	 510  	 11605.6 	  	 11605.6 	 	 11605.6 	 	 0 
102 	 1 	 511  	 11605.6 	  	 11605.6 	 	 11605.6 	 	 0 
102 	 1 	 512  	 11605.6 	  	 11605.6 	 	 11605.6 	 	 0 
102 	 1 	 513  	 11605.6 	  	 11605.6 	 	 11605.6 	 	 0 
102 	 1 	 514  	 11605.6 	  	 11605.6 	 	 11605.6 	 	 0 
102 	 1 	 515  	 11605.6 	  	 11605.6 	 	 11605.6 	 	 0 
102 	 1 	 516  	 11605.6 	  	 11605.6 	 	 11605.6 	 	 0 
102 	 1 	 517  	 11605.6 	  	 11605.6 	 	 11605.6 	 	 0 
102 	 1 	 518  	 11605.6 	  	 11605.6 	 	 11605.6 	 	 0 
102 	 1 	 519  	 11605.6 	  	 11605.6 	 	 11605.6 	 	 0 
102 	 1 	 520  	 11605.6 	  	 11605.6 	 	 11605.6 	 	 0 
102 	 1 	 521  	 11605.6 	  	 11605.6 	 	 11605.6 	 	 0 
102 	 1 	 522  	 11605.6 	  	 11605.6 	 	 11605.6 	 	 0 
102 	 1 	 523  	 11605.6 	  	 11605.6 	 	 11605.6 	 	 0 
102 	 1 	 524  	 11605.6 	  	 11605.6 	 	 11605.6 	 	 0 
102 	 1 	 525  	 11605.6 	  	 11605.6 	 	 11605.6 	 	 0 
102 	 1 	 526  	 11605.6 	  	 11605.6 	 	 11605.6 	 	 0 
102 	 1 	 527  	 11605.6 	  	 11605.6 	 	 11605.6 	 	 0 
102 	 1 	 528  	 11605.6 	  	 11605.6 	 	 11605.6 	 	 0 
102 	 1 	 529  	 11605.6 	  	 11605.6 	 	 11605.6 	 	 0 
102 	 1 	 530  	 11605.6 	  	 11605.6 	 	 11605.6 	 	 0 
102 	 1 	 531  	 11605.6 	  	 11605.6 	 	 11605.6 	 	 0 
102 	 1 	 532  	 11605.6 	  	 11605.6 	 	 11605.6 	 	 0 
102 	 1 	 533  	 11605.6 	  	 11605.6 	 	 11605.6 	 	 0 
102 	 1 	 534  	 11605.6 	  	 11605.6 	 	 11605.6 	 	 0 
102 	 1 	 535  	 11605.6 	  	 11605.6 	 	 11605.6 	 	 0 
102 	 1 	 536  	 11605.6 	  	 11605.6 	 	 11605.6 	 	 0 
102 	 1 	 537  	 11605.6 	  	 11605.6 	 	 11605.6 	 	 0 
102 	 1 	 538  	 11605.6 	  	 11605.6 	 	 11605.6 	 	 0 
102 	 1 	 539  	 11605.6 	  	 11605.6 	 	 11605.6 	 	 0 
102 	 1 	 540  	 11605.6 	  	 11605.6 	 	 11605.6 	 	 0 
102 	 1 	 541  	 11605.6 	  	 11605.6 	 	 11605.6 	 	 0 
102 	 1 	 542  	 11605.6 	  	 11605.6 	 	 11605.6 	 	 0 
102 	 1 	 543  	 11605.6 	  	 11605.6 	 	 11605.6 	 	 0 
102 	 1 	 544  	 11605.6 	  	 11605.6 	 	 11605.6 	 	 0 
102 	 1 	 545  	 11605.6 	  	 11605.6 	 	 11605.6 	 	 0 
102 	 1 	 546  	 11605.6 	  	 11605.6 	 	 11605.6 	 	 0 
102 	 1 	 547  	 11605.6 	  	 11605.6 	 	 11605.6 	 	 0 
102 	 1 	 548  	 11605.6 	  	 11605.6 	 	 11605.6 	 	 0 
102 	 1 	 549  	 11605.6 	  	 11605.6 	 	 11605.6 	 	 0 
102 	 1 	 550  	 11605.6 	  	 11605.6 	 	 11605.6 	 	 0 
102 	 1 	 551  	 11605.6 	  	 11605.6 	 	 11605.6 	 	 0 
102 	 1 	 552  	 11605.6 	  	 11605.6 	 	 11605.6 	 	 0 
102 	 1 	 553  	 11605.6 	  	 11605.6 	 	 11605.6 	 	 0 
102 	 1 	 554  	 11605.6 	  	 11605.6 	 	 11605.6 	 	 0 
102 	 1 	 555  	 11605.6 	  	 11605.6 	 	 11605.6 	 	 0 
102 	 1 	 556  	 11605.6 	  	 11605.6 	 	 11605.6 	 	 0 
102 	 1 	 557  	 11605.6 	  	 11605.6 	 	 11605.6 	 	 0 
102 	 1 	 558  	 11605.6 	  	 11605.6 	 	 11605.6 	 	 0 
102 	 1 	 559  	 11605.6 	  	 11605.6 	 	 11605.6 	 	 0 
102 	 1 	 560  	 11605.6 	  	 11605.6 	 	 11605.6 	 	 0 
102 	 1 	 561  	 11605.6 	  	 11605.6 	 	 11605.6 	 	 0 
102 	 1 	 562  	 11605.6 	  	 11605.6 	 	 11605.6 	 	 0 
102 	 1 	 563  	 11605.6 	  	 11605.6 	 	 11605.6 	 	 0 
102 	 1 	 564  	 11605.6 	  	 11605.6 	 	 11605.6 	 	 0 
102 	 1 	 565  	 11605.6 	  	 11605.6 	 	 11605.6 	 	 0 
102 	 1 	 566  	 11605.6 	  	 11605.6 	 	 11605.6 	 	 0 
102 	 1 	 567  	 11605.6 	  	 11605.6 	 	 11605.6 	 	 0 
102 	 1 	 568  	 11605.6 	  	 11605.6 	 	 11605.6 	 	 0 
102 	 1 	 569  	 11605.6 	  	 11605.6 	 	 11605.6 	 	 0 
102 	 1 	 570  	 11605.6 	  	 11605.6 	 	 11605.6 	 	 0 
102 	 1 	 571  	 11605.6 	  	 11605.6 	 	 11605.6 	 	 0 
102 	 1 	 572  	 11605.6 	  	 11605.6 	 	 11605.6 	 	 0 
102 	 1 	 573  	 11605.6 	  	 11605.6 	 	 11605.6 	 	 0 
102 	 1 	 574  	 11605.6 	  	 11605.6 	 	 11605.6 	 	 0 
102 	 1 	 575  	 11605.6 	  	 11605.6 	 	 11605.6 	 	 0 
102 	 1 	 576  	 11605.6 	  	 11605.6 	 	 11605.6 	 	 0 
102 	 1 	 577  	 11605.6 	  	 11605.6 	 	 11605.6 	 	 0 
102 	 1 	 578  	 11605.6 	  	 11605.6 	 	 11605.6 	 	 0 
102 	 1 	 579  	 11605.6 	  	 11605.6 	 	 11605.6 	 	 0 
102 	 1 	 580  	 11605.6 	  	 11605.6 	 	 11605.6 	 	 0 
102 	 1 	 581  	 11605.6 	  	 11605.6 	 	 11605.6 	 	 0 
102 	 1 	 582  	 11605.6 	  	 11605.6 	 	 11605.6 	 	 0 
102 	 1 	 583  	 11605.6 	  	 11605.6 	 	 11605.6 	 	 0 
102 	 1 	 584  	 11605.6 	  	 11605.6 	 	 11605.6 	 	 0 
102 	 1 	 585  	 11605.6 	  	 11605.6 	 	 11605.6 	 	 0 
102 	 1 	 586  	 11605.6 	  	 11605.6 	 	 11605.6 	 	 0 
102 	 1 	 587  	 11605.6 	  	 11605.6 	 	 11605.6 	 	 0 
102 	 1 	 588  	 11605.6 	  	 11605.6 	 	 11605.6 	 	 0 
102 	 1 	 589  	 11605.6 	  	 11605.6 	 	 11605.6 	 	 0 
102 	 1 	 590  	 11605.6 	  	 11605.6 	 	 11605.6 	 	 0 
102 	 1 	 591  	 11605.6 	  	 11605.6 	 	 11605.6 	 	 0 
102 	 1 	 592  	 11605.6 	  	 11605.6 	 	 11605.6 	 	 0 
102 	 1 	 593  	 11605.6 	  	 11605.6 	 	 11605.6 	 	 0 
102 	 1 	 594  	 11605.6 	  	 11605.6 	 	 11605.6 	 	 0 
102 	 1 	 595  	 11605.6 	  	 11605.6 	 	 11605.6 	 	 0 
102 	 1 	 596  	 11605.6 	  	 11605.6 	 	 11605.6 	 	 0 
102 	 1 	 597  	 11605.6 	  	 11605.6 	 	 11605.6 	 	 0 
102 	 1 	 598  	 11605.6 	  	 11605.6 	 	 11605.6 	 	 0 
102 	 1 	 599  	 11605.6 	  	 11605.6 	 	 11605.6 	 	 0 
102 	 1 	 600  	 11605.6 	  	 11605.6 	 	 11605.6 	 	 0 
102 	 1 	 601  	 11605.6 	  	 11605.6 	 	 11605.6 	 	 0 
102 	 1 	 602  	 11605.6 	  	 11605.6 	 	 11605.6 	 	 0 
102 	 1 	 603  	 11605.6 	  	 11605.6 	 	 11605.6 	 	 0 
102 	 1 	 604  	 11605.6 	  	 11605.6 	 	 11605.6 	 	 0 
102 	 1 	 605  	 11605.6 	  	 11605.6 	 	 11605.6 	 	 0 
102 	 1 	 606  	 11605.6 	  	 11605.6 	 	 11605.6 	 	 0 
102 	 1 	 607  	 11605.6 	  	 11605.6 	 	 11605.6 	 	 0 
102 	 1 	 608  	 11605.6 	  	 11605.6 	 	 11605.6 	 	 0 
102 	 1 	 609  	 11605.6 	  	 11605.6 	 	 11605.6 	 	 0 
102 	 1 	 610  	 11605.6 	  	 11605.6 	 	 11605.6 	 	 0 
102 	 1 	 611  	 11605.6 	  	 11605.6 	 	 11605.6 	 	 0 
102 	 1 	 612  	 11605.6 	  	 11605.6 	 	 11605.6 	 	 0 
102 	 1 	 613  	 11605.6 	  	 11605.6 	 	 11605.6 	 	 0 
102 	 1 	 614  	 11605.6 	  	 11605.6 	 	 11605.6 	 	 0 
102 	 1 	 615  	 11605.6 	  	 11605.6 	 	 11605.6 	 	 0 
102 	 1 	 616  	 11605.6 	  	 11605.6 	 	 11605.6 	 	 0 
102 	 1 	 617  	 11605.6 	  	 11605.6 	 	 11605.6 	 	 0 
102 	 1 	 618  	 11605.6 	  	 11605.6 	 	 11605.6 	 	 0 
102 	 1 	 619  	 11605.6 	  	 11605.6 	 	 11605.6 	 	 0 
102 	 1 	 620  	 11605.6 	  	 11605.6 	 	 11605.6 	 	 0 
102 	 1 	 621  	 11605.6 	  	 11605.6 	 	 11605.6 	 	 0 
102 	 1 	 622  	 11605.6 	  	 11605.6 	 	 11605.6 	 	 0 
102 	 1 	 623  	 11605.6 	  	 11605.6 	 	 11605.6 	 	 0 
102 	 1 	 624  	 11605.6 	  	 11605.6 	 	 11605.6 	 	 0 
102 	 1 	 625  	 11605.6 	  	 11605.6 	 	 11605.6 	 	 0 
102 	 1 	 626  	 11605.6 	  	 11605.6 	 	 11605.6 	 	 0 
102 	 1 	 627  	 11605.6 	  	 11605.6 	 	 11605.6 	 	 0 
102 	 1 	 628  	 11605.6 	  	 11605.6 	 	 11605.6 	 	 0 
102 	 1 	 629  	 11605.6 	  	 11605.6 	 	 11605.6 	 	 0 
102 	 1 	 630  	 11605.6 	  	 11605.6 	 	 11605.6 	 	 0 
102 	 1 	 631  	 11605.6 	  	 11605.6 	 	 11605.6 	 	 0 
102 	 1 	 632  	 11605.6 	  	 11605.6 	 	 11605.6 	 	 0 
102 	 1 	 633  	 11605.6 	  	 11605.6 	 	 11605.6 	 	 0 
102 	 1 	 634  	 11605.6 	  	 11605.6 	 	 11605.6 	 	 0 
102 	 1 	 635  	 11605.6 	  	 11605.6 	 	 11605.6 	 	 0 
102 	 1 	 636  	 11605.6 	  	 11605.6 	 	 11605.6 	 	 0 
102 	 1 	 637  	 11605.6 	  	 11605.6 	 	 11605.6 	 	 0 
102 	 1 	 638  	 11605.6 	  	 11605.6 	 	 11605.6 	 	 0 
102 	 1 	 639  	 11605.6 	  	 11605.6 	 	 11605.6 	 	 0 
102 	 1 	 640  	 11605.6 	  	 11605.6 	 	 11605.6 	 	 0 
102 	 1 	 641  	 11605.6 	  	 11605.6 	 	 11605.6 	 	 0 
102 	 1 	 642  	 11605.6 	  	 11605.6 	 	 11605.6 	 	 0 
102 	 1 	 643  	 11605.6 	  	 11605.6 	 	 11605.6 	 	 0 
102 	 1 	 644  	 11605.6 	  	 11605.6 	 	 11605.6 	 	 0 
102 	 1 	 645  	 11605.6 	  	 11605.6 	 	 11605.6 	 	 0 
102 	 1 	 646  	 11605.6 	  	 11605.6 	 	 11605.6 	 	 0 
102 	 1 	 647  	 11605.6 	  	 11605.6 	 	 11605.6 	 	 0 
102 	 1 	 648  	 11605.6 	  	 11605.6 	 	 11605.6 	 	 0 
102 	 1 	 649  	 11605.6 	  	 11605.6 	 	 11605.6 	 	 0 
102 	 1 	 650  	 11605.6 	  	 11605.6 	 	 11605.6 	 	 0 
102 	 1 	 651  	 11605.6 	  	 11605.6 	 	 11605.6 	 	 0 
102 	 1 	 652  	 11605.6 	  	 11605.6 	 	 11605.6 	 	 0 
102 	 1 	 653  	 11605.6 	  	 11605.6 	 	 11605.6 	 	 0 
102 	 1 	 654  	 11605.6 	  	 11605.6 	 	 11605.6 	 	 0 
102 	 1 	 655  	 11605.6 	  	 11605.6 	 	 11605.6 	 	 0 
102 	 1 	 656  	 11605.6 	  	 11605.6 	 	 11605.6 	 	 0 
102 	 1 	 657  	 11605.6 	  	 11605.6 	 	 11605.6 	 	 0 
102 	 1 	 658  	 11605.6 	  	 11605.6 	 	 11605.6 	 	 0 
102 	 1 	 659  	 11605.6 	  	 11605.6 	 	 11605.6 	 	 0 
102 	 1 	 660  	 11605.6 	  	 11605.6 	 	 11605.6 	 	 0 
102 	 1 	 661  	 11605.6 	  	 11605.6 	 	 11605.6 	 	 0 
102 	 1 	 662  	 11605.6 	  	 11605.6 	 	 11605.6 	 	 0 
102 	 1 	 663  	 11605.6 	  	 11605.6 	 	 11605.6 	 	 0 
102 	 1 	 664  	 11605.6 	  	 11605.6 	 	 11605.6 	 	 0 
102 	 1 	 665  	 11605.6 	  	 11605.6 	 	 11605.6 	 	 0 
102 	 1 	 666  	 11605.6 	  	 11605.6 	 	 11605.6 	 	 0 
102 	 1 	 667  	 11605.6 	  	 11605.6 	 	 11605.6 	 	 0 
102 	 1 	 668  	 11605.6 	  	 11605.6 	 	 11605.6 	 	 0 
102 	 1 	 669  	 11605.6 	  	 11605.6 	 	 11605.6 	 	 0 
102 	 1 	 670  	 11605.6 	  	 11605.6 	 	 11605.6 	 	 0 
102 	 1 	 671  	 11605.6 	  	 11605.6 	 	 11605.6 	 	 0 
102 	 1 	 672  	 11605.6 	  	 11605.6 	 	 11605.6 	 	 0 
102 	 1 	 673  	 11605.6 	  	 11605.6 	 	 11605.6 	 	 0 
102 	 1 	 674  	 11605.6 	  	 11605.6 	 	 11605.6 	 	 0 
102 	 1 	 675  	 11605.6 	  	 11605.6 	 	 11605.6 	 	 0 
102 	 1 	 676  	 11605.6 	  	 11605.6 	 	 11605.6 	 	 0 
102 	 1 	 677  	 11605.6 	  	 11605.6 	 	 11605.6 	 	 0 
102 	 1 	 678  	 11605.6 	  	 11605.6 	 	 11605.6 	 	 0 
102 	 1 	 679  	 11605.6 	  	 11605.6 	 	 11605.6 	 	 0 
102 	 1 	 680  	 11605.6 	  	 11605.6 	 	 11605.6 	 	 0 
102 	 1 	 681  	 11605.6 	  	 11605.6 	 	 11605.6 	 	 0 
102 	 1 	 682  	 11605.6 	  	 11605.6 	 	 11605.6 	 	 0 
102 	 1 	 683  	 11605.6 	  	 11605.6 	 	 11605.6 	 	 0 
102 	 1 	 684  	 11605.6 	  	 11605.6 	 	 11605.6 	 	 0 
102 	 1 	 685  	 11605.6 	  	 11605.6 	 	 11605.6 	 	 0 
102 	 1 	 686  	 11605.6 	  	 11605.6 	 	 11605.6 	 	 0 
102 	 1 	 687  	 11605.6 	  	 11605.6 	 	 11605.6 	 	 0 
102 	 1 	 688  	 11605.6 	  	 11605.6 	 	 11605.6 	 	 0 
102 	 1 	 689  	 11605.6 	  	 11605.6 	 	 11605.6 	 	 0 
102 	 1 	 690  	 11605.6 	  	 11605.6 	 	 11605.6 	 	 0 
102 	 1 	 691  	 11605.6 	  	 11605.6 	 	 11605.6 	 	 0 
102 	 1 	 692  	 11605.6 	  	 11605.6 	 	 11605.6 	 	 0 
102 	 1 	 693  	 11605.6 	  	 11605.6 	 	 11605.6 	 	 0 
102 	 1 	 694  	 11605.6 	  	 11605.6 	 	 11605.6 	 	 0 
102 	 1 	 695  	 11605.6 	  	 11605.6 	 	 11605.6 	 	 0 
102 	 1 	 696  	 11605.6 	  	 11605.6 	 	 11605.6 	 	 0 
102 	 1 	 697  	 11605.6 	  	 11605.6 	 	 11605.6 	 	 0 
102 	 1 	 698  	 11605.6 	  	 11605.6 	 	 11605.6 	 	 0 
102 	 1 	 699  	 11605.6 	  	 11605.6 	 	 11605.6 	 	 0 
102 	 1 	 700  	 11605.6 	  	 11605.6 	 	 11605.6 	 	 0 
102 	 1 	 701  	 11605.6 	  	 11605.6 	 	 11605.6 	 	 0 
102 	 1 	 702  	 11605.6 	  	 11605.6 	 	 11605.6 	 	 0 
102 	 1 	 703  	 11605.6 	  	 11605.6 	 	 11605.6 	 	 0 
102 	 1 	 704  	 11605.6 	  	 11605.6 	 	 11605.6 	 	 0 
102 	 1 	 705  	 11605.6 	  	 11605.6 	 	 11605.6 	 	 0 
102 	 1 	 706  	 11605.6 	  	 11605.6 	 	 11605.6 	 	 0 
102 	 1 	 707  	 11605.6 	  	 11605.6 	 	 11605.6 	 	 0 
102 	 1 	 708  	 11605.6 	  	 11605.6 	 	 11605.6 	 	 0 
102 	 1 	 709  	 11605.6 	  	 11605.6 	 	 11605.6 	 	 0 
102 	 1 	 710  	 11605.6 	  	 11605.6 	 	 11605.6 	 	 0 
102 	 1 	 711  	 11605.6 	  	 11605.6 	 	 11605.6 	 	 0 
102 	 1 	 712  	 11605.6 	  	 11605.6 	 	 11605.6 	 	 0 
102 	 1 	 713  	 11605.6 	  	 11605.6 	 	 11605.6 	 	 0 
102 	 1 	 714  	 11605.6 	  	 11605.6 	 	 11605.6 	 	 0 
