1 	 1 	 2 	 0.000532 	 0.000532  	 0.000532 	 0.003726   	 0.142857  	 0.000532   
1 	 1 	 6 	 0.000112 	 0.000112  	 0.000112 	 0.000786   	 0.142857  	 0.000112   
1 	 1 	 7 	 0.000890 	 0.000890  	 0.000890 	 0.006230   	 0.142857  	 0.000890   
1 	 1 	 10 	 0.002191 	 0.002191  	 0.002191 	 0.015335   	 0.142857  	 0.002191   
1 	 1 	 2 	 0.000353 	 0.000353  	 0.000353 	 0.002469   	 0.142857  	 0.000353   
1 	 1 	 2 	 0.000352 	 0.000352  	 0.000352 	 0.002463   	 0.142857  	 0.000352   
1 	 1 	 7 	 0.000725 	 0.000725  	 0.000725 	 0.005078   	 0.142857  	 0.000725   
1 	 2 	 2 	 0.000577 	 0.000577  	 0.000577 	 0.012124   	 0.047619  	 0.000577   
1 	 2 	 2 	 0.000576 	 0.000576  	 0.000576 	 0.012103   	 0.047619  	 0.000576   
1 	 3 	 6 	 0.271936 	 0.271936  	 0.271936 	 0.181291   	 1.500000  	 0.271936   
1 	 3 	 7 	 0.037203 	 0.037203  	 0.037203 	 0.024802   	 1.500000  	 0.037203   
1 	 3 	 10 	 0.007900 	 0.007900  	 0.007900 	 0.005267   	 1.500000  	 0.007900   
1 	 5 	 2 	 0.098633 	 0.098633  	 0.098633 	 0.246583   	 0.400000  	 0.098633   
1 	 5 	 3 	 0.000488 	 0.000488  	 0.000488 	 0.001221   	 0.400000  	 0.000488   
1 	 6 	 3 	 0.927460 	 0.927460  	 0.927460 	 2.967871   	 0.312500  	 0.927460   
1 	 6 	 5 	 0.000051 	 0.000051  	 0.000051 	 0.000164   	 0.312500  	 0.000051   
1 	 6 	 12 	 0.000085 	 0.000085  	 0.000085 	 0.000271   	 0.312500  	 0.000085   
1 	 6 	 14 	 0.000150 	 0.000150  	 0.000150 	 0.000481   	 0.312500  	 0.000150   
1 	 7 	 2 	 0.001398 	 0.001398  	 0.001398 	 0.001747   	 0.800000  	 0.001398   
1 	 7 	 7 	 0.001340 	 0.001340  	 0.001340 	 0.001675   	 0.800000  	 0.001340   
1 	 7 	 2 	 0.001381 	 0.001381  	 0.001381 	 0.001727   	 0.800000  	 0.001381   
1 	 7 	 5 	 3.010795 	 3.010795  	 3.010795 	 3.763494   	 0.800000  	 3.010795   
1 	 7 	 12 	 0.008290 	 0.008290  	 0.008290 	 0.010363   	 0.800000  	 0.008290   
1 	 7 	 14 	 0.009954 	 0.009954  	 0.009954 	 0.012443   	 0.800000  	 0.009954   
2 	 1 	 2 	 -0.000007 	 0.000345  	 0.000532 	 0.003726   	 0.142857  	 -0.000007   
2 	 1 	 6 	 -0.000028 	 0.000084  	 0.000112 	 0.000785   	 0.142857  	 0.000084   
2 	 1 	 7 	 -0.000221 	 0.000505  	 0.000889 	 0.006222   	 0.142857  	 -0.000221   
2 	 1 	 8 	 0.000165 	 0.000165  	 0.000165 	 0.001158   	 0.142857  	 0.000165   
2 	 1 	 10 	 -0.000541 	 0.001650  	 0.002188 	 0.015316   	 0.142857  	 0.001650   
2 	 1 	 14 	 0.001322 	 0.001322  	 0.001322 	 0.009251   	 0.142857  	 0.001322   
2 	 1 	 14 	 0.001299 	 0.001299  	 0.001299 	 0.009091   	 0.142857  	 0.001299   
2 	 1 	 8 	 0.000160 	 0.000160  	 0.000160 	 0.001122   	 0.142857  	 0.000160   
2 	 1 	 14 	 0.001282 	 0.001282  	 0.001282 	 0.008974   	 0.142857  	 0.001282   
2 	 2 	 2 	 -0.000001 	 0.000575  	 0.000578 	 0.012148   	 0.047619  	 -0.000001   
2 	 3 	 6 	 0.001545 	 0.273481  	 0.273481 	 0.182321   	 1.500000  	 0.273481   
2 	 3 	 8 	 -0.000051 	 0.004713  	 0.002331 	 0.001554   	 1.500000  	 0.004713   
2 	 3 	 10 	 0.000049 	 0.007949  	 0.007949 	 0.005299   	 1.500000  	 0.007949   
2 	 4 	 14 	 -0.000001 	 0.000170  	 0.000084 	 0.001436   	 0.058824  	 0.000170   
2 	 5 	 3 	 0.000000 	 0.000488  	 0.000488 	 0.001221   	 0.400000  	 0.000000   
2 	 6 	 14 	 0.006599 	 0.006749  	 0.006749 	 0.021597   	 0.312500  	 0.006599   
2 	 6 	 3 	 -0.003344 	 0.924115  	 0.924115 	 2.957169   	 0.312500  	 0.924115   
2 	 6 	 5 	 -0.000000 	 0.000051  	 0.000051 	 0.000164   	 0.312500  	 -0.000000   
2 	 6 	 12 	 -0.000000 	 0.000085  	 0.000085 	 0.000271   	 0.312500  	 -0.000000   
2 	 6 	 14 	 -0.000000 	 0.000150  	 0.000150 	 0.000481   	 0.312500  	 -0.000000   
2 	 7 	 8 	 -0.000034 	 0.005227  	 0.002597 	 0.003246   	 0.800000  	 0.005227   
2 	 7 	 14 	 0.000516 	 0.010470  	 0.010470 	 0.013087   	 0.800000  	 0.000516   
2 	 7 	 14 	 0.000499 	 0.010453  	 0.010453 	 0.013066   	 0.800000  	 0.000499   
2 	 7 	 5 	 0.026107 	 3.036902  	 3.036902 	 3.796127   	 0.800000  	 0.026107   
2 	 7 	 7 	 -0.000025 	 0.001315  	 0.001315 	 0.001644   	 0.800000  	 0.001315   
3 	 1 	 14 	 -0.000003 	 0.001648  	 0.001648 	 0.011539   	 0.142857  	 -0.000003   
3 	 1 	 4 	 0.000236 	 0.000236  	 0.000236 	 0.001653   	 0.142857  	 0.000236   
3 	 1 	 6 	 -0.000025 	 -0.000025  	 0.000115 	 0.000808   	 0.142857  	 -0.000025   
3 	 1 	 8 	 -0.000037 	 0.000170  	 0.000170 	 0.001191   	 0.142857  	 -0.000037   
3 	 1 	 10 	 -0.000479 	 -0.000479  	 0.002250 	 0.015750   	 0.142857  	 -0.000479   
3 	 1 	 5 	 0.000585 	 0.000585  	 0.000585 	 0.004097   	 0.142857  	 0.000585   
3 	 1 	 15 	 0.005126 	 0.005126  	 0.005126 	 0.035880   	 0.142857  	 0.005126   
3 	 1 	 4 	 0.000006 	 0.000006  	 0.000006 	 0.000043   	 0.142857  	 0.000006   
3 	 1 	 5 	 0.000015 	 0.000015  	 0.000015 	 0.000107   	 0.142857  	 0.000015   
3 	 1 	 8 	 0.000004 	 0.000004  	 0.000004 	 0.000031   	 0.142857  	 0.000004   
3 	 2 	 14 	 -0.000001 	 0.000077  	 0.000077 	 0.001615   	 0.047619  	 0.000077   
3 	 3 	 4 	 -0.000022 	 0.005223  	 0.002601 	 0.001734   	 1.500000  	 0.005223   
3 	 3 	 5 	 -0.000012 	 0.002774  	 0.001381 	 0.000921   	 1.500000  	 0.002774   
3 	 3 	 8 	 0.000031 	 0.004743  	 0.002362 	 0.001574   	 1.500000  	 0.004743   
3 	 5 	 3 	 0.000000 	 0.000488  	 0.000488 	 0.001221   	 0.400000  	 0.000000   
3 	 6 	 5 	 0.002185 	 0.002236  	 0.002236 	 0.007155   	 0.312500  	 0.002185   
3 	 6 	 15 	 -0.000032 	 0.001317  	 0.000643 	 0.002056   	 0.312500  	 0.001317   
3 	 6 	 3 	 -0.010699 	 0.913416  	 0.913416 	 2.922932   	 0.312500  	 0.913416   
3 	 6 	 5 	 -0.000000 	 0.000051  	 0.000051 	 0.000164   	 0.312500  	 -0.000000   
3 	 6 	 7 	 -0.000000 	 0.000007  	 0.000059 	 0.000188   	 0.312500  	 0.000007   
3 	 7 	 4 	 -0.002816 	 0.862447  	 0.429815 	 0.537269   	 0.800000  	 0.862447   
3 	 7 	 5 	 0.017184 	 3.054086  	 3.054086 	 3.817607   	 0.800000  	 0.017184   
3 	 7 	 8 	 0.000012 	 0.005239  	 0.002608 	 0.003260   	 0.800000  	 0.005239   
3 	 7 	 14 	 0.000047 	 0.010500  	 0.010500 	 0.013125   	 0.800000  	 0.010500   
3 	 7 	 7 	 0.000016 	 0.001331  	 0.001331 	 0.001663   	 0.800000  	 0.000016   
4 	 1 	 4 	 -0.000001 	 0.000286  	 0.000286 	 0.001999   	 0.142857  	 -0.000001   
4 	 1 	 5 	 -0.000003 	 0.000713  	 0.000713 	 0.004993   	 0.142857  	 -0.000003   
4 	 1 	 8 	 -0.000001 	 0.000206  	 0.000206 	 0.001441   	 0.142857  	 -0.000001   
4 	 1 	 3 	 0.000412 	 0.000412  	 0.000412 	 0.002881   	 0.142857  	 0.000412   
4 	 1 	 3 	 0.000021 	 0.000021  	 0.000021 	 0.000149   	 0.142857  	 0.000021   
4 	 1 	 7 	 0.000056 	 0.000056  	 0.000056 	 0.000391   	 0.142857  	 0.000056   
4 	 1 	 15 	 -0.005931 	 0.000320  	 0.000320 	 0.002241   	 0.142857  	 0.000320   
4 	 1 	 7 	 0.000056 	 0.000056  	 0.000056 	 0.000391   	 0.142857  	 0.000056   
4 	 2 	 14 	 -0.000001 	 -0.000001  	 0.000077 	 0.001615   	 0.047619  	 -0.000001   
4 	 3 	 3 	 -0.000596 	 0.106508  	 0.052956 	 0.035304   	 1.500000  	 0.106508   
4 	 3 	 7 	 -0.000428 	 0.037806  	 0.037806 	 0.025204   	 1.500000  	 0.037806   
4 	 3 	 9 	 -0.000087 	 0.015315  	 0.007614 	 0.005076   	 1.500000  	 0.015315   
4 	 3 	 13 	 -0.001104 	 0.184473  	 0.091684 	 0.061123   	 1.500000  	 0.184473   
4 	 5 	 3 	 0.009091 	 0.009579  	 0.009579 	 0.023949   	 0.400000  	 0.009091   
4 	 5 	 3 	 -0.000000 	 0.000488  	 0.000488 	 0.001220   	 0.400000  	 -0.000000   
4 	 5 	 11 	 -0.001274 	 0.001409  	 0.000067 	 0.000169   	 0.400000  	 0.001409   
4 	 6 	 3 	 0.005159 	 0.918576  	 0.918576 	 2.939442   	 0.312500  	 0.918576   
4 	 6 	 7 	 0.002487 	 0.002495  	 0.002546 	 0.008147   	 0.312500  	 0.002487   
4 	 6 	 15 	 -0.000003 	 0.001314  	 0.000639 	 0.002045   	 0.312500  	 0.001314   
4 	 6 	 11 	 -0.000165 	 0.002824  	 0.002824 	 0.009038   	 0.312500  	 0.002824   
4 	 6 	 7 	 0.002475 	 0.002483  	 0.002534 	 0.008108   	 0.312500  	 0.002475   
4 	 7 	 7 	 0.000014 	 0.001345  	 0.001345 	 0.001681   	 0.800000  	 0.000014   
4 	 7 	 7 	 0.000003 	 0.001334  	 0.001334 	 0.001667   	 0.800000  	 0.000003   
5 	 1 	 3 	 -0.000027 	 0.000397  	 0.000397 	 0.002777   	 0.142857  	 0.000397   
5 	 1 	 7 	 -0.000070 	 0.001040  	 0.001040 	 0.007280   	 0.142857  	 -0.000070   
5 	 1 	 9 	 -0.000006 	 0.000092  	 0.000092 	 0.000645   	 0.142857  	 0.000092   
5 	 1 	 3 	 -0.000402 	 0.000021  	 0.000021 	 0.000147   	 0.142857  	 0.000021   
5 	 1 	 6 	 0.000007 	 0.000007  	 0.000007 	 0.000049   	 0.142857  	 0.000007   
5 	 1 	 15 	 -0.005935 	 -0.005935  	 0.000316 	 0.002214   	 0.142857  	 -0.005935   
5 	 1 	 5 	 0.000011 	 0.000011  	 0.000011 	 0.000077   	 0.142857  	 0.000011   
5 	 2 	 13 	 -0.000003 	 0.000043  	 0.000043 	 0.000902   	 0.047619  	 0.000043   
5 	 3 	 3 	 0.000092 	 0.106600  	 0.053048 	 0.035366   	 1.500000  	 0.106600   
5 	 3 	 5 	 -0.000013 	 0.002772  	 0.001379 	 0.000920   	 1.500000  	 0.002772   
5 	 3 	 6 	 -0.002438 	 0.276461  	 0.276461 	 0.184308   	 1.500000  	 0.276461   
5 	 3 	 9 	 0.000013 	 0.015328  	 0.007627 	 0.005085   	 1.500000  	 0.015328   
5 	 3 	 13 	 0.000158 	 0.184630  	 0.091842 	 0.061228   	 1.500000  	 0.184630   
5 	 4 	 14 	 -0.000000 	 -0.000000  	 0.000085 	 0.001448   	 0.058824  	 -0.000000   
5 	 5 	 11 	 0.001261 	 0.002671  	 0.001329 	 0.003322   	 0.400000  	 0.001261   
5 	 6 	 3 	 0.014839 	 0.933414  	 0.933414 	 2.986925   	 0.312500  	 0.933414   
5 	 6 	 6 	 -0.000216 	 0.060133  	 0.060133 	 0.192426   	 0.312500  	 0.060133   
5 	 6 	 11 	 0.000144 	 0.002968  	 0.002968 	 0.009498   	 0.312500  	 0.002968   
5 	 6 	 7 	 0.000129 	 0.002612  	 0.002663 	 0.008521   	 0.312500  	 0.000129   
5 	 7 	 5 	 -0.003924 	 3.056773  	 3.056773 	 3.820966   	 0.800000  	 3.056773   
5 	 7 	 7 	 0.000004 	 0.001337  	 0.001337 	 0.001672   	 0.800000  	 0.000004   
6 	 1 	 3 	 -0.000084 	 -0.000084  	 0.000340 	 0.002378   	 0.142857  	 -0.000084   
6 	 1 	 5 	 -0.000141 	 0.000575  	 0.000575 	 0.004024   	 0.142857  	 -0.000141   
6 	 1 	 6 	 -0.000028 	 0.000112  	 0.000112 	 0.000787   	 0.142857  	 0.000112   
6 	 1 	 9 	 -0.000019 	 -0.000019  	 0.000079 	 0.000552   	 0.142857  	 -0.000019   
6 	 1 	 12 	 0.000125 	 0.000125  	 0.000125 	 0.000877   	 0.142857  	 0.000125   
6 	 1 	 6 	 -0.000044 	 0.000096  	 0.000096 	 0.000671   	 0.142857  	 0.000096   
6 	 1 	 15 	 0.004301 	 0.004301  	 0.004301 	 0.030109   	 0.142857  	 0.004301   
6 	 1 	 8 	 0.000140 	 0.000140  	 0.000140 	 0.000979   	 0.142857  	 0.000140   
6 	 1 	 12 	 0.000106 	 0.000106  	 0.000106 	 0.000741   	 0.142857  	 0.000106   
6 	 2 	 13 	 -0.000003 	 -0.000003  	 0.000043 	 0.000902   	 0.047619  	 -0.000003   
6 	 3 	 6 	 0.001821 	 0.278283  	 0.278283 	 0.185522   	 1.500000  	 0.278283   
6 	 3 	 8 	 -0.000006 	 0.004757  	 0.002376 	 0.001584   	 1.500000  	 0.004757   
6 	 4 	 12 	 -0.000000 	 0.000083  	 0.000083 	 0.001404   	 0.058824  	 0.000083   
6 	 5 	 11 	 0.000000 	 0.002671  	 0.001329 	 0.003322   	 0.400000  	 0.000000   
6 	 6 	 6 	 -0.002192 	 0.057941  	 0.057941 	 0.185410   	 0.312500  	 0.057941   
6 	 6 	 15 	 -0.000029 	 0.001320  	 0.000645 	 0.002064   	 0.312500  	 0.001320   
6 	 6 	 11 	 -0.000118 	 0.002851  	 0.002851 	 0.009122   	 0.312500  	 0.002851   
6 	 6 	 7 	 -0.000105 	 0.002506  	 0.002557 	 0.008184   	 0.312500  	 -0.000105   
6 	 7 	 8 	 -0.000007 	 0.005254  	 0.002624 	 0.003280   	 0.800000  	 0.005254   
6 	 7 	 12 	 -0.000022 	 0.008811  	 0.008811 	 0.011014   	 0.800000  	 0.008811   
6 	 7 	 4 	 -0.002659 	 0.862604  	 0.429972 	 0.537465   	 0.800000  	 0.862604   
7 	 1 	 6 	 -0.000024 	 -0.000024  	 0.000116 	 0.000814   	 0.142857  	 -0.000024   
7 	 1 	 8 	 -0.000035 	 0.000171  	 0.000171 	 0.001200   	 0.142857  	 -0.000035   
7 	 1 	 12 	 -0.000027 	 0.000130  	 0.000130 	 0.000907   	 0.142857  	 -0.000027   
7 	 1 	 2 	 0.000362 	 0.000362  	 0.000362 	 0.002536   	 0.142857  	 0.000362   
7 	 1 	 15 	 -0.002026 	 0.004225  	 0.004225 	 0.029575   	 0.142857  	 0.004225   
7 	 1 	 2 	 0.000012 	 0.000012  	 0.000012 	 0.000081   	 0.142857  	 0.000012   
7 	 1 	 5 	 0.000015 	 0.000015  	 0.000015 	 0.000108   	 0.142857  	 0.000015   
7 	 3 	 5 	 -0.000033 	 0.002752  	 0.001360 	 0.000906   	 1.500000  	 0.002752   
7 	 3 	 10 	 -0.000192 	 0.007929  	 0.007929 	 0.005286   	 1.500000  	 0.007929   
7 	 5 	 2 	 -0.000330 	 0.098633  	 0.098633 	 0.246583   	 0.400000  	 0.098633   
7 	 5 	 11 	 -0.000005 	 0.002666  	 0.001324 	 0.003310   	 0.400000  	 -0.000005   
7 	 6 	 15 	 0.000001 	 0.001320  	 0.000646 	 0.002066   	 0.312500  	 0.001320   
7 	 6 	 4 	 -0.000733 	 -0.001590  	 0.000968 	 0.003097   	 0.312500  	 -0.001590   
7 	 7 	 2 	 -0.000012 	 0.001402  	 0.001402 	 0.001752   	 0.800000  	 0.001402   
7 	 7 	 5 	 -0.006860 	 3.053837  	 3.053837 	 3.817296   	 0.800000  	 3.053837   
