103 	 3 	 1  	 8247.37 	  	 0 	 	 0 	 	 0 
103 	 3 	 2  	 8247.37 	  	 0 	 	 0 	 	 0 
103 	 3 	 3  	 8247.37 	  	 6285.27 	 	 0 	 	 0 
103 	 3 	 4  	 8247.37 	  	 6285.27 	 	 6285.27 	 	 0 
103 	 3 	 5  	 8247.37 	  	 6285.27 	 	 6285.27 	 	 0 
103 	 3 	 6  	 8247.37 	  	 6285.27 	 	 6285.27 	 	 0 
103 	 3 	 7  	 8247.37 	  	 6285.27 	 	 6285.27 	 	 0 
103 	 3 	 8  	 8247.37 	  	 6285.27 	 	 6285.27 	 	 0 
103 	 3 	 9  	 8247.37 	  	 6285.27 	 	 6285.27 	 	 0 
103 	 3 	 10  	 8247.37 	  	 8247.37 	 	 6285.27 	 	 0 
103 	 3 	 11  	 8247.37 	  	 8247.37 	 	 8247.37 	 	 0 
103 	 3 	 12  	 8247.37 	  	 8247.37 	 	 8247.37 	 	 0 
103 	 3 	 13  	 8247.37 	  	 8247.37 	 	 8247.37 	 	 0 
103 	 3 	 14  	 8247.37 	  	 8247.37 	 	 8247.37 	 	 0 
103 	 3 	 15  	 8247.37 	  	 8247.37 	 	 8247.37 	 	 0 
103 	 3 	 16  	 8247.37 	  	 8247.37 	 	 8247.37 	 	 0 
103 	 3 	 17  	 8247.37 	  	 8247.37 	 	 8247.37 	 	 0 
103 	 3 	 18  	 8247.37 	  	 8247.37 	 	 8247.37 	 	 0 
103 	 3 	 19  	 8247.37 	  	 8247.37 	 	 8247.37 	 	 0 
103 	 3 	 20  	 8247.37 	  	 8247.37 	 	 8247.37 	 	 0 
103 	 3 	 21  	 8247.37 	  	 8247.37 	 	 8247.37 	 	 0 
103 	 3 	 22  	 8247.37 	  	 8247.37 	 	 8247.37 	 	 0 
103 	 3 	 23  	 8247.37 	  	 8247.37 	 	 8247.37 	 	 0 
103 	 3 	 24  	 8247.37 	  	 8247.37 	 	 8247.37 	 	 0 
103 	 3 	 25  	 8247.37 	  	 8247.37 	 	 8247.37 	 	 0 
103 	 3 	 26  	 8247.37 	  	 8247.37 	 	 8247.37 	 	 0 
103 	 3 	 27  	 8247.37 	  	 8247.37 	 	 8247.37 	 	 0 
103 	 3 	 28  	 8247.37 	  	 8247.37 	 	 8247.37 	 	 0 
103 	 3 	 29  	 8247.37 	  	 8247.37 	 	 8247.37 	 	 0 
103 	 3 	 30  	 8247.37 	  	 8247.37 	 	 8247.37 	 	 0 
103 	 3 	 31  	 8247.37 	  	 8247.37 	 	 8247.37 	 	 0 
103 	 3 	 32  	 8247.37 	  	 8247.37 	 	 8247.37 	 	 0 
103 	 3 	 33  	 8247.37 	  	 8247.37 	 	 8247.37 	 	 0 
103 	 3 	 34  	 8247.37 	  	 8247.37 	 	 8247.37 	 	 0 
103 	 3 	 35  	 8247.37 	  	 8247.37 	 	 8247.37 	 	 0 
103 	 3 	 36  	 8247.37 	  	 8247.37 	 	 8247.37 	 	 0 
103 	 3 	 37  	 8247.37 	  	 8247.37 	 	 8247.37 	 	 0 
103 	 3 	 38  	 8247.37 	  	 8247.37 	 	 8247.37 	 	 0 
103 	 3 	 39  	 8247.37 	  	 8247.37 	 	 8247.37 	 	 0 
103 	 3 	 40  	 8247.37 	  	 8247.37 	 	 8247.37 	 	 0 
103 	 3 	 41  	 8247.37 	  	 8247.37 	 	 8247.37 	 	 0 
103 	 3 	 42  	 8247.37 	  	 8247.37 	 	 8247.37 	 	 0 
103 	 3 	 43  	 8247.37 	  	 8247.37 	 	 8247.37 	 	 0 
103 	 3 	 44  	 8247.37 	  	 8247.37 	 	 8247.37 	 	 0 
103 	 3 	 45  	 8247.37 	  	 8247.37 	 	 8247.37 	 	 0 
103 	 3 	 46  	 8247.37 	  	 8247.37 	 	 8247.37 	 	 0 
103 	 3 	 47  	 8247.37 	  	 8247.37 	 	 8247.37 	 	 0 
103 	 3 	 48  	 8247.37 	  	 8247.37 	 	 8247.37 	 	 0 
103 	 3 	 49  	 8247.37 	  	 8247.37 	 	 8247.37 	 	 0 
103 	 3 	 50  	 8247.37 	  	 8247.37 	 	 8247.37 	 	 0 
103 	 3 	 51  	 8247.37 	  	 8247.37 	 	 8247.37 	 	 0 
103 	 3 	 52  	 8247.37 	  	 8247.37 	 	 8247.37 	 	 0 
103 	 3 	 53  	 8247.37 	  	 8247.37 	 	 8247.37 	 	 0 
103 	 3 	 54  	 8247.37 	  	 8247.37 	 	 8247.37 	 	 0 
103 	 3 	 55  	 8247.37 	  	 8247.37 	 	 8247.37 	 	 0 
103 	 3 	 56  	 8247.37 	  	 8247.37 	 	 8247.37 	 	 0 
103 	 3 	 57  	 8247.37 	  	 8247.37 	 	 8247.37 	 	 0 
103 	 3 	 58  	 8247.37 	  	 8247.37 	 	 8247.37 	 	 0 
103 	 3 	 59  	 8247.37 	  	 8247.37 	 	 8247.37 	 	 0 
103 	 3 	 60  	 8247.37 	  	 8247.37 	 	 8247.37 	 	 0 
103 	 3 	 61  	 8247.37 	  	 8247.37 	 	 8247.37 	 	 0 
103 	 3 	 62  	 8247.37 	  	 8247.37 	 	 8247.37 	 	 0 
103 	 3 	 63  	 8247.37 	  	 8247.37 	 	 8247.37 	 	 0 
103 	 3 	 64  	 8247.37 	  	 8247.37 	 	 8247.37 	 	 0 
103 	 3 	 65  	 8247.37 	  	 8247.37 	 	 8247.37 	 	 0 
103 	 3 	 66  	 8247.37 	  	 8247.37 	 	 8247.37 	 	 0 
103 	 3 	 67  	 8247.37 	  	 8247.37 	 	 8247.37 	 	 0 
103 	 3 	 68  	 8247.37 	  	 8247.37 	 	 8247.37 	 	 0 
103 	 3 	 69  	 8247.37 	  	 8247.37 	 	 8247.37 	 	 0 
103 	 3 	 70  	 8247.37 	  	 8247.37 	 	 8247.37 	 	 0 
103 	 3 	 71  	 8247.37 	  	 8247.37 	 	 8247.37 	 	 0 
103 	 3 	 72  	 8247.37 	  	 8247.37 	 	 8247.37 	 	 0 
103 	 3 	 73  	 8247.37 	  	 8247.37 	 	 8247.37 	 	 0 
103 	 3 	 74  	 8247.37 	  	 8247.37 	 	 8247.37 	 	 0 
103 	 3 	 75  	 8247.37 	  	 8247.37 	 	 8247.37 	 	 0 
103 	 3 	 76  	 8247.37 	  	 8247.37 	 	 8247.37 	 	 0 
103 	 3 	 77  	 8247.37 	  	 8247.37 	 	 8247.37 	 	 0 
103 	 3 	 78  	 8247.37 	  	 8247.37 	 	 8247.37 	 	 0 
103 	 3 	 79  	 8247.37 	  	 8247.37 	 	 8247.37 	 	 0 
103 	 3 	 80  	 8247.37 	  	 8247.37 	 	 8247.37 	 	 0 
103 	 3 	 81  	 8247.37 	  	 8247.37 	 	 8247.37 	 	 0 
103 	 3 	 82  	 8247.37 	  	 8247.37 	 	 8247.37 	 	 0 
103 	 3 	 83  	 8247.37 	  	 8247.37 	 	 8247.37 	 	 0 
103 	 3 	 84  	 8247.37 	  	 8247.37 	 	 8247.37 	 	 0 
103 	 3 	 85  	 8247.37 	  	 8247.37 	 	 8247.37 	 	 0 
103 	 3 	 86  	 8247.37 	  	 8247.37 	 	 8247.37 	 	 0 
103 	 3 	 87  	 8247.37 	  	 8247.37 	 	 8247.37 	 	 0 
103 	 3 	 88  	 8247.37 	  	 8247.37 	 	 8247.37 	 	 0 
103 	 3 	 89  	 8247.37 	  	 8247.37 	 	 8247.37 	 	 0 
103 	 3 	 90  	 8247.37 	  	 8247.37 	 	 8247.37 	 	 0 
103 	 3 	 91  	 8247.37 	  	 8247.37 	 	 8247.37 	 	 0 
103 	 3 	 92  	 8247.37 	  	 8247.37 	 	 8247.37 	 	 0 
103 	 3 	 93  	 8247.37 	  	 8247.37 	 	 8247.37 	 	 0 
103 	 3 	 94  	 8247.37 	  	 8247.37 	 	 8247.37 	 	 0 
103 	 3 	 95  	 8247.37 	  	 8247.37 	 	 8247.37 	 	 0 
103 	 3 	 96  	 8247.37 	  	 8247.37 	 	 8247.37 	 	 0 
103 	 3 	 97  	 8247.37 	  	 8247.37 	 	 8247.37 	 	 0 
103 	 3 	 98  	 8247.37 	  	 8247.37 	 	 8247.37 	 	 0 
103 	 3 	 99  	 8247.37 	  	 8247.37 	 	 8247.37 	 	 0 
103 	 3 	 100  	 8247.37 	  	 8247.37 	 	 8247.37 	 	 0 
103 	 3 	 101  	 8247.37 	  	 8247.37 	 	 8247.37 	 	 0 
103 	 3 	 102  	 8247.37 	  	 8247.37 	 	 8247.37 	 	 0 
103 	 3 	 103  	 8247.37 	  	 8247.37 	 	 8247.37 	 	 0 
103 	 3 	 104  	 8247.37 	  	 8247.37 	 	 8247.37 	 	 0 
103 	 3 	 105  	 8247.37 	  	 8247.37 	 	 8247.37 	 	 0 
103 	 3 	 106  	 8247.37 	  	 8247.37 	 	 8247.37 	 	 0 
103 	 3 	 107  	 8247.37 	  	 8247.37 	 	 8247.37 	 	 0 
103 	 3 	 108  	 8247.37 	  	 8247.37 	 	 8247.37 	 	 0 
103 	 3 	 109  	 8247.37 	  	 8247.37 	 	 8247.37 	 	 0 
103 	 3 	 110  	 8247.37 	  	 8247.37 	 	 8247.37 	 	 0 
103 	 3 	 111  	 8247.37 	  	 8247.37 	 	 8247.37 	 	 0 
103 	 3 	 112  	 8247.37 	  	 8247.37 	 	 8247.37 	 	 0 
103 	 3 	 113  	 8247.37 	  	 8247.37 	 	 8247.37 	 	 0 
103 	 3 	 114  	 8247.37 	  	 8247.37 	 	 8247.37 	 	 0 
103 	 3 	 115  	 8247.37 	  	 8247.37 	 	 8247.37 	 	 0 
103 	 3 	 116  	 8247.37 	  	 8247.37 	 	 8247.37 	 	 0 
103 	 3 	 117  	 8247.37 	  	 8247.37 	 	 8247.37 	 	 0 
103 	 3 	 118  	 8247.37 	  	 8247.37 	 	 8247.37 	 	 0 
103 	 3 	 119  	 8247.37 	  	 8247.37 	 	 8247.37 	 	 0 
103 	 3 	 120  	 8247.37 	  	 8247.37 	 	 8247.37 	 	 0 
103 	 3 	 121  	 8247.37 	  	 8247.37 	 	 8247.37 	 	 0 
103 	 3 	 122  	 8247.37 	  	 8247.37 	 	 8247.37 	 	 0 
103 	 3 	 123  	 8247.37 	  	 8247.37 	 	 8247.37 	 	 0 
103 	 3 	 124  	 8247.37 	  	 8247.37 	 	 8247.37 	 	 0 
103 	 3 	 125  	 8247.37 	  	 8247.37 	 	 8247.37 	 	 0 
103 	 3 	 126  	 8247.37 	  	 8247.37 	 	 8247.37 	 	 0 
103 	 3 	 127  	 8247.37 	  	 8247.37 	 	 8247.37 	 	 0 
103 	 3 	 128  	 8247.37 	  	 8247.37 	 	 8247.37 	 	 0 
103 	 3 	 129  	 8247.37 	  	 8247.37 	 	 8247.37 	 	 0 
103 	 3 	 130  	 8247.37 	  	 8247.37 	 	 8247.37 	 	 0 
103 	 3 	 131  	 8247.37 	  	 8247.37 	 	 8247.37 	 	 0 
103 	 3 	 132  	 8247.37 	  	 8247.37 	 	 8247.37 	 	 0 
103 	 3 	 133  	 8247.37 	  	 8247.37 	 	 8247.37 	 	 0 
103 	 3 	 134  	 8247.37 	  	 8247.37 	 	 8247.37 	 	 0 
103 	 3 	 135  	 8247.37 	  	 8247.37 	 	 8247.37 	 	 0 
103 	 3 	 136  	 8247.37 	  	 8247.37 	 	 8247.37 	 	 0 
103 	 3 	 137  	 8247.37 	  	 8247.37 	 	 8247.37 	 	 0 
103 	 3 	 138  	 8247.37 	  	 8247.37 	 	 8247.37 	 	 0 
103 	 3 	 139  	 8247.37 	  	 8247.37 	 	 8247.37 	 	 0 
103 	 3 	 140  	 8247.37 	  	 8247.37 	 	 8247.37 	 	 0 
103 	 3 	 141  	 8247.37 	  	 8247.37 	 	 8247.37 	 	 0 
103 	 3 	 142  	 8247.37 	  	 8247.37 	 	 8247.37 	 	 0 
103 	 3 	 143  	 8247.37 	  	 8247.37 	 	 8247.37 	 	 0 
103 	 3 	 144  	 8247.37 	  	 8247.37 	 	 8247.37 	 	 0 
103 	 3 	 145  	 8247.37 	  	 8247.37 	 	 8247.37 	 	 0 
103 	 3 	 146  	 8247.37 	  	 8247.37 	 	 8247.37 	 	 0 
103 	 3 	 147  	 8247.37 	  	 8247.37 	 	 8247.37 	 	 0 
103 	 3 	 148  	 8247.37 	  	 8247.37 	 	 8247.37 	 	 0 
103 	 3 	 149  	 8247.37 	  	 8247.37 	 	 8247.37 	 	 0 
103 	 3 	 150  	 8247.37 	  	 8247.37 	 	 8247.37 	 	 0 
103 	 3 	 151  	 8247.37 	  	 8247.37 	 	 8247.37 	 	 0 
103 	 3 	 152  	 8247.37 	  	 8247.37 	 	 8247.37 	 	 0 
103 	 3 	 153  	 8247.37 	  	 8247.37 	 	 8247.37 	 	 0 
103 	 3 	 154  	 8247.37 	  	 8247.37 	 	 8247.37 	 	 0 
103 	 3 	 155  	 8247.37 	  	 8247.37 	 	 8247.37 	 	 0 
103 	 3 	 156  	 8247.37 	  	 8247.37 	 	 8247.37 	 	 0 
103 	 3 	 157  	 8247.37 	  	 8247.37 	 	 8247.37 	 	 0 
103 	 3 	 158  	 8247.37 	  	 8247.37 	 	 8247.37 	 	 0 
103 	 3 	 159  	 8247.37 	  	 8247.37 	 	 8247.37 	 	 0 
103 	 3 	 160  	 8247.37 	  	 8247.37 	 	 8247.37 	 	 0 
103 	 3 	 161  	 8247.37 	  	 8247.37 	 	 8247.37 	 	 0 
103 	 3 	 162  	 8247.37 	  	 8247.37 	 	 8247.37 	 	 0 
103 	 3 	 163  	 8247.37 	  	 8247.37 	 	 8247.37 	 	 0 
103 	 3 	 164  	 8247.37 	  	 8247.37 	 	 8247.37 	 	 0 
103 	 3 	 165  	 8247.37 	  	 8247.37 	 	 8247.37 	 	 0 
103 	 3 	 166  	 8247.37 	  	 8247.37 	 	 8247.37 	 	 0 
103 	 3 	 167  	 8247.37 	  	 8247.37 	 	 8247.37 	 	 0 
103 	 3 	 168  	 8247.37 	  	 8247.37 	 	 8247.37 	 	 0 
103 	 3 	 169  	 8247.37 	  	 8247.37 	 	 8247.37 	 	 0 
103 	 3 	 170  	 8247.37 	  	 8247.37 	 	 8247.37 	 	 0 
103 	 3 	 171  	 8247.37 	  	 8247.37 	 	 8247.37 	 	 0 
103 	 3 	 172  	 8247.37 	  	 8247.37 	 	 8247.37 	 	 0 
103 	 3 	 173  	 8247.37 	  	 8247.37 	 	 8247.37 	 	 0 
103 	 3 	 174  	 8247.37 	  	 8247.37 	 	 8247.37 	 	 0 
103 	 3 	 175  	 8247.37 	  	 8247.37 	 	 8247.37 	 	 0 
103 	 3 	 176  	 8247.37 	  	 8247.37 	 	 8247.37 	 	 0 
103 	 3 	 177  	 8247.37 	  	 8247.37 	 	 8247.37 	 	 0 
103 	 3 	 178  	 8247.37 	  	 8247.37 	 	 8247.37 	 	 0 
103 	 3 	 179  	 8247.37 	  	 8247.37 	 	 8247.37 	 	 0 
103 	 3 	 180  	 8247.37 	  	 8247.37 	 	 8247.37 	 	 0 
103 	 3 	 181  	 8247.37 	  	 8247.37 	 	 8247.37 	 	 0 
103 	 3 	 182  	 8247.37 	  	 8247.37 	 	 8247.37 	 	 0 
103 	 3 	 183  	 8247.37 	  	 8247.37 	 	 8247.37 	 	 0 
103 	 3 	 184  	 8247.37 	  	 8247.37 	 	 8247.37 	 	 0 
103 	 3 	 185  	 8247.37 	  	 8247.37 	 	 8247.37 	 	 0 
103 	 3 	 186  	 8247.37 	  	 8247.37 	 	 8247.37 	 	 0 
103 	 3 	 187  	 8247.37 	  	 8247.37 	 	 8247.37 	 	 0 
103 	 3 	 188  	 8247.37 	  	 8247.37 	 	 8247.37 	 	 0 
103 	 3 	 189  	 8247.37 	  	 8247.37 	 	 8247.37 	 	 0 
103 	 3 	 190  	 8247.37 	  	 8247.37 	 	 8247.37 	 	 0 
103 	 3 	 191  	 8247.37 	  	 8247.37 	 	 8247.37 	 	 0 
103 	 3 	 192  	 8247.37 	  	 8247.37 	 	 8247.37 	 	 0 
103 	 3 	 193  	 8247.37 	  	 8247.37 	 	 8247.37 	 	 0 
103 	 3 	 194  	 8247.37 	  	 8247.37 	 	 8247.37 	 	 0 
103 	 3 	 195  	 8247.37 	  	 8247.37 	 	 8247.37 	 	 0 
103 	 3 	 196  	 8247.37 	  	 8247.37 	 	 8247.37 	 	 0 
103 	 3 	 197  	 8247.37 	  	 8247.37 	 	 8247.37 	 	 0 
103 	 3 	 198  	 8247.37 	  	 8247.37 	 	 8247.37 	 	 0 
103 	 3 	 199  	 8247.37 	  	 8247.37 	 	 8247.37 	 	 0 
103 	 3 	 200  	 8247.37 	  	 8247.37 	 	 8247.37 	 	 0 
103 	 3 	 201  	 8247.37 	  	 8247.37 	 	 8247.37 	 	 0 
103 	 3 	 202  	 8247.37 	  	 8247.37 	 	 8247.37 	 	 0 
103 	 3 	 203  	 8247.37 	  	 8247.37 	 	 8247.37 	 	 0 
103 	 3 	 204  	 8247.37 	  	 8247.37 	 	 8247.37 	 	 0 
103 	 3 	 205  	 8247.37 	  	 8247.37 	 	 8247.37 	 	 0 
103 	 3 	 206  	 8247.37 	  	 8247.37 	 	 8247.37 	 	 0 
103 	 3 	 207  	 8247.37 	  	 8247.37 	 	 8247.37 	 	 0 
103 	 3 	 208  	 8247.37 	  	 8247.37 	 	 8247.37 	 	 0 
103 	 3 	 209  	 8247.37 	  	 8247.37 	 	 8247.37 	 	 0 
103 	 3 	 210  	 8247.37 	  	 8247.37 	 	 8247.37 	 	 0 
103 	 3 	 211  	 8247.37 	  	 8247.37 	 	 8247.37 	 	 0 
103 	 3 	 212  	 8247.37 	  	 8247.37 	 	 8247.37 	 	 0 
103 	 3 	 213  	 8247.37 	  	 8247.37 	 	 8247.37 	 	 0 
103 	 3 	 214  	 8247.37 	  	 8247.37 	 	 8247.37 	 	 0 
103 	 3 	 215  	 8247.37 	  	 8247.37 	 	 8247.37 	 	 0 
103 	 3 	 216  	 8247.37 	  	 8247.37 	 	 8247.37 	 	 0 
103 	 3 	 217  	 8247.37 	  	 8247.37 	 	 8247.37 	 	 0 
103 	 3 	 218  	 8247.37 	  	 8247.37 	 	 8247.37 	 	 0 
103 	 3 	 219  	 8247.37 	  	 8247.37 	 	 8247.37 	 	 0 
103 	 3 	 220  	 8247.37 	  	 8247.37 	 	 8247.37 	 	 0 
103 	 3 	 221  	 8247.37 	  	 8247.37 	 	 8247.37 	 	 0 
103 	 3 	 222  	 8247.37 	  	 8247.37 	 	 8247.37 	 	 0 
103 	 3 	 223  	 8247.37 	  	 8247.37 	 	 8247.37 	 	 0 
103 	 3 	 224  	 8247.37 	  	 8247.37 	 	 8247.37 	 	 0 
103 	 3 	 225  	 8247.37 	  	 8247.37 	 	 8247.37 	 	 0 
103 	 3 	 226  	 8247.37 	  	 8247.37 	 	 8247.37 	 	 0 
103 	 3 	 227  	 8247.37 	  	 8247.37 	 	 8247.37 	 	 0 
103 	 3 	 228  	 8247.37 	  	 8247.37 	 	 8247.37 	 	 0 
103 	 3 	 229  	 8247.37 	  	 8247.37 	 	 8247.37 	 	 0 
103 	 3 	 230  	 8247.37 	  	 8247.37 	 	 8247.37 	 	 0 
103 	 3 	 231  	 8247.37 	  	 8247.37 	 	 8247.37 	 	 0 
103 	 3 	 232  	 8247.37 	  	 8247.37 	 	 8247.37 	 	 0 
103 	 3 	 233  	 8247.37 	  	 8247.37 	 	 8247.37 	 	 0 
103 	 3 	 234  	 8247.37 	  	 8247.37 	 	 8247.37 	 	 0 
103 	 3 	 235  	 8247.37 	  	 8247.37 	 	 8247.37 	 	 0 
103 	 3 	 236  	 8247.37 	  	 8247.37 	 	 8247.37 	 	 0 
103 	 3 	 237  	 8247.37 	  	 8247.37 	 	 8247.37 	 	 0 
103 	 3 	 238  	 8247.37 	  	 8247.37 	 	 8247.37 	 	 0 
103 	 3 	 239  	 8247.37 	  	 8247.37 	 	 8247.37 	 	 0 
103 	 3 	 240  	 8247.37 	  	 8247.37 	 	 8247.37 	 	 0 
103 	 3 	 241  	 8247.37 	  	 8247.37 	 	 8247.37 	 	 0 
103 	 3 	 242  	 8247.37 	  	 8247.37 	 	 8247.37 	 	 0 
103 	 3 	 243  	 8247.37 	  	 8247.37 	 	 8247.37 	 	 0 
103 	 3 	 244  	 8247.37 	  	 8247.37 	 	 8247.37 	 	 0 
103 	 3 	 245  	 8247.37 	  	 8247.37 	 	 8247.37 	 	 0 
103 	 3 	 246  	 8247.37 	  	 8247.37 	 	 8247.37 	 	 0 
103 	 3 	 247  	 8247.37 	  	 8247.37 	 	 8247.37 	 	 0 
103 	 3 	 248  	 8247.37 	  	 8247.37 	 	 8247.37 	 	 0 
103 	 3 	 249  	 8247.37 	  	 8247.37 	 	 8247.37 	 	 0 
103 	 3 	 250  	 8247.37 	  	 8247.37 	 	 8247.37 	 	 0 
103 	 3 	 251  	 8247.37 	  	 8247.37 	 	 8247.37 	 	 0 
103 	 3 	 252  	 8247.37 	  	 8247.37 	 	 8247.37 	 	 0 
103 	 3 	 253  	 8247.37 	  	 8247.37 	 	 8247.37 	 	 0 
103 	 3 	 254  	 8247.37 	  	 8247.37 	 	 8247.37 	 	 0 
103 	 3 	 255  	 8247.37 	  	 8247.37 	 	 8247.37 	 	 0 
103 	 3 	 256  	 8247.37 	  	 8247.37 	 	 8247.37 	 	 0 
103 	 3 	 257  	 8247.37 	  	 8247.37 	 	 8247.37 	 	 0 
103 	 3 	 258  	 8247.37 	  	 8247.37 	 	 8247.37 	 	 0 
103 	 3 	 259  	 8247.37 	  	 8247.37 	 	 8247.37 	 	 0 
103 	 3 	 260  	 8247.37 	  	 8247.37 	 	 8247.37 	 	 0 
103 	 3 	 261  	 8247.37 	  	 8247.37 	 	 8247.37 	 	 0 
103 	 3 	 262  	 8247.37 	  	 8247.37 	 	 8247.37 	 	 0 
103 	 3 	 263  	 8247.37 	  	 8247.37 	 	 8247.37 	 	 0 
103 	 3 	 264  	 8247.37 	  	 8247.37 	 	 8247.37 	 	 0 
103 	 3 	 265  	 8247.37 	  	 8247.37 	 	 8247.37 	 	 0 
103 	 3 	 266  	 8247.37 	  	 8247.37 	 	 8247.37 	 	 0 
103 	 3 	 267  	 8247.37 	  	 8247.37 	 	 8247.37 	 	 0 
103 	 3 	 268  	 8247.37 	  	 8247.37 	 	 8247.37 	 	 0 
103 	 3 	 269  	 8247.37 	  	 8247.37 	 	 8247.37 	 	 0 
103 	 3 	 270  	 8247.37 	  	 8247.37 	 	 8247.37 	 	 0 
103 	 3 	 271  	 8247.37 	  	 8247.37 	 	 8247.37 	 	 0 
103 	 3 	 272  	 8247.37 	  	 8247.37 	 	 8247.37 	 	 0 
103 	 3 	 273  	 8247.37 	  	 8247.37 	 	 8247.37 	 	 0 
103 	 3 	 274  	 8247.37 	  	 8247.37 	 	 8247.37 	 	 0 
103 	 3 	 275  	 8247.37 	  	 8247.37 	 	 8247.37 	 	 0 
103 	 3 	 276  	 8247.37 	  	 8247.37 	 	 8247.37 	 	 0 
103 	 3 	 277  	 8247.37 	  	 8247.37 	 	 8247.37 	 	 0 
103 	 3 	 278  	 8247.37 	  	 8247.37 	 	 8247.37 	 	 0 
103 	 3 	 279  	 8247.37 	  	 8247.37 	 	 8247.37 	 	 0 
103 	 3 	 280  	 8247.37 	  	 8247.37 	 	 8247.37 	 	 0 
103 	 3 	 281  	 8247.37 	  	 8247.37 	 	 8247.37 	 	 0 
103 	 3 	 282  	 8247.37 	  	 8247.37 	 	 8247.37 	 	 0 
103 	 3 	 283  	 8247.37 	  	 8247.37 	 	 8247.37 	 	 0 
103 	 3 	 284  	 8247.37 	  	 8247.37 	 	 8247.37 	 	 0 
103 	 3 	 285  	 8247.37 	  	 8247.37 	 	 8247.37 	 	 0 
103 	 3 	 286  	 8247.37 	  	 8247.37 	 	 8247.37 	 	 0 
103 	 3 	 287  	 8247.37 	  	 8247.37 	 	 8247.37 	 	 0 
103 	 3 	 288  	 8247.37 	  	 8247.37 	 	 8247.37 	 	 0 
103 	 3 	 289  	 8247.37 	  	 8247.37 	 	 8247.37 	 	 0 
103 	 3 	 290  	 8247.37 	  	 8247.37 	 	 8247.37 	 	 0 
103 	 3 	 291  	 8247.37 	  	 8247.37 	 	 8247.37 	 	 0 
103 	 3 	 292  	 8247.37 	  	 8247.37 	 	 8247.37 	 	 0 
103 	 3 	 293  	 8247.37 	  	 8247.37 	 	 8247.37 	 	 0 
103 	 3 	 294  	 8247.37 	  	 8247.37 	 	 8247.37 	 	 0 
103 	 3 	 295  	 8247.37 	  	 8247.37 	 	 8247.37 	 	 0 
103 	 3 	 296  	 8247.37 	  	 8247.37 	 	 8247.37 	 	 0 
103 	 3 	 297  	 8247.37 	  	 8247.37 	 	 8247.37 	 	 0 
103 	 3 	 298  	 8247.37 	  	 8247.37 	 	 8247.37 	 	 0 
103 	 3 	 299  	 8247.37 	  	 8247.37 	 	 8247.37 	 	 0 
103 	 3 	 300  	 8247.37 	  	 8247.37 	 	 8247.37 	 	 0 
103 	 3 	 301  	 8247.37 	  	 8247.37 	 	 8247.37 	 	 0 
103 	 3 	 302  	 8247.37 	  	 8247.37 	 	 8247.37 	 	 0 
103 	 3 	 303  	 8247.37 	  	 8247.37 	 	 8247.37 	 	 0 
103 	 3 	 304  	 8247.37 	  	 8247.37 	 	 8247.37 	 	 0 
103 	 3 	 305  	 8247.37 	  	 8247.37 	 	 8247.37 	 	 0 
103 	 3 	 306  	 8247.37 	  	 8247.37 	 	 8247.37 	 	 0 
103 	 3 	 307  	 8247.37 	  	 8247.37 	 	 8247.37 	 	 0 
103 	 3 	 308  	 8247.37 	  	 8247.37 	 	 8247.37 	 	 0 
103 	 3 	 309  	 8247.37 	  	 8247.37 	 	 8247.37 	 	 0 
103 	 3 	 310  	 8247.37 	  	 8247.37 	 	 8247.37 	 	 0 
103 	 3 	 311  	 8247.37 	  	 8247.37 	 	 8247.37 	 	 0 
103 	 3 	 312  	 8247.37 	  	 8247.37 	 	 8247.37 	 	 0 
103 	 3 	 313  	 8247.37 	  	 8247.37 	 	 8247.37 	 	 0 
103 	 3 	 314  	 8247.37 	  	 8247.37 	 	 8247.37 	 	 0 
103 	 3 	 315  	 8247.37 	  	 8247.37 	 	 8247.37 	 	 0 
103 	 3 	 316  	 8247.37 	  	 8247.37 	 	 8247.37 	 	 0 
103 	 3 	 317  	 8247.37 	  	 8247.37 	 	 8247.37 	 	 0 
103 	 3 	 318  	 8247.37 	  	 8247.37 	 	 8247.37 	 	 0 
103 	 3 	 319  	 8247.37 	  	 8247.37 	 	 8247.37 	 	 0 
103 	 3 	 320  	 8247.37 	  	 8247.37 	 	 8247.37 	 	 0 
103 	 3 	 321  	 8247.37 	  	 8247.37 	 	 8247.37 	 	 0 
103 	 3 	 322  	 8247.37 	  	 8247.37 	 	 8247.37 	 	 0 
103 	 3 	 323  	 8247.37 	  	 8247.37 	 	 8247.37 	 	 0 
103 	 3 	 324  	 8247.37 	  	 8247.37 	 	 8247.37 	 	 0 
103 	 3 	 325  	 8247.37 	  	 8247.37 	 	 8247.37 	 	 0 
103 	 3 	 326  	 8247.37 	  	 8247.37 	 	 8247.37 	 	 0 
103 	 3 	 327  	 8247.37 	  	 8247.37 	 	 8247.37 	 	 0 
103 	 3 	 328  	 8247.37 	  	 8247.37 	 	 8247.37 	 	 0 
103 	 3 	 329  	 8247.37 	  	 8247.37 	 	 8247.37 	 	 0 
103 	 3 	 330  	 8247.37 	  	 8247.37 	 	 8247.37 	 	 0 
103 	 3 	 331  	 8247.37 	  	 8247.37 	 	 8247.37 	 	 0 
103 	 3 	 332  	 8247.37 	  	 8247.37 	 	 8247.37 	 	 0 
103 	 3 	 333  	 8247.37 	  	 8247.37 	 	 8247.37 	 	 0 
103 	 3 	 334  	 8247.37 	  	 8247.37 	 	 8247.37 	 	 0 
103 	 3 	 335  	 8247.37 	  	 8247.37 	 	 8247.37 	 	 0 
103 	 3 	 336  	 8247.37 	  	 8247.37 	 	 8247.37 	 	 0 
103 	 3 	 337  	 8247.37 	  	 8247.37 	 	 8247.37 	 	 0 
103 	 3 	 338  	 8247.37 	  	 8247.37 	 	 8247.37 	 	 0 
103 	 3 	 339  	 8247.37 	  	 8247.37 	 	 8247.37 	 	 0 
103 	 3 	 340  	 8247.37 	  	 8247.37 	 	 8247.37 	 	 0 
103 	 3 	 341  	 8247.37 	  	 8247.37 	 	 8247.37 	 	 0 
103 	 3 	 342  	 8247.37 	  	 8247.37 	 	 8247.37 	 	 0 
103 	 3 	 343  	 8247.37 	  	 8247.37 	 	 8247.37 	 	 0 
103 	 3 	 344  	 8247.37 	  	 8247.37 	 	 8247.37 	 	 0 
103 	 3 	 345  	 8247.37 	  	 8247.37 	 	 8247.37 	 	 0 
103 	 3 	 346  	 8247.37 	  	 8247.37 	 	 8247.37 	 	 0 
103 	 3 	 347  	 8247.37 	  	 8247.37 	 	 8247.37 	 	 0 
103 	 3 	 348  	 8247.37 	  	 8247.37 	 	 8247.37 	 	 0 
103 	 3 	 349  	 8247.37 	  	 8247.37 	 	 8247.37 	 	 0 
103 	 3 	 350  	 8247.37 	  	 8247.37 	 	 8247.37 	 	 0 
103 	 3 	 351  	 8247.37 	  	 8247.37 	 	 8247.37 	 	 0 
103 	 3 	 352  	 8247.37 	  	 8247.37 	 	 8247.37 	 	 0 
103 	 3 	 353  	 8247.37 	  	 8247.37 	 	 8247.37 	 	 0 
103 	 3 	 354  	 8247.37 	  	 8247.37 	 	 8247.37 	 	 0 
103 	 3 	 355  	 8247.37 	  	 8247.37 	 	 8247.37 	 	 0 
103 	 3 	 356  	 8247.37 	  	 8247.37 	 	 8247.37 	 	 0 
103 	 3 	 357  	 8247.37 	  	 8247.37 	 	 8247.37 	 	 0 
103 	 3 	 358  	 8247.37 	  	 8247.37 	 	 8247.37 	 	 0 
103 	 3 	 359  	 8247.37 	  	 8247.37 	 	 8247.37 	 	 0 
103 	 3 	 360  	 8247.37 	  	 8247.37 	 	 8247.37 	 	 0 
103 	 3 	 361  	 8247.37 	  	 8247.37 	 	 8247.37 	 	 0 
103 	 3 	 362  	 8247.37 	  	 8247.37 	 	 8247.37 	 	 0 
103 	 3 	 363  	 8247.37 	  	 8247.37 	 	 8247.37 	 	 0 
103 	 3 	 364  	 8247.37 	  	 8247.37 	 	 8247.37 	 	 0 
103 	 3 	 365  	 8247.37 	  	 8247.37 	 	 8247.37 	 	 0 
103 	 3 	 366  	 8247.37 	  	 8247.37 	 	 8247.37 	 	 0 
103 	 3 	 367  	 8247.37 	  	 8247.37 	 	 8247.37 	 	 0 
103 	 3 	 368  	 8247.37 	  	 8247.37 	 	 8247.37 	 	 0 
103 	 3 	 369  	 8247.37 	  	 8247.37 	 	 8247.37 	 	 0 
103 	 3 	 370  	 8247.37 	  	 8247.37 	 	 8247.37 	 	 0 
103 	 3 	 371  	 8247.37 	  	 8247.37 	 	 8247.37 	 	 0 
103 	 3 	 372  	 8247.37 	  	 8247.37 	 	 8247.37 	 	 0 
103 	 3 	 373  	 8247.37 	  	 8247.37 	 	 8247.37 	 	 0 
103 	 3 	 374  	 8247.37 	  	 8247.37 	 	 8247.37 	 	 0 
103 	 3 	 375  	 8247.37 	  	 8247.37 	 	 8247.37 	 	 0 
103 	 3 	 376  	 8247.37 	  	 8247.37 	 	 8247.37 	 	 0 
103 	 3 	 377  	 8247.37 	  	 8247.37 	 	 8247.37 	 	 0 
103 	 3 	 378  	 8247.37 	  	 8247.37 	 	 8247.37 	 	 0 
103 	 3 	 379  	 8247.37 	  	 8247.37 	 	 8247.37 	 	 0 
103 	 3 	 380  	 8247.37 	  	 8247.37 	 	 8247.37 	 	 0 
103 	 3 	 381  	 8247.37 	  	 8247.37 	 	 8247.37 	 	 0 
103 	 3 	 382  	 8247.37 	  	 8247.37 	 	 8247.37 	 	 0 
103 	 3 	 383  	 8247.37 	  	 8247.37 	 	 8247.37 	 	 0 
103 	 3 	 384  	 8247.37 	  	 8247.37 	 	 8247.37 	 	 0 
103 	 3 	 385  	 8247.37 	  	 8247.37 	 	 8247.37 	 	 0 
103 	 3 	 386  	 8247.37 	  	 8247.37 	 	 8247.37 	 	 0 
103 	 3 	 387  	 8247.37 	  	 8247.37 	 	 8247.37 	 	 0 
103 	 3 	 388  	 8247.37 	  	 8247.37 	 	 8247.37 	 	 0 
103 	 3 	 389  	 8247.37 	  	 8247.37 	 	 8247.37 	 	 0 
103 	 3 	 390  	 8247.37 	  	 8247.37 	 	 8247.37 	 	 0 
103 	 3 	 391  	 8247.37 	  	 8247.37 	 	 8247.37 	 	 0 
103 	 3 	 392  	 8247.37 	  	 8247.37 	 	 8247.37 	 	 0 
103 	 3 	 393  	 8247.37 	  	 8247.37 	 	 8247.37 	 	 0 
103 	 3 	 394  	 8247.37 	  	 8247.37 	 	 8247.37 	 	 0 
103 	 3 	 395  	 8247.37 	  	 8247.37 	 	 8247.37 	 	 0 
103 	 3 	 396  	 8247.37 	  	 8247.37 	 	 8247.37 	 	 0 
103 	 3 	 397  	 8247.37 	  	 8247.37 	 	 8247.37 	 	 0 
103 	 3 	 398  	 8247.37 	  	 8247.37 	 	 8247.37 	 	 0 
103 	 3 	 399  	 8247.37 	  	 8247.37 	 	 8247.37 	 	 0 
103 	 3 	 400  	 8247.37 	  	 8247.37 	 	 8247.37 	 	 0 
103 	 3 	 401  	 8247.37 	  	 8247.37 	 	 8247.37 	 	 0 
103 	 3 	 402  	 8247.37 	  	 8247.37 	 	 8247.37 	 	 0 
103 	 3 	 403  	 8247.37 	  	 8247.37 	 	 8247.37 	 	 0 
103 	 3 	 404  	 8247.37 	  	 8247.37 	 	 8247.37 	 	 0 
103 	 3 	 405  	 8247.37 	  	 8247.37 	 	 8247.37 	 	 0 
103 	 3 	 406  	 8247.37 	  	 8247.37 	 	 8247.37 	 	 0 
103 	 3 	 407  	 8247.37 	  	 8247.37 	 	 8247.37 	 	 0 
103 	 3 	 408  	 8247.37 	  	 8247.37 	 	 8247.37 	 	 0 
103 	 3 	 409  	 8247.37 	  	 8247.37 	 	 8247.37 	 	 0 
103 	 3 	 410  	 8247.37 	  	 8247.37 	 	 8247.37 	 	 0 
103 	 3 	 411  	 8247.37 	  	 8247.37 	 	 8247.37 	 	 0 
103 	 3 	 412  	 8247.37 	  	 8247.37 	 	 8247.37 	 	 0 
103 	 3 	 413  	 8247.37 	  	 8247.37 	 	 8247.37 	 	 0 
103 	 3 	 414  	 8247.37 	  	 8247.37 	 	 8247.37 	 	 0 
103 	 3 	 415  	 8247.37 	  	 8247.37 	 	 8247.37 	 	 0 
103 	 3 	 416  	 8247.37 	  	 8247.37 	 	 8247.37 	 	 0 
103 	 3 	 417  	 8247.37 	  	 8247.37 	 	 8247.37 	 	 0 
103 	 3 	 418  	 8247.37 	  	 8247.37 	 	 8247.37 	 	 0 
103 	 3 	 419  	 8247.37 	  	 8247.37 	 	 8247.37 	 	 0 
103 	 3 	 420  	 8247.37 	  	 8247.37 	 	 8247.37 	 	 0 
103 	 3 	 421  	 8247.37 	  	 8247.37 	 	 8247.37 	 	 0 
103 	 3 	 422  	 8247.37 	  	 8247.37 	 	 8247.37 	 	 0 
103 	 3 	 423  	 8247.37 	  	 8247.37 	 	 8247.37 	 	 0 
103 	 3 	 424  	 8247.37 	  	 8247.37 	 	 8247.37 	 	 0 
103 	 3 	 425  	 8247.37 	  	 8247.37 	 	 8247.37 	 	 0 
103 	 3 	 426  	 8247.37 	  	 8247.37 	 	 8247.37 	 	 0 
103 	 3 	 427  	 8247.37 	  	 8247.37 	 	 8247.37 	 	 0 
103 	 3 	 428  	 8247.37 	  	 8247.37 	 	 8247.37 	 	 0 
103 	 3 	 429  	 8247.37 	  	 8247.37 	 	 8247.37 	 	 0 
103 	 3 	 430  	 8247.37 	  	 8247.37 	 	 8247.37 	 	 0 
103 	 3 	 431  	 8247.37 	  	 8247.37 	 	 8247.37 	 	 0 
103 	 3 	 432  	 8247.37 	  	 8247.37 	 	 8247.37 	 	 0 
103 	 3 	 433  	 8247.37 	  	 8247.37 	 	 8247.37 	 	 0 
103 	 3 	 434  	 8247.37 	  	 8247.37 	 	 8247.37 	 	 0 
103 	 3 	 435  	 8247.37 	  	 8247.37 	 	 8247.37 	 	 0 
103 	 3 	 436  	 8247.37 	  	 8247.37 	 	 8247.37 	 	 0 
103 	 3 	 437  	 8247.37 	  	 8247.37 	 	 8247.37 	 	 0 
103 	 3 	 438  	 8247.37 	  	 8247.37 	 	 8247.37 	 	 0 
103 	 3 	 439  	 8247.37 	  	 8247.37 	 	 8247.37 	 	 0 
103 	 3 	 440  	 8247.37 	  	 8247.37 	 	 8247.37 	 	 0 
103 	 3 	 441  	 8247.37 	  	 8247.37 	 	 8247.37 	 	 0 
103 	 3 	 442  	 8247.37 	  	 8247.37 	 	 8247.37 	 	 0 
103 	 3 	 443  	 8247.37 	  	 8247.37 	 	 8247.37 	 	 0 
103 	 3 	 444  	 8247.37 	  	 8247.37 	 	 8247.37 	 	 0 
103 	 3 	 445  	 8247.37 	  	 8247.37 	 	 8247.37 	 	 0 
103 	 3 	 446  	 8247.37 	  	 8247.37 	 	 8247.37 	 	 0 
103 	 3 	 447  	 8247.37 	  	 8247.37 	 	 8247.37 	 	 0 
103 	 3 	 448  	 8247.37 	  	 8247.37 	 	 8247.37 	 	 0 
103 	 3 	 449  	 8247.37 	  	 8247.37 	 	 8247.37 	 	 0 
103 	 3 	 450  	 8247.37 	  	 8247.37 	 	 8247.37 	 	 0 
103 	 3 	 451  	 8247.37 	  	 8247.37 	 	 8247.37 	 	 0 
103 	 3 	 452  	 8247.37 	  	 8247.37 	 	 8247.37 	 	 0 
103 	 3 	 453  	 8247.37 	  	 8247.37 	 	 8247.37 	 	 0 
103 	 3 	 454  	 8247.37 	  	 8247.37 	 	 8247.37 	 	 0 
103 	 3 	 455  	 8247.37 	  	 8247.37 	 	 8247.37 	 	 0 
103 	 3 	 456  	 8247.37 	  	 8247.37 	 	 8247.37 	 	 0 
103 	 3 	 457  	 8247.37 	  	 8247.37 	 	 8247.37 	 	 0 
103 	 3 	 458  	 8247.37 	  	 8247.37 	 	 8247.37 	 	 0 
103 	 3 	 459  	 8247.37 	  	 8247.37 	 	 8247.37 	 	 0 
103 	 3 	 460  	 8247.37 	  	 8247.37 	 	 8247.37 	 	 0 
103 	 3 	 461  	 8247.37 	  	 8247.37 	 	 8247.37 	 	 0 
103 	 3 	 462  	 8247.37 	  	 8247.37 	 	 8247.37 	 	 0 
103 	 3 	 463  	 8247.37 	  	 8247.37 	 	 8247.37 	 	 0 
103 	 3 	 464  	 8247.37 	  	 8247.37 	 	 8247.37 	 	 0 
103 	 3 	 465  	 8247.37 	  	 8247.37 	 	 8247.37 	 	 0 
103 	 3 	 466  	 8247.37 	  	 8247.37 	 	 8247.37 	 	 0 
103 	 3 	 467  	 8247.37 	  	 8247.37 	 	 8247.37 	 	 0 
103 	 3 	 468  	 8247.37 	  	 8247.37 	 	 8247.37 	 	 0 
103 	 3 	 469  	 8247.37 	  	 8247.37 	 	 8247.37 	 	 0 
103 	 3 	 470  	 8247.37 	  	 8247.37 	 	 8247.37 	 	 0 
103 	 3 	 471  	 8247.37 	  	 8247.37 	 	 8247.37 	 	 0 
103 	 3 	 472  	 8247.37 	  	 8247.37 	 	 8247.37 	 	 0 
103 	 3 	 473  	 8247.37 	  	 8247.37 	 	 8247.37 	 	 0 
103 	 3 	 474  	 8247.37 	  	 8247.37 	 	 8247.37 	 	 0 
103 	 3 	 475  	 8247.37 	  	 8247.37 	 	 8247.37 	 	 0 
103 	 3 	 476  	 8247.37 	  	 8247.37 	 	 8247.37 	 	 0 
103 	 3 	 477  	 8247.37 	  	 8247.37 	 	 8247.37 	 	 0 
103 	 3 	 478  	 8247.37 	  	 8247.37 	 	 8247.37 	 	 0 
103 	 3 	 479  	 8247.37 	  	 8247.37 	 	 8247.37 	 	 0 
103 	 3 	 480  	 8247.37 	  	 8247.37 	 	 8247.37 	 	 0 
103 	 3 	 481  	 8247.37 	  	 8247.37 	 	 8247.37 	 	 0 
103 	 3 	 482  	 8247.37 	  	 8247.37 	 	 8247.37 	 	 0 
103 	 3 	 483  	 8247.37 	  	 8247.37 	 	 8247.37 	 	 0 
103 	 3 	 484  	 8247.37 	  	 8247.37 	 	 8247.37 	 	 0 
103 	 3 	 485  	 8247.37 	  	 8247.37 	 	 8247.37 	 	 0 
103 	 3 	 486  	 8247.37 	  	 8247.37 	 	 8247.37 	 	 0 
103 	 3 	 487  	 8247.37 	  	 8247.37 	 	 8247.37 	 	 0 
103 	 3 	 488  	 8247.37 	  	 8247.37 	 	 8247.37 	 	 0 
103 	 3 	 489  	 8247.37 	  	 8247.37 	 	 8247.37 	 	 0 
103 	 3 	 490  	 8247.37 	  	 8247.37 	 	 8247.37 	 	 0 
103 	 3 	 491  	 8247.37 	  	 8247.37 	 	 8247.37 	 	 0 
103 	 3 	 492  	 8247.37 	  	 8247.37 	 	 8247.37 	 	 0 
103 	 3 	 493  	 8247.37 	  	 8247.37 	 	 8247.37 	 	 0 
103 	 3 	 494  	 8247.37 	  	 8247.37 	 	 8247.37 	 	 0 
103 	 3 	 495  	 8247.37 	  	 8247.37 	 	 8247.37 	 	 0 
103 	 3 	 496  	 8247.37 	  	 8247.37 	 	 8247.37 	 	 0 
103 	 3 	 497  	 8247.37 	  	 8247.37 	 	 8247.37 	 	 0 
103 	 3 	 498  	 8247.37 	  	 8247.37 	 	 8247.37 	 	 0 
103 	 3 	 499  	 8247.37 	  	 8247.37 	 	 8247.37 	 	 0 
103 	 3 	 500  	 8247.37 	  	 8247.37 	 	 8247.37 	 	 0 
103 	 3 	 501  	 8247.37 	  	 8247.37 	 	 8247.37 	 	 0 
103 	 3 	 502  	 8247.37 	  	 8247.37 	 	 8247.37 	 	 0 
103 	 3 	 503  	 8247.37 	  	 8247.37 	 	 8247.37 	 	 0 
103 	 3 	 504  	 8247.37 	  	 8247.37 	 	 8247.37 	 	 0 
103 	 3 	 505  	 8247.37 	  	 8247.37 	 	 8247.37 	 	 0 
103 	 3 	 506  	 8247.37 	  	 8247.37 	 	 8247.37 	 	 0 
103 	 3 	 507  	 8247.37 	  	 8247.37 	 	 8247.37 	 	 0 
103 	 3 	 508  	 8247.37 	  	 8247.37 	 	 8247.37 	 	 0 
103 	 3 	 509  	 8247.37 	  	 8247.37 	 	 8247.37 	 	 0 
103 	 3 	 510  	 8247.37 	  	 8247.37 	 	 8247.37 	 	 0 
103 	 3 	 511  	 8247.37 	  	 8247.37 	 	 8247.37 	 	 0 
103 	 3 	 512  	 8247.37 	  	 8247.37 	 	 8247.37 	 	 0 
103 	 3 	 513  	 8247.37 	  	 8247.37 	 	 8247.37 	 	 0 
103 	 3 	 514  	 8247.37 	  	 8247.37 	 	 8247.37 	 	 0 
103 	 3 	 515  	 8247.37 	  	 8247.37 	 	 8247.37 	 	 0 
103 	 3 	 516  	 8247.37 	  	 8247.37 	 	 8247.37 	 	 0 
103 	 3 	 517  	 8247.37 	  	 8247.37 	 	 8247.37 	 	 0 
103 	 3 	 518  	 8247.37 	  	 8247.37 	 	 8247.37 	 	 0 
103 	 3 	 519  	 8247.37 	  	 8247.37 	 	 8247.37 	 	 0 
103 	 3 	 520  	 8247.37 	  	 8247.37 	 	 8247.37 	 	 0 
103 	 3 	 521  	 8247.37 	  	 8247.37 	 	 8247.37 	 	 0 
103 	 3 	 522  	 8247.37 	  	 8247.37 	 	 8247.37 	 	 0 
103 	 3 	 523  	 8247.37 	  	 8247.37 	 	 8247.37 	 	 0 
103 	 3 	 524  	 8247.37 	  	 8247.37 	 	 8247.37 	 	 0 
103 	 3 	 525  	 8247.37 	  	 8247.37 	 	 8247.37 	 	 0 
103 	 3 	 526  	 8247.37 	  	 8247.37 	 	 8247.37 	 	 0 
103 	 3 	 527  	 8247.37 	  	 8247.37 	 	 8247.37 	 	 0 
103 	 3 	 528  	 8247.37 	  	 8247.37 	 	 8247.37 	 	 0 
103 	 3 	 529  	 8247.37 	  	 8247.37 	 	 8247.37 	 	 0 
103 	 3 	 530  	 8247.37 	  	 8247.37 	 	 8247.37 	 	 0 
103 	 3 	 531  	 8247.37 	  	 8247.37 	 	 8247.37 	 	 0 
103 	 3 	 532  	 8247.37 	  	 8247.37 	 	 8247.37 	 	 0 
103 	 3 	 533  	 8247.37 	  	 8247.37 	 	 8247.37 	 	 0 
103 	 3 	 534  	 8247.37 	  	 8247.37 	 	 8247.37 	 	 0 
103 	 3 	 535  	 8247.37 	  	 8247.37 	 	 8247.37 	 	 0 
103 	 3 	 536  	 8247.37 	  	 8247.37 	 	 8247.37 	 	 0 
103 	 3 	 537  	 8247.37 	  	 8247.37 	 	 8247.37 	 	 0 
103 	 3 	 538  	 8247.37 	  	 8247.37 	 	 8247.37 	 	 0 
103 	 3 	 539  	 8247.37 	  	 8247.37 	 	 8247.37 	 	 0 
103 	 3 	 540  	 8247.37 	  	 8247.37 	 	 8247.37 	 	 0 
103 	 3 	 541  	 8247.37 	  	 8247.37 	 	 8247.37 	 	 0 
103 	 3 	 542  	 8247.37 	  	 8247.37 	 	 8247.37 	 	 0 
103 	 3 	 543  	 8247.37 	  	 8247.37 	 	 8247.37 	 	 0 
103 	 3 	 544  	 8247.37 	  	 8247.37 	 	 8247.37 	 	 0 
103 	 3 	 545  	 8247.37 	  	 8247.37 	 	 8247.37 	 	 0 
103 	 3 	 546  	 8247.37 	  	 8247.37 	 	 8247.37 	 	 0 
103 	 3 	 547  	 8247.37 	  	 8247.37 	 	 8247.37 	 	 0 
103 	 3 	 548  	 8247.37 	  	 8247.37 	 	 8247.37 	 	 0 
103 	 3 	 549  	 8247.37 	  	 8247.37 	 	 8247.37 	 	 0 
103 	 3 	 550  	 8247.37 	  	 8247.37 	 	 8247.37 	 	 0 
103 	 3 	 551  	 8247.37 	  	 8247.37 	 	 8247.37 	 	 0 
103 	 3 	 552  	 8247.37 	  	 8247.37 	 	 8247.37 	 	 0 
103 	 3 	 553  	 8247.37 	  	 8247.37 	 	 8247.37 	 	 0 
103 	 3 	 554  	 8247.37 	  	 8247.37 	 	 8247.37 	 	 0 
103 	 3 	 555  	 8247.37 	  	 8247.37 	 	 8247.37 	 	 0 
103 	 3 	 556  	 8247.37 	  	 8247.37 	 	 8247.37 	 	 0 
103 	 3 	 557  	 8247.37 	  	 8247.37 	 	 8247.37 	 	 0 
103 	 3 	 558  	 8247.37 	  	 8247.37 	 	 8247.37 	 	 0 
103 	 3 	 559  	 8247.37 	  	 8247.37 	 	 8247.37 	 	 0 
103 	 3 	 560  	 8247.37 	  	 8247.37 	 	 8247.37 	 	 0 
103 	 3 	 561  	 8247.37 	  	 8247.37 	 	 8247.37 	 	 0 
103 	 3 	 562  	 8247.37 	  	 8247.37 	 	 8247.37 	 	 0 
103 	 3 	 563  	 8247.37 	  	 8247.37 	 	 8247.37 	 	 0 
103 	 3 	 564  	 8247.37 	  	 8247.37 	 	 8247.37 	 	 0 
103 	 3 	 565  	 8247.37 	  	 8247.37 	 	 8247.37 	 	 0 
103 	 3 	 566  	 8247.37 	  	 8247.37 	 	 8247.37 	 	 0 
103 	 3 	 567  	 8247.37 	  	 8247.37 	 	 8247.37 	 	 0 
103 	 3 	 568  	 8247.37 	  	 8247.37 	 	 8247.37 	 	 0 
103 	 3 	 569  	 8247.37 	  	 8247.37 	 	 8247.37 	 	 0 
103 	 3 	 570  	 8247.37 	  	 8247.37 	 	 8247.37 	 	 0 
103 	 3 	 571  	 8247.37 	  	 8247.37 	 	 8247.37 	 	 0 
103 	 3 	 572  	 8247.37 	  	 8247.37 	 	 8247.37 	 	 0 
103 	 3 	 573  	 8247.37 	  	 8247.37 	 	 8247.37 	 	 0 
103 	 3 	 574  	 8247.37 	  	 8247.37 	 	 8247.37 	 	 0 
103 	 3 	 575  	 8247.37 	  	 8247.37 	 	 8247.37 	 	 0 
103 	 3 	 576  	 8247.37 	  	 8247.37 	 	 8247.37 	 	 0 
103 	 3 	 577  	 8247.37 	  	 8247.37 	 	 8247.37 	 	 0 
103 	 3 	 578  	 8247.37 	  	 8247.37 	 	 8247.37 	 	 0 
103 	 3 	 579  	 8247.37 	  	 8247.37 	 	 8247.37 	 	 0 
103 	 3 	 580  	 8247.37 	  	 8247.37 	 	 8247.37 	 	 0 
103 	 3 	 581  	 8247.37 	  	 8247.37 	 	 8247.37 	 	 0 
103 	 3 	 582  	 8247.37 	  	 8247.37 	 	 8247.37 	 	 0 
103 	 3 	 583  	 8247.37 	  	 8247.37 	 	 8247.37 	 	 0 
103 	 3 	 584  	 8247.37 	  	 8247.37 	 	 8247.37 	 	 0 
103 	 3 	 585  	 8247.37 	  	 8247.37 	 	 8247.37 	 	 0 
103 	 3 	 586  	 8247.37 	  	 8247.37 	 	 8247.37 	 	 0 
103 	 3 	 587  	 8247.37 	  	 8247.37 	 	 8247.37 	 	 0 
103 	 3 	 588  	 8247.37 	  	 8247.37 	 	 8247.37 	 	 0 
103 	 3 	 589  	 8247.37 	  	 8247.37 	 	 8247.37 	 	 0 
103 	 3 	 590  	 8247.37 	  	 8247.37 	 	 8247.37 	 	 0 
103 	 3 	 591  	 8247.37 	  	 8247.37 	 	 8247.37 	 	 0 
103 	 3 	 592  	 8247.37 	  	 8247.37 	 	 8247.37 	 	 0 
103 	 3 	 593  	 8247.37 	  	 8247.37 	 	 8247.37 	 	 0 
103 	 3 	 594  	 8247.37 	  	 8247.37 	 	 8247.37 	 	 0 
103 	 3 	 595  	 8247.37 	  	 8247.37 	 	 8247.37 	 	 0 
103 	 3 	 596  	 8247.37 	  	 8247.37 	 	 8247.37 	 	 0 
103 	 3 	 597  	 8247.37 	  	 8247.37 	 	 8247.37 	 	 0 
103 	 3 	 598  	 8247.37 	  	 8247.37 	 	 8247.37 	 	 0 
103 	 3 	 599  	 8247.37 	  	 8247.37 	 	 8247.37 	 	 0 
103 	 3 	 600  	 8247.37 	  	 8247.37 	 	 8247.37 	 	 0 
103 	 3 	 601  	 8247.37 	  	 8247.37 	 	 8247.37 	 	 0 
103 	 3 	 602  	 8247.37 	  	 8247.37 	 	 8247.37 	 	 0 
103 	 3 	 603  	 8247.37 	  	 8247.37 	 	 8247.37 	 	 0 
103 	 3 	 604  	 8247.37 	  	 8247.37 	 	 8247.37 	 	 0 
103 	 3 	 605  	 8247.37 	  	 8247.37 	 	 8247.37 	 	 0 
103 	 3 	 606  	 8247.37 	  	 8247.37 	 	 8247.37 	 	 0 
103 	 3 	 607  	 8247.37 	  	 8247.37 	 	 8247.37 	 	 0 
103 	 3 	 608  	 8247.37 	  	 8247.37 	 	 8247.37 	 	 0 
103 	 3 	 609  	 8247.37 	  	 8247.37 	 	 8247.37 	 	 0 
103 	 3 	 610  	 8247.37 	  	 8247.37 	 	 8247.37 	 	 0 
103 	 3 	 611  	 8247.37 	  	 8247.37 	 	 8247.37 	 	 0 
103 	 3 	 612  	 8247.37 	  	 8247.37 	 	 8247.37 	 	 0 
103 	 3 	 613  	 8247.37 	  	 8247.37 	 	 8247.37 	 	 0 
103 	 3 	 614  	 8247.37 	  	 8247.37 	 	 8247.37 	 	 0 
103 	 3 	 615  	 8247.37 	  	 8247.37 	 	 8247.37 	 	 0 
103 	 3 	 616  	 8247.37 	  	 8247.37 	 	 8247.37 	 	 0 
103 	 3 	 617  	 8247.37 	  	 8247.37 	 	 8247.37 	 	 0 
103 	 3 	 618  	 8247.37 	  	 8247.37 	 	 8247.37 	 	 0 
103 	 3 	 619  	 8247.37 	  	 8247.37 	 	 8247.37 	 	 0 
103 	 3 	 620  	 8247.37 	  	 8247.37 	 	 8247.37 	 	 0 
103 	 3 	 621  	 8247.37 	  	 8247.37 	 	 8247.37 	 	 0 
103 	 3 	 622  	 8247.37 	  	 8247.37 	 	 8247.37 	 	 0 
103 	 3 	 623  	 8247.37 	  	 8247.37 	 	 8247.37 	 	 0 
103 	 3 	 624  	 8247.37 	  	 8247.37 	 	 8247.37 	 	 0 
103 	 3 	 625  	 8247.37 	  	 8247.37 	 	 8247.37 	 	 0 
103 	 3 	 626  	 8247.37 	  	 8247.37 	 	 8247.37 	 	 0 
103 	 3 	 627  	 8247.37 	  	 8247.37 	 	 8247.37 	 	 0 
103 	 3 	 628  	 8247.37 	  	 8247.37 	 	 8247.37 	 	 0 
103 	 3 	 629  	 8247.37 	  	 8247.37 	 	 8247.37 	 	 0 
103 	 3 	 630  	 8247.37 	  	 8247.37 	 	 8247.37 	 	 0 
103 	 3 	 631  	 8247.37 	  	 8247.37 	 	 8247.37 	 	 0 
103 	 3 	 632  	 8247.37 	  	 8247.37 	 	 8247.37 	 	 0 
103 	 3 	 633  	 8247.37 	  	 8247.37 	 	 8247.37 	 	 0 
103 	 3 	 634  	 8247.37 	  	 8247.37 	 	 8247.37 	 	 0 
103 	 3 	 635  	 8247.37 	  	 8247.37 	 	 8247.37 	 	 0 
103 	 3 	 636  	 8247.37 	  	 8247.37 	 	 8247.37 	 	 0 
103 	 3 	 637  	 8247.37 	  	 8247.37 	 	 8247.37 	 	 0 
103 	 3 	 638  	 8247.37 	  	 8247.37 	 	 8247.37 	 	 0 
103 	 3 	 639  	 8247.37 	  	 8247.37 	 	 8247.37 	 	 0 
103 	 3 	 640  	 8247.37 	  	 8247.37 	 	 8247.37 	 	 0 
103 	 3 	 641  	 8247.37 	  	 8247.37 	 	 8247.37 	 	 0 
103 	 3 	 642  	 8247.37 	  	 8247.37 	 	 8247.37 	 	 0 
103 	 3 	 643  	 8247.37 	  	 8247.37 	 	 8247.37 	 	 0 
103 	 3 	 644  	 8247.37 	  	 8247.37 	 	 8247.37 	 	 0 
103 	 3 	 645  	 8247.37 	  	 8247.37 	 	 8247.37 	 	 0 
103 	 3 	 646  	 8247.37 	  	 8247.37 	 	 8247.37 	 	 0 
103 	 3 	 647  	 8247.37 	  	 8247.37 	 	 8247.37 	 	 0 
103 	 3 	 648  	 8247.37 	  	 8247.37 	 	 8247.37 	 	 0 
103 	 3 	 649  	 8247.37 	  	 8247.37 	 	 8247.37 	 	 0 
103 	 3 	 650  	 8247.37 	  	 8247.37 	 	 8247.37 	 	 0 
103 	 3 	 651  	 8247.37 	  	 8247.37 	 	 8247.37 	 	 0 
103 	 3 	 652  	 8247.37 	  	 8247.37 	 	 8247.37 	 	 0 
103 	 3 	 653  	 8247.37 	  	 8247.37 	 	 8247.37 	 	 0 
103 	 3 	 654  	 8247.37 	  	 8247.37 	 	 8247.37 	 	 0 
103 	 3 	 655  	 8247.37 	  	 8247.37 	 	 8247.37 	 	 0 
103 	 3 	 656  	 8247.37 	  	 8247.37 	 	 8247.37 	 	 0 
103 	 3 	 657  	 8247.37 	  	 8247.37 	 	 8247.37 	 	 0 
103 	 3 	 658  	 8247.37 	  	 8247.37 	 	 8247.37 	 	 0 
103 	 3 	 659  	 8247.37 	  	 8247.37 	 	 8247.37 	 	 0 
103 	 3 	 660  	 8247.37 	  	 8247.37 	 	 8247.37 	 	 0 
103 	 3 	 661  	 8247.37 	  	 8247.37 	 	 8247.37 	 	 0 
103 	 3 	 662  	 8247.37 	  	 8247.37 	 	 8247.37 	 	 0 
103 	 3 	 663  	 8247.37 	  	 8247.37 	 	 8247.37 	 	 0 
103 	 3 	 664  	 8247.37 	  	 8247.37 	 	 8247.37 	 	 0 
103 	 3 	 665  	 8247.37 	  	 8247.37 	 	 8247.37 	 	 0 
103 	 3 	 666  	 8247.37 	  	 8247.37 	 	 8247.37 	 	 0 
103 	 3 	 667  	 8247.37 	  	 8247.37 	 	 8247.37 	 	 0 
103 	 3 	 668  	 8247.37 	  	 8247.37 	 	 8247.37 	 	 0 
103 	 3 	 669  	 8247.37 	  	 8247.37 	 	 8247.37 	 	 0 
103 	 3 	 670  	 8247.37 	  	 8247.37 	 	 8247.37 	 	 0 
103 	 3 	 671  	 8247.37 	  	 8247.37 	 	 8247.37 	 	 0 
103 	 3 	 672  	 8247.37 	  	 8247.37 	 	 8247.37 	 	 0 
103 	 3 	 673  	 8247.37 	  	 8247.37 	 	 8247.37 	 	 0 
103 	 3 	 674  	 8247.37 	  	 8247.37 	 	 8247.37 	 	 0 
103 	 3 	 675  	 8247.37 	  	 8247.37 	 	 8247.37 	 	 0 
103 	 3 	 676  	 8247.37 	  	 8247.37 	 	 8247.37 	 	 0 
103 	 3 	 677  	 8247.37 	  	 8247.37 	 	 8247.37 	 	 0 
103 	 3 	 678  	 8247.37 	  	 8247.37 	 	 8247.37 	 	 0 
103 	 3 	 679  	 8247.37 	  	 8247.37 	 	 8247.37 	 	 0 
103 	 3 	 680  	 8247.37 	  	 8247.37 	 	 8247.37 	 	 0 
103 	 3 	 681  	 8247.37 	  	 8247.37 	 	 8247.37 	 	 0 
103 	 3 	 682  	 8247.37 	  	 8247.37 	 	 8247.37 	 	 0 
103 	 3 	 683  	 8247.37 	  	 8247.37 	 	 8247.37 	 	 0 
103 	 3 	 684  	 8247.37 	  	 8247.37 	 	 8247.37 	 	 0 
103 	 3 	 685  	 8247.37 	  	 8247.37 	 	 8247.37 	 	 0 
103 	 3 	 686  	 8247.37 	  	 8247.37 	 	 8247.37 	 	 0 
103 	 3 	 687  	 8247.37 	  	 8247.37 	 	 8247.37 	 	 0 
103 	 3 	 688  	 8247.37 	  	 8247.37 	 	 8247.37 	 	 0 
103 	 3 	 689  	 8247.37 	  	 8247.37 	 	 8247.37 	 	 0 
103 	 3 	 690  	 8247.37 	  	 8247.37 	 	 8247.37 	 	 0 
103 	 3 	 691  	 8247.37 	  	 8247.37 	 	 8247.37 	 	 0 
103 	 3 	 692  	 8247.37 	  	 8247.37 	 	 8247.37 	 	 0 
103 	 3 	 693  	 8247.37 	  	 8247.37 	 	 8247.37 	 	 0 
103 	 3 	 694  	 8247.37 	  	 8247.37 	 	 8247.37 	 	 0 
103 	 3 	 695  	 8247.37 	  	 8247.37 	 	 8247.37 	 	 0 
103 	 3 	 696  	 8247.37 	  	 8247.37 	 	 8247.37 	 	 0 
103 	 3 	 697  	 8247.37 	  	 8247.37 	 	 8247.37 	 	 0 
103 	 3 	 698  	 8247.37 	  	 8247.37 	 	 8247.37 	 	 0 
103 	 3 	 699  	 8247.37 	  	 8247.37 	 	 8247.37 	 	 0 
103 	 3 	 700  	 8247.37 	  	 8247.37 	 	 8247.37 	 	 0 
103 	 3 	 701  	 8247.37 	  	 8247.37 	 	 8247.37 	 	 0 
103 	 3 	 702  	 8247.37 	  	 8247.37 	 	 8247.37 	 	 0 
103 	 3 	 703  	 8247.37 	  	 8247.37 	 	 8247.37 	 	 0 
103 	 3 	 704  	 8247.37 	  	 8247.37 	 	 8247.37 	 	 0 
103 	 3 	 705  	 8247.37 	  	 8247.37 	 	 8247.37 	 	 0 
103 	 3 	 706  	 8247.37 	  	 8247.37 	 	 8247.37 	 	 0 
103 	 3 	 707  	 8247.37 	  	 8247.37 	 	 8247.37 	 	 0 
103 	 3 	 708  	 8247.37 	  	 8247.37 	 	 8247.37 	 	 0 
103 	 3 	 709  	 8247.37 	  	 8247.37 	 	 8247.37 	 	 0 
103 	 3 	 710  	 8247.37 	  	 8247.37 	 	 8247.37 	 	 0 
103 	 3 	 711  	 8247.37 	  	 8247.37 	 	 8247.37 	 	 0 
103 	 3 	 712  	 8247.37 	  	 8247.37 	 	 8247.37 	 	 0 
103 	 3 	 713  	 8247.37 	  	 8247.37 	 	 8247.37 	 	 0 
103 	 3 	 714  	 8247.37 	  	 8247.37 	 	 8247.37 	 	 0 
103 	 3 	 715  	 8247.37 	  	 8247.37 	 	 8247.37 	 	 0 
103 	 3 	 716  	 8247.37 	  	 8247.37 	 	 8247.37 	 	 0 
103 	 3 	 717  	 8247.37 	  	 8247.37 	 	 8247.37 	 	 0 
103 	 3 	 718  	 8247.37 	  	 8247.37 	 	 8247.37 	 	 0 
103 	 3 	 719  	 8247.37 	  	 8247.37 	 	 8247.37 	 	 0 
103 	 3 	 720  	 8247.37 	  	 8247.37 	 	 8247.37 	 	 0 
103 	 3 	 721  	 8247.37 	  	 8247.37 	 	 8247.37 	 	 0 
