103 	 2 	 1  	 357.44 	  	 0 	 	 0 	 	 0 
103 	 2 	 2  	 357.44 	  	 355.691 	 	 0 	 	 0 
103 	 2 	 3  	 357.44 	  	 355.691 	 	 355.691 	 	 0 
103 	 2 	 4  	 357.44 	  	 355.691 	 	 355.691 	 	 0 
103 	 2 	 5  	 357.44 	  	 355.691 	 	 355.691 	 	 0 
103 	 2 	 6  	 357.44 	  	 355.691 	 	 355.691 	 	 0 
103 	 2 	 7  	 357.44 	  	 355.691 	 	 355.691 	 	 0 
103 	 2 	 8  	 357.44 	  	 355.691 	 	 355.691 	 	 0 
103 	 2 	 9  	 357.44 	  	 357.44 	 	 355.691 	 	 0 
103 	 2 	 10  	 357.44 	  	 357.44 	 	 357.44 	 	 0 
103 	 2 	 11  	 357.44 	  	 357.44 	 	 357.44 	 	 0 
103 	 2 	 12  	 357.44 	  	 357.44 	 	 357.44 	 	 0 
103 	 2 	 13  	 357.44 	  	 357.44 	 	 357.44 	 	 0 
103 	 2 	 14  	 357.44 	  	 357.44 	 	 357.44 	 	 0 
103 	 2 	 15  	 357.44 	  	 357.44 	 	 357.44 	 	 0 
103 	 2 	 16  	 357.44 	  	 357.44 	 	 357.44 	 	 0 
103 	 2 	 17  	 357.44 	  	 357.44 	 	 357.44 	 	 0 
103 	 2 	 18  	 357.44 	  	 357.44 	 	 357.44 	 	 0 
103 	 2 	 19  	 357.44 	  	 357.44 	 	 357.44 	 	 0 
103 	 2 	 20  	 357.44 	  	 357.44 	 	 357.44 	 	 0 
103 	 2 	 21  	 357.44 	  	 357.44 	 	 357.44 	 	 0 
103 	 2 	 22  	 357.44 	  	 357.44 	 	 357.44 	 	 0 
103 	 2 	 23  	 357.44 	  	 357.44 	 	 357.44 	 	 0 
103 	 2 	 24  	 357.44 	  	 357.44 	 	 357.44 	 	 0 
103 	 2 	 25  	 357.44 	  	 357.44 	 	 357.44 	 	 0 
103 	 2 	 26  	 357.44 	  	 357.44 	 	 357.44 	 	 0 
103 	 2 	 27  	 357.44 	  	 357.44 	 	 357.44 	 	 0 
103 	 2 	 28  	 357.44 	  	 357.44 	 	 357.44 	 	 0 
103 	 2 	 29  	 357.44 	  	 357.44 	 	 357.44 	 	 0 
103 	 2 	 30  	 357.44 	  	 357.44 	 	 357.44 	 	 0 
103 	 2 	 31  	 357.44 	  	 357.44 	 	 357.44 	 	 0 
103 	 2 	 32  	 357.44 	  	 357.44 	 	 357.44 	 	 0 
103 	 2 	 33  	 357.44 	  	 357.44 	 	 357.44 	 	 0 
103 	 2 	 34  	 357.44 	  	 357.44 	 	 357.44 	 	 0 
103 	 2 	 35  	 357.44 	  	 357.44 	 	 357.44 	 	 0 
103 	 2 	 36  	 357.44 	  	 357.44 	 	 357.44 	 	 0 
103 	 2 	 37  	 357.44 	  	 357.44 	 	 357.44 	 	 0 
103 	 2 	 38  	 357.44 	  	 357.44 	 	 357.44 	 	 0 
103 	 2 	 39  	 357.44 	  	 357.44 	 	 357.44 	 	 0 
103 	 2 	 40  	 357.44 	  	 357.44 	 	 357.44 	 	 0 
103 	 2 	 41  	 357.44 	  	 357.44 	 	 357.44 	 	 0 
103 	 2 	 42  	 357.44 	  	 357.44 	 	 357.44 	 	 0 
103 	 2 	 43  	 357.44 	  	 357.44 	 	 357.44 	 	 0 
103 	 2 	 44  	 357.44 	  	 357.44 	 	 357.44 	 	 0 
103 	 2 	 45  	 357.44 	  	 357.44 	 	 357.44 	 	 0 
103 	 2 	 46  	 357.44 	  	 357.44 	 	 357.44 	 	 0 
103 	 2 	 47  	 357.44 	  	 357.44 	 	 357.44 	 	 0 
103 	 2 	 48  	 357.44 	  	 357.44 	 	 357.44 	 	 0 
103 	 2 	 49  	 357.44 	  	 357.44 	 	 357.44 	 	 0 
103 	 2 	 50  	 357.44 	  	 357.44 	 	 357.44 	 	 0 
103 	 2 	 51  	 357.44 	  	 357.44 	 	 357.44 	 	 0 
103 	 2 	 52  	 357.44 	  	 357.44 	 	 357.44 	 	 0 
103 	 2 	 53  	 357.44 	  	 357.44 	 	 357.44 	 	 0 
103 	 2 	 54  	 357.44 	  	 357.44 	 	 357.44 	 	 0 
103 	 2 	 55  	 357.44 	  	 357.44 	 	 357.44 	 	 0 
103 	 2 	 56  	 357.44 	  	 357.44 	 	 357.44 	 	 0 
103 	 2 	 57  	 357.44 	  	 357.44 	 	 357.44 	 	 0 
103 	 2 	 58  	 357.44 	  	 357.44 	 	 357.44 	 	 0 
103 	 2 	 59  	 357.44 	  	 357.44 	 	 357.44 	 	 0 
103 	 2 	 60  	 357.44 	  	 357.44 	 	 357.44 	 	 0 
103 	 2 	 61  	 357.44 	  	 357.44 	 	 357.44 	 	 0 
103 	 2 	 62  	 357.44 	  	 357.44 	 	 357.44 	 	 0 
103 	 2 	 63  	 357.44 	  	 357.44 	 	 357.44 	 	 0 
103 	 2 	 64  	 357.44 	  	 357.44 	 	 357.44 	 	 0 
103 	 2 	 65  	 357.44 	  	 357.44 	 	 357.44 	 	 0 
103 	 2 	 66  	 357.44 	  	 357.44 	 	 357.44 	 	 0 
103 	 2 	 67  	 357.44 	  	 357.44 	 	 357.44 	 	 0 
103 	 2 	 68  	 357.44 	  	 357.44 	 	 357.44 	 	 0 
103 	 2 	 69  	 357.44 	  	 357.44 	 	 357.44 	 	 0 
103 	 2 	 70  	 357.44 	  	 357.44 	 	 357.44 	 	 0 
103 	 2 	 71  	 357.44 	  	 357.44 	 	 357.44 	 	 0 
103 	 2 	 72  	 357.44 	  	 357.44 	 	 357.44 	 	 0 
103 	 2 	 73  	 357.44 	  	 357.44 	 	 357.44 	 	 0 
103 	 2 	 74  	 357.44 	  	 357.44 	 	 357.44 	 	 0 
103 	 2 	 75  	 357.44 	  	 357.44 	 	 357.44 	 	 0 
103 	 2 	 76  	 357.44 	  	 357.44 	 	 357.44 	 	 0 
103 	 2 	 77  	 357.44 	  	 357.44 	 	 357.44 	 	 0 
103 	 2 	 78  	 357.44 	  	 357.44 	 	 357.44 	 	 0 
103 	 2 	 79  	 357.44 	  	 357.44 	 	 357.44 	 	 0 
103 	 2 	 80  	 357.44 	  	 357.44 	 	 357.44 	 	 0 
103 	 2 	 81  	 357.44 	  	 357.44 	 	 357.44 	 	 0 
103 	 2 	 82  	 357.44 	  	 357.44 	 	 357.44 	 	 0 
103 	 2 	 83  	 357.44 	  	 357.44 	 	 357.44 	 	 0 
103 	 2 	 84  	 357.44 	  	 357.44 	 	 357.44 	 	 0 
103 	 2 	 85  	 357.44 	  	 357.44 	 	 357.44 	 	 0 
103 	 2 	 86  	 357.44 	  	 357.44 	 	 357.44 	 	 0 
103 	 2 	 87  	 357.44 	  	 357.44 	 	 357.44 	 	 0 
103 	 2 	 88  	 357.44 	  	 357.44 	 	 357.44 	 	 0 
103 	 2 	 89  	 357.44 	  	 357.44 	 	 357.44 	 	 0 
103 	 2 	 90  	 357.44 	  	 357.44 	 	 357.44 	 	 0 
103 	 2 	 91  	 357.44 	  	 357.44 	 	 357.44 	 	 0 
103 	 2 	 92  	 357.44 	  	 357.44 	 	 357.44 	 	 0 
103 	 2 	 93  	 357.44 	  	 357.44 	 	 357.44 	 	 0 
103 	 2 	 94  	 357.44 	  	 357.44 	 	 357.44 	 	 0 
103 	 2 	 95  	 357.44 	  	 357.44 	 	 357.44 	 	 0 
103 	 2 	 96  	 357.44 	  	 357.44 	 	 357.44 	 	 0 
103 	 2 	 97  	 357.44 	  	 357.44 	 	 357.44 	 	 0 
103 	 2 	 98  	 357.44 	  	 357.44 	 	 357.44 	 	 0 
103 	 2 	 99  	 357.44 	  	 357.44 	 	 357.44 	 	 0 
103 	 2 	 100  	 357.44 	  	 357.44 	 	 357.44 	 	 0 
103 	 2 	 101  	 357.44 	  	 357.44 	 	 357.44 	 	 0 
103 	 2 	 102  	 357.44 	  	 357.44 	 	 357.44 	 	 0 
103 	 2 	 103  	 357.44 	  	 357.44 	 	 357.44 	 	 0 
103 	 2 	 104  	 357.44 	  	 357.44 	 	 357.44 	 	 0 
103 	 2 	 105  	 357.44 	  	 357.44 	 	 357.44 	 	 0 
103 	 2 	 106  	 357.44 	  	 357.44 	 	 357.44 	 	 0 
103 	 2 	 107  	 357.44 	  	 357.44 	 	 357.44 	 	 0 
103 	 2 	 108  	 357.44 	  	 357.44 	 	 357.44 	 	 0 
103 	 2 	 109  	 357.44 	  	 357.44 	 	 357.44 	 	 0 
103 	 2 	 110  	 357.44 	  	 357.44 	 	 357.44 	 	 0 
103 	 2 	 111  	 357.44 	  	 357.44 	 	 357.44 	 	 0 
103 	 2 	 112  	 357.44 	  	 357.44 	 	 357.44 	 	 0 
103 	 2 	 113  	 357.44 	  	 357.44 	 	 357.44 	 	 0 
103 	 2 	 114  	 357.44 	  	 357.44 	 	 357.44 	 	 0 
103 	 2 	 115  	 357.44 	  	 357.44 	 	 357.44 	 	 0 
103 	 2 	 116  	 357.44 	  	 357.44 	 	 357.44 	 	 0 
103 	 2 	 117  	 357.44 	  	 357.44 	 	 357.44 	 	 0 
103 	 2 	 118  	 357.44 	  	 357.44 	 	 357.44 	 	 0 
103 	 2 	 119  	 357.44 	  	 357.44 	 	 357.44 	 	 0 
103 	 2 	 120  	 357.44 	  	 357.44 	 	 357.44 	 	 0 
103 	 2 	 121  	 357.44 	  	 357.44 	 	 357.44 	 	 0 
103 	 2 	 122  	 357.44 	  	 357.44 	 	 357.44 	 	 0 
103 	 2 	 123  	 357.44 	  	 357.44 	 	 357.44 	 	 0 
103 	 2 	 124  	 357.44 	  	 357.44 	 	 357.44 	 	 0 
103 	 2 	 125  	 357.44 	  	 357.44 	 	 357.44 	 	 0 
103 	 2 	 126  	 357.44 	  	 357.44 	 	 357.44 	 	 0 
103 	 2 	 127  	 357.44 	  	 357.44 	 	 357.44 	 	 0 
103 	 2 	 128  	 357.44 	  	 357.44 	 	 357.44 	 	 0 
103 	 2 	 129  	 357.44 	  	 357.44 	 	 357.44 	 	 0 
103 	 2 	 130  	 357.44 	  	 357.44 	 	 357.44 	 	 0 
103 	 2 	 131  	 357.44 	  	 357.44 	 	 357.44 	 	 0 
103 	 2 	 132  	 357.44 	  	 357.44 	 	 357.44 	 	 0 
103 	 2 	 133  	 357.44 	  	 357.44 	 	 357.44 	 	 0 
103 	 2 	 134  	 357.44 	  	 357.44 	 	 357.44 	 	 0 
103 	 2 	 135  	 357.44 	  	 357.44 	 	 357.44 	 	 0 
103 	 2 	 136  	 357.44 	  	 357.44 	 	 357.44 	 	 0 
103 	 2 	 137  	 357.44 	  	 357.44 	 	 357.44 	 	 0 
103 	 2 	 138  	 357.44 	  	 357.44 	 	 357.44 	 	 0 
103 	 2 	 139  	 357.44 	  	 357.44 	 	 357.44 	 	 0 
103 	 2 	 140  	 357.44 	  	 357.44 	 	 357.44 	 	 0 
103 	 2 	 141  	 357.44 	  	 357.44 	 	 357.44 	 	 0 
103 	 2 	 142  	 357.44 	  	 357.44 	 	 357.44 	 	 0 
103 	 2 	 143  	 357.44 	  	 357.44 	 	 357.44 	 	 0 
103 	 2 	 144  	 357.44 	  	 357.44 	 	 357.44 	 	 0 
103 	 2 	 145  	 357.44 	  	 357.44 	 	 357.44 	 	 0 
103 	 2 	 146  	 357.44 	  	 357.44 	 	 357.44 	 	 0 
103 	 2 	 147  	 357.44 	  	 357.44 	 	 357.44 	 	 0 
103 	 2 	 148  	 357.44 	  	 357.44 	 	 357.44 	 	 0 
103 	 2 	 149  	 357.44 	  	 357.44 	 	 357.44 	 	 0 
103 	 2 	 150  	 357.44 	  	 357.44 	 	 357.44 	 	 0 
103 	 2 	 151  	 357.44 	  	 357.44 	 	 357.44 	 	 0 
103 	 2 	 152  	 357.44 	  	 357.44 	 	 357.44 	 	 0 
103 	 2 	 153  	 357.44 	  	 357.44 	 	 357.44 	 	 0 
103 	 2 	 154  	 357.44 	  	 357.44 	 	 357.44 	 	 0 
103 	 2 	 155  	 357.44 	  	 357.44 	 	 357.44 	 	 0 
103 	 2 	 156  	 357.44 	  	 357.44 	 	 357.44 	 	 0 
103 	 2 	 157  	 357.44 	  	 357.44 	 	 357.44 	 	 0 
103 	 2 	 158  	 357.44 	  	 357.44 	 	 357.44 	 	 0 
103 	 2 	 159  	 357.44 	  	 357.44 	 	 357.44 	 	 0 
103 	 2 	 160  	 357.44 	  	 357.44 	 	 357.44 	 	 0 
103 	 2 	 161  	 357.44 	  	 357.44 	 	 357.44 	 	 0 
103 	 2 	 162  	 357.44 	  	 357.44 	 	 357.44 	 	 0 
103 	 2 	 163  	 357.44 	  	 357.44 	 	 357.44 	 	 0 
103 	 2 	 164  	 357.44 	  	 357.44 	 	 357.44 	 	 0 
103 	 2 	 165  	 357.44 	  	 357.44 	 	 357.44 	 	 0 
103 	 2 	 166  	 357.44 	  	 357.44 	 	 357.44 	 	 0 
103 	 2 	 167  	 357.44 	  	 357.44 	 	 357.44 	 	 0 
103 	 2 	 168  	 357.44 	  	 357.44 	 	 357.44 	 	 0 
103 	 2 	 169  	 357.44 	  	 357.44 	 	 357.44 	 	 0 
103 	 2 	 170  	 357.44 	  	 357.44 	 	 357.44 	 	 0 
103 	 2 	 171  	 357.44 	  	 357.44 	 	 357.44 	 	 0 
103 	 2 	 172  	 357.44 	  	 357.44 	 	 357.44 	 	 0 
103 	 2 	 173  	 357.44 	  	 357.44 	 	 357.44 	 	 0 
103 	 2 	 174  	 357.44 	  	 357.44 	 	 357.44 	 	 0 
103 	 2 	 175  	 357.44 	  	 357.44 	 	 357.44 	 	 0 
103 	 2 	 176  	 357.44 	  	 357.44 	 	 357.44 	 	 0 
103 	 2 	 177  	 357.44 	  	 357.44 	 	 357.44 	 	 0 
103 	 2 	 178  	 357.44 	  	 357.44 	 	 357.44 	 	 0 
103 	 2 	 179  	 357.44 	  	 357.44 	 	 357.44 	 	 0 
103 	 2 	 180  	 357.44 	  	 357.44 	 	 357.44 	 	 0 
103 	 2 	 181  	 357.44 	  	 357.44 	 	 357.44 	 	 0 
103 	 2 	 182  	 357.44 	  	 357.44 	 	 357.44 	 	 0 
103 	 2 	 183  	 357.44 	  	 357.44 	 	 357.44 	 	 0 
103 	 2 	 184  	 357.44 	  	 357.44 	 	 357.44 	 	 0 
103 	 2 	 185  	 357.44 	  	 357.44 	 	 357.44 	 	 0 
103 	 2 	 186  	 357.44 	  	 357.44 	 	 357.44 	 	 0 
103 	 2 	 187  	 357.44 	  	 357.44 	 	 357.44 	 	 0 
103 	 2 	 188  	 357.44 	  	 357.44 	 	 357.44 	 	 0 
103 	 2 	 189  	 357.44 	  	 357.44 	 	 357.44 	 	 0 
103 	 2 	 190  	 357.44 	  	 357.44 	 	 357.44 	 	 0 
103 	 2 	 191  	 357.44 	  	 357.44 	 	 357.44 	 	 0 
103 	 2 	 192  	 357.44 	  	 357.44 	 	 357.44 	 	 0 
103 	 2 	 193  	 357.44 	  	 357.44 	 	 357.44 	 	 0 
103 	 2 	 194  	 357.44 	  	 357.44 	 	 357.44 	 	 0 
103 	 2 	 195  	 357.44 	  	 357.44 	 	 357.44 	 	 0 
103 	 2 	 196  	 357.44 	  	 357.44 	 	 357.44 	 	 0 
103 	 2 	 197  	 357.44 	  	 357.44 	 	 357.44 	 	 0 
103 	 2 	 198  	 357.44 	  	 357.44 	 	 357.44 	 	 0 
103 	 2 	 199  	 357.44 	  	 357.44 	 	 357.44 	 	 0 
103 	 2 	 200  	 357.44 	  	 357.44 	 	 357.44 	 	 0 
103 	 2 	 201  	 357.44 	  	 357.44 	 	 357.44 	 	 0 
103 	 2 	 202  	 357.44 	  	 357.44 	 	 357.44 	 	 0 
103 	 2 	 203  	 357.44 	  	 357.44 	 	 357.44 	 	 0 
103 	 2 	 204  	 357.44 	  	 357.44 	 	 357.44 	 	 0 
103 	 2 	 205  	 357.44 	  	 357.44 	 	 357.44 	 	 0 
103 	 2 	 206  	 357.44 	  	 357.44 	 	 357.44 	 	 0 
103 	 2 	 207  	 357.44 	  	 357.44 	 	 357.44 	 	 0 
103 	 2 	 208  	 357.44 	  	 357.44 	 	 357.44 	 	 0 
103 	 2 	 209  	 357.44 	  	 357.44 	 	 357.44 	 	 0 
103 	 2 	 210  	 357.44 	  	 357.44 	 	 357.44 	 	 0 
103 	 2 	 211  	 357.44 	  	 357.44 	 	 357.44 	 	 0 
103 	 2 	 212  	 357.44 	  	 357.44 	 	 357.44 	 	 0 
103 	 2 	 213  	 357.44 	  	 357.44 	 	 357.44 	 	 0 
103 	 2 	 214  	 357.44 	  	 357.44 	 	 357.44 	 	 0 
103 	 2 	 215  	 357.44 	  	 357.44 	 	 357.44 	 	 0 
103 	 2 	 216  	 357.44 	  	 357.44 	 	 357.44 	 	 0 
103 	 2 	 217  	 357.44 	  	 357.44 	 	 357.44 	 	 0 
103 	 2 	 218  	 357.44 	  	 357.44 	 	 357.44 	 	 0 
103 	 2 	 219  	 357.44 	  	 357.44 	 	 357.44 	 	 0 
103 	 2 	 220  	 357.44 	  	 357.44 	 	 357.44 	 	 0 
103 	 2 	 221  	 357.44 	  	 357.44 	 	 357.44 	 	 0 
103 	 2 	 222  	 357.44 	  	 357.44 	 	 357.44 	 	 0 
103 	 2 	 223  	 357.44 	  	 357.44 	 	 357.44 	 	 0 
103 	 2 	 224  	 357.44 	  	 357.44 	 	 357.44 	 	 0 
103 	 2 	 225  	 357.44 	  	 357.44 	 	 357.44 	 	 0 
103 	 2 	 226  	 357.44 	  	 357.44 	 	 357.44 	 	 0 
103 	 2 	 227  	 357.44 	  	 357.44 	 	 357.44 	 	 0 
103 	 2 	 228  	 357.44 	  	 357.44 	 	 357.44 	 	 0 
103 	 2 	 229  	 357.44 	  	 357.44 	 	 357.44 	 	 0 
103 	 2 	 230  	 357.44 	  	 357.44 	 	 357.44 	 	 0 
103 	 2 	 231  	 357.44 	  	 357.44 	 	 357.44 	 	 0 
103 	 2 	 232  	 357.44 	  	 357.44 	 	 357.44 	 	 0 
103 	 2 	 233  	 357.44 	  	 357.44 	 	 357.44 	 	 0 
103 	 2 	 234  	 357.44 	  	 357.44 	 	 357.44 	 	 0 
103 	 2 	 235  	 357.44 	  	 357.44 	 	 357.44 	 	 0 
103 	 2 	 236  	 357.44 	  	 357.44 	 	 357.44 	 	 0 
103 	 2 	 237  	 357.44 	  	 357.44 	 	 357.44 	 	 0 
103 	 2 	 238  	 357.44 	  	 357.44 	 	 357.44 	 	 0 
103 	 2 	 239  	 357.44 	  	 357.44 	 	 357.44 	 	 0 
103 	 2 	 240  	 357.44 	  	 357.44 	 	 357.44 	 	 0 
103 	 2 	 241  	 357.44 	  	 357.44 	 	 357.44 	 	 0 
103 	 2 	 242  	 357.44 	  	 357.44 	 	 357.44 	 	 0 
103 	 2 	 243  	 357.44 	  	 357.44 	 	 357.44 	 	 0 
103 	 2 	 244  	 357.44 	  	 357.44 	 	 357.44 	 	 0 
103 	 2 	 245  	 357.44 	  	 357.44 	 	 357.44 	 	 0 
103 	 2 	 246  	 357.44 	  	 357.44 	 	 357.44 	 	 0 
103 	 2 	 247  	 357.44 	  	 357.44 	 	 357.44 	 	 0 
103 	 2 	 248  	 357.44 	  	 357.44 	 	 357.44 	 	 0 
103 	 2 	 249  	 357.44 	  	 357.44 	 	 357.44 	 	 0 
103 	 2 	 250  	 357.44 	  	 357.44 	 	 357.44 	 	 0 
103 	 2 	 251  	 357.44 	  	 357.44 	 	 357.44 	 	 0 
103 	 2 	 252  	 357.44 	  	 357.44 	 	 357.44 	 	 0 
103 	 2 	 253  	 357.44 	  	 357.44 	 	 357.44 	 	 0 
103 	 2 	 254  	 357.44 	  	 357.44 	 	 357.44 	 	 0 
103 	 2 	 255  	 357.44 	  	 357.44 	 	 357.44 	 	 0 
103 	 2 	 256  	 357.44 	  	 357.44 	 	 357.44 	 	 0 
103 	 2 	 257  	 357.44 	  	 357.44 	 	 357.44 	 	 0 
103 	 2 	 258  	 357.44 	  	 357.44 	 	 357.44 	 	 0 
103 	 2 	 259  	 357.44 	  	 357.44 	 	 357.44 	 	 0 
103 	 2 	 260  	 357.44 	  	 357.44 	 	 357.44 	 	 0 
103 	 2 	 261  	 357.44 	  	 357.44 	 	 357.44 	 	 0 
103 	 2 	 262  	 357.44 	  	 357.44 	 	 357.44 	 	 0 
103 	 2 	 263  	 357.44 	  	 357.44 	 	 357.44 	 	 0 
103 	 2 	 264  	 357.44 	  	 357.44 	 	 357.44 	 	 0 
103 	 2 	 265  	 357.44 	  	 357.44 	 	 357.44 	 	 0 
103 	 2 	 266  	 357.44 	  	 357.44 	 	 357.44 	 	 0 
103 	 2 	 267  	 357.44 	  	 357.44 	 	 357.44 	 	 0 
103 	 2 	 268  	 357.44 	  	 357.44 	 	 357.44 	 	 0 
103 	 2 	 269  	 357.44 	  	 357.44 	 	 357.44 	 	 0 
103 	 2 	 270  	 357.44 	  	 357.44 	 	 357.44 	 	 0 
103 	 2 	 271  	 357.44 	  	 357.44 	 	 357.44 	 	 0 
103 	 2 	 272  	 357.44 	  	 357.44 	 	 357.44 	 	 0 
103 	 2 	 273  	 357.44 	  	 357.44 	 	 357.44 	 	 0 
103 	 2 	 274  	 357.44 	  	 357.44 	 	 357.44 	 	 0 
103 	 2 	 275  	 357.44 	  	 357.44 	 	 357.44 	 	 0 
103 	 2 	 276  	 357.44 	  	 357.44 	 	 357.44 	 	 0 
103 	 2 	 277  	 357.44 	  	 357.44 	 	 357.44 	 	 0 
103 	 2 	 278  	 357.44 	  	 357.44 	 	 357.44 	 	 0 
103 	 2 	 279  	 357.44 	  	 357.44 	 	 357.44 	 	 0 
103 	 2 	 280  	 357.44 	  	 357.44 	 	 357.44 	 	 0 
103 	 2 	 281  	 357.44 	  	 357.44 	 	 357.44 	 	 0 
103 	 2 	 282  	 357.44 	  	 357.44 	 	 357.44 	 	 0 
103 	 2 	 283  	 357.44 	  	 357.44 	 	 357.44 	 	 0 
103 	 2 	 284  	 357.44 	  	 357.44 	 	 357.44 	 	 0 
103 	 2 	 285  	 357.44 	  	 357.44 	 	 357.44 	 	 0 
103 	 2 	 286  	 357.44 	  	 357.44 	 	 357.44 	 	 0 
103 	 2 	 287  	 357.44 	  	 357.44 	 	 357.44 	 	 0 
103 	 2 	 288  	 357.44 	  	 357.44 	 	 357.44 	 	 0 
103 	 2 	 289  	 357.44 	  	 357.44 	 	 357.44 	 	 0 
103 	 2 	 290  	 357.44 	  	 357.44 	 	 357.44 	 	 0 
103 	 2 	 291  	 357.44 	  	 357.44 	 	 357.44 	 	 0 
103 	 2 	 292  	 357.44 	  	 357.44 	 	 357.44 	 	 0 
103 	 2 	 293  	 357.44 	  	 357.44 	 	 357.44 	 	 0 
103 	 2 	 294  	 357.44 	  	 357.44 	 	 357.44 	 	 0 
103 	 2 	 295  	 357.44 	  	 357.44 	 	 357.44 	 	 0 
103 	 2 	 296  	 357.44 	  	 357.44 	 	 357.44 	 	 0 
103 	 2 	 297  	 357.44 	  	 357.44 	 	 357.44 	 	 0 
103 	 2 	 298  	 357.44 	  	 357.44 	 	 357.44 	 	 0 
103 	 2 	 299  	 357.44 	  	 357.44 	 	 357.44 	 	 0 
103 	 2 	 300  	 357.44 	  	 357.44 	 	 357.44 	 	 0 
103 	 2 	 301  	 357.44 	  	 357.44 	 	 357.44 	 	 0 
103 	 2 	 302  	 357.44 	  	 357.44 	 	 357.44 	 	 0 
103 	 2 	 303  	 357.44 	  	 357.44 	 	 357.44 	 	 0 
103 	 2 	 304  	 357.44 	  	 357.44 	 	 357.44 	 	 0 
103 	 2 	 305  	 357.44 	  	 357.44 	 	 357.44 	 	 0 
103 	 2 	 306  	 357.44 	  	 357.44 	 	 357.44 	 	 0 
103 	 2 	 307  	 357.44 	  	 357.44 	 	 357.44 	 	 0 
103 	 2 	 308  	 357.44 	  	 357.44 	 	 357.44 	 	 0 
103 	 2 	 309  	 357.44 	  	 357.44 	 	 357.44 	 	 0 
103 	 2 	 310  	 357.44 	  	 357.44 	 	 357.44 	 	 0 
103 	 2 	 311  	 357.44 	  	 357.44 	 	 357.44 	 	 0 
103 	 2 	 312  	 357.44 	  	 357.44 	 	 357.44 	 	 0 
103 	 2 	 313  	 357.44 	  	 357.44 	 	 357.44 	 	 0 
103 	 2 	 314  	 357.44 	  	 357.44 	 	 357.44 	 	 0 
103 	 2 	 315  	 357.44 	  	 357.44 	 	 357.44 	 	 0 
103 	 2 	 316  	 357.44 	  	 357.44 	 	 357.44 	 	 0 
103 	 2 	 317  	 357.44 	  	 357.44 	 	 357.44 	 	 0 
103 	 2 	 318  	 357.44 	  	 357.44 	 	 357.44 	 	 0 
103 	 2 	 319  	 357.44 	  	 357.44 	 	 357.44 	 	 0 
103 	 2 	 320  	 357.44 	  	 357.44 	 	 357.44 	 	 0 
103 	 2 	 321  	 357.44 	  	 357.44 	 	 357.44 	 	 0 
103 	 2 	 322  	 357.44 	  	 357.44 	 	 357.44 	 	 0 
103 	 2 	 323  	 357.44 	  	 357.44 	 	 357.44 	 	 0 
103 	 2 	 324  	 357.44 	  	 357.44 	 	 357.44 	 	 0 
103 	 2 	 325  	 357.44 	  	 357.44 	 	 357.44 	 	 0 
103 	 2 	 326  	 357.44 	  	 357.44 	 	 357.44 	 	 0 
103 	 2 	 327  	 357.44 	  	 357.44 	 	 357.44 	 	 0 
103 	 2 	 328  	 357.44 	  	 357.44 	 	 357.44 	 	 0 
103 	 2 	 329  	 357.44 	  	 357.44 	 	 357.44 	 	 0 
103 	 2 	 330  	 357.44 	  	 357.44 	 	 357.44 	 	 0 
103 	 2 	 331  	 357.44 	  	 357.44 	 	 357.44 	 	 0 
103 	 2 	 332  	 357.44 	  	 357.44 	 	 357.44 	 	 0 
103 	 2 	 333  	 357.44 	  	 357.44 	 	 357.44 	 	 0 
103 	 2 	 334  	 357.44 	  	 357.44 	 	 357.44 	 	 0 
103 	 2 	 335  	 357.44 	  	 357.44 	 	 357.44 	 	 0 
103 	 2 	 336  	 357.44 	  	 357.44 	 	 357.44 	 	 0 
103 	 2 	 337  	 357.44 	  	 357.44 	 	 357.44 	 	 0 
103 	 2 	 338  	 357.44 	  	 357.44 	 	 357.44 	 	 0 
103 	 2 	 339  	 357.44 	  	 357.44 	 	 357.44 	 	 0 
103 	 2 	 340  	 357.44 	  	 357.44 	 	 357.44 	 	 0 
103 	 2 	 341  	 357.44 	  	 357.44 	 	 357.44 	 	 0 
103 	 2 	 342  	 357.44 	  	 357.44 	 	 357.44 	 	 0 
103 	 2 	 343  	 357.44 	  	 357.44 	 	 357.44 	 	 0 
103 	 2 	 344  	 357.44 	  	 357.44 	 	 357.44 	 	 0 
103 	 2 	 345  	 357.44 	  	 357.44 	 	 357.44 	 	 0 
103 	 2 	 346  	 357.44 	  	 357.44 	 	 357.44 	 	 0 
103 	 2 	 347  	 357.44 	  	 357.44 	 	 357.44 	 	 0 
103 	 2 	 348  	 357.44 	  	 357.44 	 	 357.44 	 	 0 
103 	 2 	 349  	 357.44 	  	 357.44 	 	 357.44 	 	 0 
103 	 2 	 350  	 357.44 	  	 357.44 	 	 357.44 	 	 0 
103 	 2 	 351  	 357.44 	  	 357.44 	 	 357.44 	 	 0 
103 	 2 	 352  	 357.44 	  	 357.44 	 	 357.44 	 	 0 
103 	 2 	 353  	 357.44 	  	 357.44 	 	 357.44 	 	 0 
103 	 2 	 354  	 357.44 	  	 357.44 	 	 357.44 	 	 0 
103 	 2 	 355  	 357.44 	  	 357.44 	 	 357.44 	 	 0 
103 	 2 	 356  	 357.44 	  	 357.44 	 	 357.44 	 	 0 
103 	 2 	 357  	 357.44 	  	 357.44 	 	 357.44 	 	 0 
103 	 2 	 358  	 357.44 	  	 357.44 	 	 357.44 	 	 0 
103 	 2 	 359  	 357.44 	  	 357.44 	 	 357.44 	 	 0 
103 	 2 	 360  	 357.44 	  	 357.44 	 	 357.44 	 	 0 
103 	 2 	 361  	 357.44 	  	 357.44 	 	 357.44 	 	 0 
103 	 2 	 362  	 357.44 	  	 357.44 	 	 357.44 	 	 0 
103 	 2 	 363  	 357.44 	  	 357.44 	 	 357.44 	 	 0 
103 	 2 	 364  	 357.44 	  	 357.44 	 	 357.44 	 	 0 
103 	 2 	 365  	 357.44 	  	 357.44 	 	 357.44 	 	 0 
103 	 2 	 366  	 357.44 	  	 357.44 	 	 357.44 	 	 0 
103 	 2 	 367  	 357.44 	  	 357.44 	 	 357.44 	 	 0 
103 	 2 	 368  	 357.44 	  	 357.44 	 	 357.44 	 	 0 
103 	 2 	 369  	 357.44 	  	 357.44 	 	 357.44 	 	 0 
103 	 2 	 370  	 357.44 	  	 357.44 	 	 357.44 	 	 0 
103 	 2 	 371  	 357.44 	  	 357.44 	 	 357.44 	 	 0 
103 	 2 	 372  	 357.44 	  	 357.44 	 	 357.44 	 	 0 
103 	 2 	 373  	 357.44 	  	 357.44 	 	 357.44 	 	 0 
103 	 2 	 374  	 357.44 	  	 357.44 	 	 357.44 	 	 0 
103 	 2 	 375  	 357.44 	  	 357.44 	 	 357.44 	 	 0 
103 	 2 	 376  	 357.44 	  	 357.44 	 	 357.44 	 	 0 
103 	 2 	 377  	 357.44 	  	 357.44 	 	 357.44 	 	 0 
103 	 2 	 378  	 357.44 	  	 357.44 	 	 357.44 	 	 0 
103 	 2 	 379  	 357.44 	  	 357.44 	 	 357.44 	 	 0 
103 	 2 	 380  	 357.44 	  	 357.44 	 	 357.44 	 	 0 
103 	 2 	 381  	 357.44 	  	 357.44 	 	 357.44 	 	 0 
103 	 2 	 382  	 357.44 	  	 357.44 	 	 357.44 	 	 0 
103 	 2 	 383  	 357.44 	  	 357.44 	 	 357.44 	 	 0 
103 	 2 	 384  	 357.44 	  	 357.44 	 	 357.44 	 	 0 
103 	 2 	 385  	 357.44 	  	 357.44 	 	 357.44 	 	 0 
103 	 2 	 386  	 357.44 	  	 357.44 	 	 357.44 	 	 0 
103 	 2 	 387  	 357.44 	  	 357.44 	 	 357.44 	 	 0 
103 	 2 	 388  	 357.44 	  	 357.44 	 	 357.44 	 	 0 
103 	 2 	 389  	 357.44 	  	 357.44 	 	 357.44 	 	 0 
103 	 2 	 390  	 357.44 	  	 357.44 	 	 357.44 	 	 0 
103 	 2 	 391  	 357.44 	  	 357.44 	 	 357.44 	 	 0 
103 	 2 	 392  	 357.44 	  	 357.44 	 	 357.44 	 	 0 
103 	 2 	 393  	 357.44 	  	 357.44 	 	 357.44 	 	 0 
103 	 2 	 394  	 357.44 	  	 357.44 	 	 357.44 	 	 0 
103 	 2 	 395  	 357.44 	  	 357.44 	 	 357.44 	 	 0 
103 	 2 	 396  	 357.44 	  	 357.44 	 	 357.44 	 	 0 
103 	 2 	 397  	 357.44 	  	 357.44 	 	 357.44 	 	 0 
103 	 2 	 398  	 357.44 	  	 357.44 	 	 357.44 	 	 0 
103 	 2 	 399  	 357.44 	  	 357.44 	 	 357.44 	 	 0 
103 	 2 	 400  	 357.44 	  	 357.44 	 	 357.44 	 	 0 
103 	 2 	 401  	 357.44 	  	 357.44 	 	 357.44 	 	 0 
103 	 2 	 402  	 357.44 	  	 357.44 	 	 357.44 	 	 0 
103 	 2 	 403  	 357.44 	  	 357.44 	 	 357.44 	 	 0 
103 	 2 	 404  	 357.44 	  	 357.44 	 	 357.44 	 	 0 
103 	 2 	 405  	 357.44 	  	 357.44 	 	 357.44 	 	 0 
103 	 2 	 406  	 357.44 	  	 357.44 	 	 357.44 	 	 0 
103 	 2 	 407  	 357.44 	  	 357.44 	 	 357.44 	 	 0 
103 	 2 	 408  	 357.44 	  	 357.44 	 	 357.44 	 	 0 
103 	 2 	 409  	 357.44 	  	 357.44 	 	 357.44 	 	 0 
103 	 2 	 410  	 357.44 	  	 357.44 	 	 357.44 	 	 0 
103 	 2 	 411  	 357.44 	  	 357.44 	 	 357.44 	 	 0 
103 	 2 	 412  	 357.44 	  	 357.44 	 	 357.44 	 	 0 
103 	 2 	 413  	 357.44 	  	 357.44 	 	 357.44 	 	 0 
103 	 2 	 414  	 357.44 	  	 357.44 	 	 357.44 	 	 0 
103 	 2 	 415  	 357.44 	  	 357.44 	 	 357.44 	 	 0 
103 	 2 	 416  	 357.44 	  	 357.44 	 	 357.44 	 	 0 
103 	 2 	 417  	 357.44 	  	 357.44 	 	 357.44 	 	 0 
103 	 2 	 418  	 357.44 	  	 357.44 	 	 357.44 	 	 0 
103 	 2 	 419  	 357.44 	  	 357.44 	 	 357.44 	 	 0 
103 	 2 	 420  	 357.44 	  	 357.44 	 	 357.44 	 	 0 
103 	 2 	 421  	 357.44 	  	 357.44 	 	 357.44 	 	 0 
103 	 2 	 422  	 357.44 	  	 357.44 	 	 357.44 	 	 0 
103 	 2 	 423  	 357.44 	  	 357.44 	 	 357.44 	 	 0 
103 	 2 	 424  	 357.44 	  	 357.44 	 	 357.44 	 	 0 
103 	 2 	 425  	 357.44 	  	 357.44 	 	 357.44 	 	 0 
103 	 2 	 426  	 357.44 	  	 357.44 	 	 357.44 	 	 0 
103 	 2 	 427  	 357.44 	  	 357.44 	 	 357.44 	 	 0 
103 	 2 	 428  	 357.44 	  	 357.44 	 	 357.44 	 	 0 
103 	 2 	 429  	 357.44 	  	 357.44 	 	 357.44 	 	 0 
103 	 2 	 430  	 357.44 	  	 357.44 	 	 357.44 	 	 0 
103 	 2 	 431  	 357.44 	  	 357.44 	 	 357.44 	 	 0 
103 	 2 	 432  	 357.44 	  	 357.44 	 	 357.44 	 	 0 
103 	 2 	 433  	 357.44 	  	 357.44 	 	 357.44 	 	 0 
103 	 2 	 434  	 357.44 	  	 357.44 	 	 357.44 	 	 0 
103 	 2 	 435  	 357.44 	  	 357.44 	 	 357.44 	 	 0 
103 	 2 	 436  	 357.44 	  	 357.44 	 	 357.44 	 	 0 
103 	 2 	 437  	 357.44 	  	 357.44 	 	 357.44 	 	 0 
103 	 2 	 438  	 357.44 	  	 357.44 	 	 357.44 	 	 0 
103 	 2 	 439  	 357.44 	  	 357.44 	 	 357.44 	 	 0 
103 	 2 	 440  	 357.44 	  	 357.44 	 	 357.44 	 	 0 
103 	 2 	 441  	 357.44 	  	 357.44 	 	 357.44 	 	 0 
103 	 2 	 442  	 357.44 	  	 357.44 	 	 357.44 	 	 0 
103 	 2 	 443  	 357.44 	  	 357.44 	 	 357.44 	 	 0 
103 	 2 	 444  	 357.44 	  	 357.44 	 	 357.44 	 	 0 
103 	 2 	 445  	 357.44 	  	 357.44 	 	 357.44 	 	 0 
103 	 2 	 446  	 357.44 	  	 357.44 	 	 357.44 	 	 0 
103 	 2 	 447  	 357.44 	  	 357.44 	 	 357.44 	 	 0 
103 	 2 	 448  	 357.44 	  	 357.44 	 	 357.44 	 	 0 
103 	 2 	 449  	 357.44 	  	 357.44 	 	 357.44 	 	 0 
103 	 2 	 450  	 357.44 	  	 357.44 	 	 357.44 	 	 0 
103 	 2 	 451  	 357.44 	  	 357.44 	 	 357.44 	 	 0 
103 	 2 	 452  	 357.44 	  	 357.44 	 	 357.44 	 	 0 
103 	 2 	 453  	 357.44 	  	 357.44 	 	 357.44 	 	 0 
103 	 2 	 454  	 357.44 	  	 357.44 	 	 357.44 	 	 0 
103 	 2 	 455  	 357.44 	  	 357.44 	 	 357.44 	 	 0 
103 	 2 	 456  	 357.44 	  	 357.44 	 	 357.44 	 	 0 
103 	 2 	 457  	 357.44 	  	 357.44 	 	 357.44 	 	 0 
103 	 2 	 458  	 357.44 	  	 357.44 	 	 357.44 	 	 0 
103 	 2 	 459  	 357.44 	  	 357.44 	 	 357.44 	 	 0 
103 	 2 	 460  	 357.44 	  	 357.44 	 	 357.44 	 	 0 
103 	 2 	 461  	 357.44 	  	 357.44 	 	 357.44 	 	 0 
103 	 2 	 462  	 357.44 	  	 357.44 	 	 357.44 	 	 0 
103 	 2 	 463  	 357.44 	  	 357.44 	 	 357.44 	 	 0 
103 	 2 	 464  	 357.44 	  	 357.44 	 	 357.44 	 	 0 
103 	 2 	 465  	 357.44 	  	 357.44 	 	 357.44 	 	 0 
103 	 2 	 466  	 357.44 	  	 357.44 	 	 357.44 	 	 0 
103 	 2 	 467  	 357.44 	  	 357.44 	 	 357.44 	 	 0 
103 	 2 	 468  	 357.44 	  	 357.44 	 	 357.44 	 	 0 
103 	 2 	 469  	 357.44 	  	 357.44 	 	 357.44 	 	 0 
103 	 2 	 470  	 357.44 	  	 357.44 	 	 357.44 	 	 0 
103 	 2 	 471  	 357.44 	  	 357.44 	 	 357.44 	 	 0 
103 	 2 	 472  	 357.44 	  	 357.44 	 	 357.44 	 	 0 
103 	 2 	 473  	 357.44 	  	 357.44 	 	 357.44 	 	 0 
103 	 2 	 474  	 357.44 	  	 357.44 	 	 357.44 	 	 0 
103 	 2 	 475  	 357.44 	  	 357.44 	 	 357.44 	 	 0 
103 	 2 	 476  	 357.44 	  	 357.44 	 	 357.44 	 	 0 
103 	 2 	 477  	 357.44 	  	 357.44 	 	 357.44 	 	 0 
103 	 2 	 478  	 357.44 	  	 357.44 	 	 357.44 	 	 0 
103 	 2 	 479  	 357.44 	  	 357.44 	 	 357.44 	 	 0 
103 	 2 	 480  	 357.44 	  	 357.44 	 	 357.44 	 	 0 
103 	 2 	 481  	 357.44 	  	 357.44 	 	 357.44 	 	 0 
103 	 2 	 482  	 357.44 	  	 357.44 	 	 357.44 	 	 0 
103 	 2 	 483  	 357.44 	  	 357.44 	 	 357.44 	 	 0 
103 	 2 	 484  	 357.44 	  	 357.44 	 	 357.44 	 	 0 
103 	 2 	 485  	 357.44 	  	 357.44 	 	 357.44 	 	 0 
103 	 2 	 486  	 357.44 	  	 357.44 	 	 357.44 	 	 0 
103 	 2 	 487  	 357.44 	  	 357.44 	 	 357.44 	 	 0 
103 	 2 	 488  	 357.44 	  	 357.44 	 	 357.44 	 	 0 
103 	 2 	 489  	 357.44 	  	 357.44 	 	 357.44 	 	 0 
103 	 2 	 490  	 357.44 	  	 357.44 	 	 357.44 	 	 0 
103 	 2 	 491  	 357.44 	  	 357.44 	 	 357.44 	 	 0 
103 	 2 	 492  	 357.44 	  	 357.44 	 	 357.44 	 	 0 
103 	 2 	 493  	 357.44 	  	 357.44 	 	 357.44 	 	 0 
103 	 2 	 494  	 357.44 	  	 357.44 	 	 357.44 	 	 0 
103 	 2 	 495  	 357.44 	  	 357.44 	 	 357.44 	 	 0 
103 	 2 	 496  	 357.44 	  	 357.44 	 	 357.44 	 	 0 
103 	 2 	 497  	 357.44 	  	 357.44 	 	 357.44 	 	 0 
103 	 2 	 498  	 357.44 	  	 357.44 	 	 357.44 	 	 0 
103 	 2 	 499  	 357.44 	  	 357.44 	 	 357.44 	 	 0 
103 	 2 	 500  	 357.44 	  	 357.44 	 	 357.44 	 	 0 
103 	 2 	 501  	 357.44 	  	 357.44 	 	 357.44 	 	 0 
103 	 2 	 502  	 357.44 	  	 357.44 	 	 357.44 	 	 0 
103 	 2 	 503  	 357.44 	  	 357.44 	 	 357.44 	 	 0 
103 	 2 	 504  	 357.44 	  	 357.44 	 	 357.44 	 	 0 
103 	 2 	 505  	 357.44 	  	 357.44 	 	 357.44 	 	 0 
103 	 2 	 506  	 357.44 	  	 357.44 	 	 357.44 	 	 0 
103 	 2 	 507  	 357.44 	  	 357.44 	 	 357.44 	 	 0 
103 	 2 	 508  	 357.44 	  	 357.44 	 	 357.44 	 	 0 
103 	 2 	 509  	 357.44 	  	 357.44 	 	 357.44 	 	 0 
103 	 2 	 510  	 357.44 	  	 357.44 	 	 357.44 	 	 0 
103 	 2 	 511  	 357.44 	  	 357.44 	 	 357.44 	 	 0 
103 	 2 	 512  	 357.44 	  	 357.44 	 	 357.44 	 	 0 
103 	 2 	 513  	 357.44 	  	 357.44 	 	 357.44 	 	 0 
103 	 2 	 514  	 357.44 	  	 357.44 	 	 357.44 	 	 0 
103 	 2 	 515  	 357.44 	  	 357.44 	 	 357.44 	 	 0 
103 	 2 	 516  	 357.44 	  	 357.44 	 	 357.44 	 	 0 
103 	 2 	 517  	 357.44 	  	 357.44 	 	 357.44 	 	 0 
103 	 2 	 518  	 357.44 	  	 357.44 	 	 357.44 	 	 0 
103 	 2 	 519  	 357.44 	  	 357.44 	 	 357.44 	 	 0 
103 	 2 	 520  	 357.44 	  	 357.44 	 	 357.44 	 	 0 
103 	 2 	 521  	 357.44 	  	 357.44 	 	 357.44 	 	 0 
103 	 2 	 522  	 357.44 	  	 357.44 	 	 357.44 	 	 0 
103 	 2 	 523  	 357.44 	  	 357.44 	 	 357.44 	 	 0 
103 	 2 	 524  	 357.44 	  	 357.44 	 	 357.44 	 	 0 
103 	 2 	 525  	 357.44 	  	 357.44 	 	 357.44 	 	 0 
103 	 2 	 526  	 357.44 	  	 357.44 	 	 357.44 	 	 0 
103 	 2 	 527  	 357.44 	  	 357.44 	 	 357.44 	 	 0 
103 	 2 	 528  	 357.44 	  	 357.44 	 	 357.44 	 	 0 
103 	 2 	 529  	 357.44 	  	 357.44 	 	 357.44 	 	 0 
103 	 2 	 530  	 357.44 	  	 357.44 	 	 357.44 	 	 0 
103 	 2 	 531  	 357.44 	  	 357.44 	 	 357.44 	 	 0 
103 	 2 	 532  	 357.44 	  	 357.44 	 	 357.44 	 	 0 
103 	 2 	 533  	 357.44 	  	 357.44 	 	 357.44 	 	 0 
103 	 2 	 534  	 357.44 	  	 357.44 	 	 357.44 	 	 0 
103 	 2 	 535  	 357.44 	  	 357.44 	 	 357.44 	 	 0 
103 	 2 	 536  	 357.44 	  	 357.44 	 	 357.44 	 	 0 
103 	 2 	 537  	 357.44 	  	 357.44 	 	 357.44 	 	 0 
103 	 2 	 538  	 357.44 	  	 357.44 	 	 357.44 	 	 0 
103 	 2 	 539  	 357.44 	  	 357.44 	 	 357.44 	 	 0 
103 	 2 	 540  	 357.44 	  	 357.44 	 	 357.44 	 	 0 
103 	 2 	 541  	 357.44 	  	 357.44 	 	 357.44 	 	 0 
103 	 2 	 542  	 357.44 	  	 357.44 	 	 357.44 	 	 0 
103 	 2 	 543  	 357.44 	  	 357.44 	 	 357.44 	 	 0 
103 	 2 	 544  	 357.44 	  	 357.44 	 	 357.44 	 	 0 
103 	 2 	 545  	 357.44 	  	 357.44 	 	 357.44 	 	 0 
103 	 2 	 546  	 357.44 	  	 357.44 	 	 357.44 	 	 0 
103 	 2 	 547  	 357.44 	  	 357.44 	 	 357.44 	 	 0 
103 	 2 	 548  	 357.44 	  	 357.44 	 	 357.44 	 	 0 
103 	 2 	 549  	 357.44 	  	 357.44 	 	 357.44 	 	 0 
103 	 2 	 550  	 357.44 	  	 357.44 	 	 357.44 	 	 0 
103 	 2 	 551  	 357.44 	  	 357.44 	 	 357.44 	 	 0 
103 	 2 	 552  	 357.44 	  	 357.44 	 	 357.44 	 	 0 
103 	 2 	 553  	 357.44 	  	 357.44 	 	 357.44 	 	 0 
103 	 2 	 554  	 357.44 	  	 357.44 	 	 357.44 	 	 0 
103 	 2 	 555  	 357.44 	  	 357.44 	 	 357.44 	 	 0 
103 	 2 	 556  	 357.44 	  	 357.44 	 	 357.44 	 	 0 
103 	 2 	 557  	 357.44 	  	 357.44 	 	 357.44 	 	 0 
103 	 2 	 558  	 357.44 	  	 357.44 	 	 357.44 	 	 0 
103 	 2 	 559  	 357.44 	  	 357.44 	 	 357.44 	 	 0 
103 	 2 	 560  	 357.44 	  	 357.44 	 	 357.44 	 	 0 
103 	 2 	 561  	 357.44 	  	 357.44 	 	 357.44 	 	 0 
103 	 2 	 562  	 357.44 	  	 357.44 	 	 357.44 	 	 0 
103 	 2 	 563  	 357.44 	  	 357.44 	 	 357.44 	 	 0 
103 	 2 	 564  	 357.44 	  	 357.44 	 	 357.44 	 	 0 
103 	 2 	 565  	 357.44 	  	 357.44 	 	 357.44 	 	 0 
103 	 2 	 566  	 357.44 	  	 357.44 	 	 357.44 	 	 0 
103 	 2 	 567  	 357.44 	  	 357.44 	 	 357.44 	 	 0 
103 	 2 	 568  	 357.44 	  	 357.44 	 	 357.44 	 	 0 
103 	 2 	 569  	 357.44 	  	 357.44 	 	 357.44 	 	 0 
103 	 2 	 570  	 357.44 	  	 357.44 	 	 357.44 	 	 0 
103 	 2 	 571  	 357.44 	  	 357.44 	 	 357.44 	 	 0 
103 	 2 	 572  	 357.44 	  	 357.44 	 	 357.44 	 	 0 
103 	 2 	 573  	 357.44 	  	 357.44 	 	 357.44 	 	 0 
103 	 2 	 574  	 357.44 	  	 357.44 	 	 357.44 	 	 0 
103 	 2 	 575  	 357.44 	  	 357.44 	 	 357.44 	 	 0 
103 	 2 	 576  	 357.44 	  	 357.44 	 	 357.44 	 	 0 
103 	 2 	 577  	 357.44 	  	 357.44 	 	 357.44 	 	 0 
103 	 2 	 578  	 357.44 	  	 357.44 	 	 357.44 	 	 0 
103 	 2 	 579  	 357.44 	  	 357.44 	 	 357.44 	 	 0 
103 	 2 	 580  	 357.44 	  	 357.44 	 	 357.44 	 	 0 
103 	 2 	 581  	 357.44 	  	 357.44 	 	 357.44 	 	 0 
103 	 2 	 582  	 357.44 	  	 357.44 	 	 357.44 	 	 0 
103 	 2 	 583  	 357.44 	  	 357.44 	 	 357.44 	 	 0 
103 	 2 	 584  	 357.44 	  	 357.44 	 	 357.44 	 	 0 
103 	 2 	 585  	 357.44 	  	 357.44 	 	 357.44 	 	 0 
103 	 2 	 586  	 357.44 	  	 357.44 	 	 357.44 	 	 0 
103 	 2 	 587  	 357.44 	  	 357.44 	 	 357.44 	 	 0 
103 	 2 	 588  	 357.44 	  	 357.44 	 	 357.44 	 	 0 
103 	 2 	 589  	 357.44 	  	 357.44 	 	 357.44 	 	 0 
103 	 2 	 590  	 357.44 	  	 357.44 	 	 357.44 	 	 0 
103 	 2 	 591  	 357.44 	  	 357.44 	 	 357.44 	 	 0 
103 	 2 	 592  	 357.44 	  	 357.44 	 	 357.44 	 	 0 
103 	 2 	 593  	 357.44 	  	 357.44 	 	 357.44 	 	 0 
103 	 2 	 594  	 357.44 	  	 357.44 	 	 357.44 	 	 0 
103 	 2 	 595  	 357.44 	  	 357.44 	 	 357.44 	 	 0 
103 	 2 	 596  	 357.44 	  	 357.44 	 	 357.44 	 	 0 
103 	 2 	 597  	 357.44 	  	 357.44 	 	 357.44 	 	 0 
103 	 2 	 598  	 357.44 	  	 357.44 	 	 357.44 	 	 0 
103 	 2 	 599  	 357.44 	  	 357.44 	 	 357.44 	 	 0 
103 	 2 	 600  	 357.44 	  	 357.44 	 	 357.44 	 	 0 
103 	 2 	 601  	 357.44 	  	 357.44 	 	 357.44 	 	 0 
103 	 2 	 602  	 357.44 	  	 357.44 	 	 357.44 	 	 0 
103 	 2 	 603  	 357.44 	  	 357.44 	 	 357.44 	 	 0 
103 	 2 	 604  	 357.44 	  	 357.44 	 	 357.44 	 	 0 
103 	 2 	 605  	 357.44 	  	 357.44 	 	 357.44 	 	 0 
103 	 2 	 606  	 357.44 	  	 357.44 	 	 357.44 	 	 0 
103 	 2 	 607  	 357.44 	  	 357.44 	 	 357.44 	 	 0 
103 	 2 	 608  	 357.44 	  	 357.44 	 	 357.44 	 	 0 
103 	 2 	 609  	 357.44 	  	 357.44 	 	 357.44 	 	 0 
103 	 2 	 610  	 357.44 	  	 357.44 	 	 357.44 	 	 0 
103 	 2 	 611  	 357.44 	  	 357.44 	 	 357.44 	 	 0 
103 	 2 	 612  	 357.44 	  	 357.44 	 	 357.44 	 	 0 
103 	 2 	 613  	 357.44 	  	 357.44 	 	 357.44 	 	 0 
103 	 2 	 614  	 357.44 	  	 357.44 	 	 357.44 	 	 0 
103 	 2 	 615  	 357.44 	  	 357.44 	 	 357.44 	 	 0 
103 	 2 	 616  	 357.44 	  	 357.44 	 	 357.44 	 	 0 
103 	 2 	 617  	 357.44 	  	 357.44 	 	 357.44 	 	 0 
103 	 2 	 618  	 357.44 	  	 357.44 	 	 357.44 	 	 0 
103 	 2 	 619  	 357.44 	  	 357.44 	 	 357.44 	 	 0 
103 	 2 	 620  	 357.44 	  	 357.44 	 	 357.44 	 	 0 
103 	 2 	 621  	 357.44 	  	 357.44 	 	 357.44 	 	 0 
103 	 2 	 622  	 357.44 	  	 357.44 	 	 357.44 	 	 0 
103 	 2 	 623  	 357.44 	  	 357.44 	 	 357.44 	 	 0 
103 	 2 	 624  	 357.44 	  	 357.44 	 	 357.44 	 	 0 
103 	 2 	 625  	 357.44 	  	 357.44 	 	 357.44 	 	 0 
103 	 2 	 626  	 357.44 	  	 357.44 	 	 357.44 	 	 0 
103 	 2 	 627  	 357.44 	  	 357.44 	 	 357.44 	 	 0 
103 	 2 	 628  	 357.44 	  	 357.44 	 	 357.44 	 	 0 
103 	 2 	 629  	 357.44 	  	 357.44 	 	 357.44 	 	 0 
103 	 2 	 630  	 357.44 	  	 357.44 	 	 357.44 	 	 0 
103 	 2 	 631  	 357.44 	  	 357.44 	 	 357.44 	 	 0 
103 	 2 	 632  	 357.44 	  	 357.44 	 	 357.44 	 	 0 
103 	 2 	 633  	 357.44 	  	 357.44 	 	 357.44 	 	 0 
103 	 2 	 634  	 357.44 	  	 357.44 	 	 357.44 	 	 0 
103 	 2 	 635  	 357.44 	  	 357.44 	 	 357.44 	 	 0 
103 	 2 	 636  	 357.44 	  	 357.44 	 	 357.44 	 	 0 
103 	 2 	 637  	 357.44 	  	 357.44 	 	 357.44 	 	 0 
103 	 2 	 638  	 357.44 	  	 357.44 	 	 357.44 	 	 0 
103 	 2 	 639  	 357.44 	  	 357.44 	 	 357.44 	 	 0 
103 	 2 	 640  	 357.44 	  	 357.44 	 	 357.44 	 	 0 
103 	 2 	 641  	 357.44 	  	 357.44 	 	 357.44 	 	 0 
103 	 2 	 642  	 357.44 	  	 357.44 	 	 357.44 	 	 0 
103 	 2 	 643  	 357.44 	  	 357.44 	 	 357.44 	 	 0 
103 	 2 	 644  	 357.44 	  	 357.44 	 	 357.44 	 	 0 
103 	 2 	 645  	 357.44 	  	 357.44 	 	 357.44 	 	 0 
103 	 2 	 646  	 357.44 	  	 357.44 	 	 357.44 	 	 0 
103 	 2 	 647  	 357.44 	  	 357.44 	 	 357.44 	 	 0 
103 	 2 	 648  	 357.44 	  	 357.44 	 	 357.44 	 	 0 
103 	 2 	 649  	 357.44 	  	 357.44 	 	 357.44 	 	 0 
103 	 2 	 650  	 357.44 	  	 357.44 	 	 357.44 	 	 0 
103 	 2 	 651  	 357.44 	  	 357.44 	 	 357.44 	 	 0 
103 	 2 	 652  	 357.44 	  	 357.44 	 	 357.44 	 	 0 
103 	 2 	 653  	 357.44 	  	 357.44 	 	 357.44 	 	 0 
103 	 2 	 654  	 357.44 	  	 357.44 	 	 357.44 	 	 0 
103 	 2 	 655  	 357.44 	  	 357.44 	 	 357.44 	 	 0 
103 	 2 	 656  	 357.44 	  	 357.44 	 	 357.44 	 	 0 
103 	 2 	 657  	 357.44 	  	 357.44 	 	 357.44 	 	 0 
103 	 2 	 658  	 357.44 	  	 357.44 	 	 357.44 	 	 0 
103 	 2 	 659  	 357.44 	  	 357.44 	 	 357.44 	 	 0 
103 	 2 	 660  	 357.44 	  	 357.44 	 	 357.44 	 	 0 
103 	 2 	 661  	 357.44 	  	 357.44 	 	 357.44 	 	 0 
103 	 2 	 662  	 357.44 	  	 357.44 	 	 357.44 	 	 0 
103 	 2 	 663  	 357.44 	  	 357.44 	 	 357.44 	 	 0 
103 	 2 	 664  	 357.44 	  	 357.44 	 	 357.44 	 	 0 
103 	 2 	 665  	 357.44 	  	 357.44 	 	 357.44 	 	 0 
103 	 2 	 666  	 357.44 	  	 357.44 	 	 357.44 	 	 0 
103 	 2 	 667  	 357.44 	  	 357.44 	 	 357.44 	 	 0 
103 	 2 	 668  	 357.44 	  	 357.44 	 	 357.44 	 	 0 
103 	 2 	 669  	 357.44 	  	 357.44 	 	 357.44 	 	 0 
103 	 2 	 670  	 357.44 	  	 357.44 	 	 357.44 	 	 0 
103 	 2 	 671  	 357.44 	  	 357.44 	 	 357.44 	 	 0 
103 	 2 	 672  	 357.44 	  	 357.44 	 	 357.44 	 	 0 
103 	 2 	 673  	 357.44 	  	 357.44 	 	 357.44 	 	 0 
103 	 2 	 674  	 357.44 	  	 357.44 	 	 357.44 	 	 0 
103 	 2 	 675  	 357.44 	  	 357.44 	 	 357.44 	 	 0 
103 	 2 	 676  	 357.44 	  	 357.44 	 	 357.44 	 	 0 
103 	 2 	 677  	 357.44 	  	 357.44 	 	 357.44 	 	 0 
103 	 2 	 678  	 357.44 	  	 357.44 	 	 357.44 	 	 0 
103 	 2 	 679  	 357.44 	  	 357.44 	 	 357.44 	 	 0 
103 	 2 	 680  	 357.44 	  	 357.44 	 	 357.44 	 	 0 
103 	 2 	 681  	 357.44 	  	 357.44 	 	 357.44 	 	 0 
103 	 2 	 682  	 357.44 	  	 357.44 	 	 357.44 	 	 0 
103 	 2 	 683  	 357.44 	  	 357.44 	 	 357.44 	 	 0 
103 	 2 	 684  	 357.44 	  	 357.44 	 	 357.44 	 	 0 
103 	 2 	 685  	 357.44 	  	 357.44 	 	 357.44 	 	 0 
103 	 2 	 686  	 357.44 	  	 357.44 	 	 357.44 	 	 0 
103 	 2 	 687  	 357.44 	  	 357.44 	 	 357.44 	 	 0 
103 	 2 	 688  	 357.44 	  	 357.44 	 	 357.44 	 	 0 
103 	 2 	 689  	 357.44 	  	 357.44 	 	 357.44 	 	 0 
103 	 2 	 690  	 357.44 	  	 357.44 	 	 357.44 	 	 0 
103 	 2 	 691  	 357.44 	  	 357.44 	 	 357.44 	 	 0 
103 	 2 	 692  	 357.44 	  	 357.44 	 	 357.44 	 	 0 
103 	 2 	 693  	 357.44 	  	 357.44 	 	 357.44 	 	 0 
103 	 2 	 694  	 357.44 	  	 357.44 	 	 357.44 	 	 0 
103 	 2 	 695  	 357.44 	  	 357.44 	 	 357.44 	 	 0 
103 	 2 	 696  	 357.44 	  	 357.44 	 	 357.44 	 	 0 
103 	 2 	 697  	 357.44 	  	 357.44 	 	 357.44 	 	 0 
103 	 2 	 698  	 357.44 	  	 357.44 	 	 357.44 	 	 0 
103 	 2 	 699  	 357.44 	  	 357.44 	 	 357.44 	 	 0 
103 	 2 	 700  	 357.44 	  	 357.44 	 	 357.44 	 	 0 
103 	 2 	 701  	 357.44 	  	 357.44 	 	 357.44 	 	 0 
103 	 2 	 702  	 357.44 	  	 357.44 	 	 357.44 	 	 0 
103 	 2 	 703  	 357.44 	  	 357.44 	 	 357.44 	 	 0 
103 	 2 	 704  	 357.44 	  	 357.44 	 	 357.44 	 	 0 
103 	 2 	 705  	 357.44 	  	 357.44 	 	 357.44 	 	 0 
103 	 2 	 706  	 357.44 	  	 357.44 	 	 357.44 	 	 0 
103 	 2 	 707  	 357.44 	  	 357.44 	 	 357.44 	 	 0 
103 	 2 	 708  	 357.44 	  	 357.44 	 	 357.44 	 	 0 
103 	 2 	 709  	 357.44 	  	 357.44 	 	 357.44 	 	 0 
103 	 2 	 710  	 357.44 	  	 357.44 	 	 357.44 	 	 0 
103 	 2 	 711  	 357.44 	  	 357.44 	 	 357.44 	 	 0 
103 	 2 	 712  	 357.44 	  	 357.44 	 	 357.44 	 	 0 
103 	 2 	 713  	 357.44 	  	 357.44 	 	 357.44 	 	 0 
103 	 2 	 714  	 357.44 	  	 357.44 	 	 357.44 	 	 0 
103 	 2 	 715  	 357.44 	  	 357.44 	 	 357.44 	 	 0 
103 	 2 	 716  	 357.44 	  	 357.44 	 	 357.44 	 	 0 
103 	 2 	 717  	 357.44 	  	 357.44 	 	 357.44 	 	 0 
103 	 2 	 718  	 357.44 	  	 357.44 	 	 357.44 	 	 0 
103 	 2 	 719  	 357.44 	  	 357.44 	 	 357.44 	 	 0 
103 	 2 	 720  	 357.44 	  	 357.44 	 	 357.44 	 	 0 
103 	 2 	 721  	 357.44 	  	 357.44 	 	 357.44 	 	 0 
