1 	 1 	 4 	 10 	 8.936031 	 0.007799 	 1398.367616 
1 	 2 	 3 	 8 	 8.620499 	 0.008883 	 1591.943792 
1 	 3 	 2 	 8 	 7.142773 	 0.019037 	 3394.371230 
1 	 4 	 1 	 10 	 9.793181 	 0.005394 	 968.248037 
2 	 1 	 4 	 10 	 8.936031 	 0.007799 	 1398.367616 
2 	 2 	 3 	 8 	 8.620499 	 0.008883 	 1591.943792 
2 	 3 	 2 	 8 	 7.142773 	 0.019037 	 3394.371230 
2 	 4 	 1 	 10 	 9.793181 	 0.005394 	 968.248037 
3 	 1 	 4 	 10 	 8.936031 	 0.007799 	 1398.367616 
3 	 1 	 3 	 4 	 0.005649 	 1014.007317 
3 	 2 	 3 	 8 	 8.620499 	 0.008883 	 1591.943792 
3 	 3 	 2 	 8 	 7.142773 	 0.019037 	 3394.371230 
3 	 3 	 1 	 2 	 0.017654 	 3150.042423 
