12 	 5 	 1  	 0.234526 	  	 0 	 	 0 	 	 0 
12 	 5 	 2  	 0.234526 	  	 0 	 	 0 	 	 0 
12 	 5 	 3  	 0.234526 	  	 0 	 	 0 	 	 0 
12 	 5 	 4  	 0.234526 	  	 0 	 	 0 	 	 0 
12 	 5 	 5  	 0.234526 	  	 0.234526 	 	 0 	 	 0 
12 	 5 	 6  	 0.234526 	  	 0.234526 	 	 0.234526 	 	 0 
12 	 5 	 7  	 0.234526 	  	 0.234526 	 	 0.234526 	 	 0 
12 	 5 	 8  	 0.234526 	  	 0.234526 	 	 0.234526 	 	 0 
12 	 5 	 9  	 0.234526 	  	 0.234526 	 	 0.234526 	 	 0 
12 	 5 	 10  	 0.234526 	  	 0.234526 	 	 0.234526 	 	 0 
12 	 5 	 11  	 0.234526 	  	 0.234526 	 	 0.234526 	 	 0 
12 	 5 	 12  	 0.234526 	  	 0.234526 	 	 0.234526 	 	 0 
12 	 5 	 13  	 0.234526 	  	 0.234526 	 	 0.234526 	 	 0 
12 	 5 	 14  	 0.234526 	  	 0.234526 	 	 0.234526 	 	 0 
12 	 5 	 15  	 0.234526 	  	 0.234526 	 	 0.234526 	 	 0 
12 	 5 	 16  	 0.234526 	  	 0.234526 	 	 0.234526 	 	 0 
12 	 5 	 17  	 0.234526 	  	 0.234526 	 	 0.234526 	 	 0 
12 	 5 	 18  	 0.234526 	  	 0.234526 	 	 0.234526 	 	 0 
12 	 5 	 19  	 0.234526 	  	 0.234526 	 	 0.234526 	 	 0 
12 	 5 	 20  	 0.234526 	  	 0.234526 	 	 0.234526 	 	 0 
12 	 5 	 21  	 0.234526 	  	 0.234526 	 	 0.234526 	 	 0 
12 	 5 	 22  	 0.234526 	  	 0.234526 	 	 0.234526 	 	 0 
12 	 5 	 23  	 0.234526 	  	 0.234526 	 	 0.234526 	 	 0 
12 	 5 	 24  	 0.234526 	  	 0.234526 	 	 0.234526 	 	 0 
12 	 5 	 25  	 0.234526 	  	 0.234526 	 	 0.234526 	 	 0 
12 	 5 	 26  	 0.234526 	  	 0.234526 	 	 0.234526 	 	 0 
12 	 5 	 27  	 0.234526 	  	 0.234526 	 	 0.234526 	 	 0 
12 	 5 	 28  	 0.234526 	  	 0.234526 	 	 0.234526 	 	 0 
12 	 5 	 29  	 0.234526 	  	 0.234526 	 	 0.234526 	 	 0 
12 	 5 	 30  	 0.234526 	  	 0.234526 	 	 0.234526 	 	 0 
12 	 5 	 31  	 0.234526 	  	 0.234526 	 	 0.234526 	 	 0 
12 	 5 	 32  	 0.234526 	  	 0.234526 	 	 0.234526 	 	 0 
12 	 5 	 33  	 0.234526 	  	 0.234526 	 	 0.234526 	 	 0 
12 	 5 	 34  	 0.234526 	  	 0.234526 	 	 0.234526 	 	 0 
12 	 5 	 35  	 0.234526 	  	 0.234526 	 	 0.234526 	 	 0 
12 	 5 	 36  	 0.234526 	  	 0.234526 	 	 0.234526 	 	 0 
12 	 5 	 37  	 0.234526 	  	 0.234526 	 	 0.234526 	 	 0 
12 	 5 	 38  	 0.234526 	  	 0.234526 	 	 0.234526 	 	 0 
12 	 5 	 39  	 0.234526 	  	 0.234526 	 	 0.234526 	 	 0 
12 	 5 	 40  	 0.234526 	  	 0.234526 	 	 0.234526 	 	 0 
12 	 5 	 41  	 0.234526 	  	 0.234526 	 	 0.234526 	 	 0 
12 	 5 	 42  	 0.234526 	  	 0.234526 	 	 0.234526 	 	 0 
12 	 5 	 43  	 0.234526 	  	 0.234526 	 	 0.234526 	 	 0 
12 	 5 	 44  	 0.234526 	  	 0.234526 	 	 0.234526 	 	 0 
12 	 5 	 45  	 0.234526 	  	 0.234526 	 	 0.234526 	 	 0 
12 	 5 	 46  	 0.234526 	  	 0.234526 	 	 0.234526 	 	 0 
12 	 5 	 47  	 0.234526 	  	 0.234526 	 	 0.234526 	 	 0 
12 	 5 	 48  	 0.234526 	  	 0.234526 	 	 0.234526 	 	 0 
12 	 5 	 49  	 0.234526 	  	 0.234526 	 	 0.234526 	 	 0 
12 	 5 	 50  	 0.234526 	  	 0.234526 	 	 0.234526 	 	 0 
12 	 5 	 51  	 0.234526 	  	 0.234526 	 	 0.234526 	 	 0 
12 	 5 	 52  	 0.234526 	  	 0.234526 	 	 0.234526 	 	 0 
12 	 5 	 53  	 0.234526 	  	 0.234526 	 	 0.234526 	 	 0 
12 	 5 	 54  	 0.234526 	  	 0.234526 	 	 0.234526 	 	 0 
12 	 5 	 55  	 0.234526 	  	 0.234526 	 	 0.234526 	 	 0 
12 	 5 	 56  	 0.234526 	  	 0.234526 	 	 0.234526 	 	 0 
12 	 5 	 57  	 0.234526 	  	 0.234526 	 	 0.234526 	 	 0 
12 	 5 	 58  	 0.234526 	  	 0.234526 	 	 0.234526 	 	 0 
12 	 5 	 59  	 0.234526 	  	 0.234526 	 	 0.234526 	 	 0 
12 	 5 	 60  	 0.234526 	  	 0.234526 	 	 0.234526 	 	 0 
12 	 5 	 61  	 0.234526 	  	 0.234526 	 	 0.234526 	 	 0 
12 	 5 	 62  	 0.234526 	  	 0.234526 	 	 0.234526 	 	 0 
12 	 5 	 63  	 0.234526 	  	 0.234526 	 	 0.234526 	 	 0 
12 	 5 	 64  	 0.234526 	  	 0.234526 	 	 0.234526 	 	 0 
12 	 5 	 65  	 0.234526 	  	 0.234526 	 	 0.234526 	 	 0 
12 	 5 	 66  	 0.234526 	  	 0.234526 	 	 0.234526 	 	 0 
12 	 5 	 67  	 0.234526 	  	 0.234526 	 	 0.234526 	 	 0 
12 	 5 	 68  	 0.234526 	  	 0.234526 	 	 0.234526 	 	 0 
12 	 5 	 69  	 0.234526 	  	 0.234526 	 	 0.234526 	 	 0 
12 	 5 	 70  	 0.234526 	  	 0.234526 	 	 0.234526 	 	 0 
12 	 5 	 71  	 0.234526 	  	 0.234526 	 	 0.234526 	 	 0 
12 	 5 	 72  	 0.234526 	  	 0.234526 	 	 0.234526 	 	 0 
12 	 5 	 73  	 0.234526 	  	 0.234526 	 	 0.234526 	 	 0 
12 	 5 	 74  	 0.234526 	  	 0.234526 	 	 0.234526 	 	 0 
12 	 5 	 75  	 0.234526 	  	 0.234526 	 	 0.234526 	 	 0 
12 	 5 	 76  	 0.234526 	  	 0.234526 	 	 0.234526 	 	 0 
12 	 5 	 77  	 0.234526 	  	 0.234526 	 	 0.234526 	 	 0 
12 	 5 	 78  	 0.234526 	  	 0.234526 	 	 0.234526 	 	 0 
12 	 5 	 79  	 0.234526 	  	 0.234526 	 	 0.234526 	 	 0 
12 	 5 	 80  	 0.234526 	  	 0.234526 	 	 0.234526 	 	 0 
12 	 5 	 81  	 0.234526 	  	 0.234526 	 	 0.234526 	 	 0 
12 	 5 	 82  	 0.234526 	  	 0.234526 	 	 0.234526 	 	 0 
12 	 5 	 83  	 0.234526 	  	 0.234526 	 	 0.234526 	 	 0 
12 	 5 	 84  	 0.234526 	  	 0.234526 	 	 0.234526 	 	 0 
