1 	 1 	 4 	 0.003186 	 0.003186  	 0.003186 	 0.063723   	 0.050000  	 0.000000   
1 	 2 	 2 	 0.097374 	 0.097374  	 0.097374 	 0.146062   	 0.666667  	 0.000000   
1 	 2 	 3 	 0.054547 	 0.054547  	 0.054547 	 0.081820   	 0.666667  	 0.000000   
1 	 2 	 4 	 0.248647 	 0.248647  	 0.248647 	 0.372971   	 0.666667  	 0.000000   
1 	 2 	 5 	 3.736369 	 3.736369  	 3.736369 	 5.604553   	 0.666667  	 0.000000   
1 	 3 	 2 	 0.278097 	 0.278097  	 0.278097 	 0.741592   	 0.375000  	 0.000000   
1 	 3 	 3 	 0.059033 	 0.059033  	 0.059033 	 0.157422   	 0.375000  	 0.000000   
1 	 4 	 3 	 0.003610 	 0.003610  	 0.003610 	 0.009628   	 0.375000  	 0.000000   
1 	 4 	 5 	 0.004473 	 0.004473  	 0.004473 	 0.011929   	 0.375000  	 0.000000   
1 	 5 	 1 	 0.008983 	 0.008983  	 0.008983 	 0.017966   	 0.500000  	 0.000000   
1 	 5 	 2 	 0.212461 	 0.212461  	 0.212461 	 0.424922   	 0.500000  	 0.000000   
1 	 5 	 5 	 0.080529 	 0.080529  	 0.080529 	 0.161058   	 0.500000  	 0.000000   
1 	 6 	 1 	 0.007640 	 0.007640  	 0.007640 	 0.013369   	 0.571429  	 0.000000   
1 	 6 	 4 	 0.012455 	 0.012455  	 0.012455 	 0.021796   	 0.571429  	 0.000000   
1 	 6 	 5 	 0.011975 	 0.011975  	 0.011975 	 0.020956   	 0.571429  	 0.000000   
1 	 7 	 4 	 0.075148 	 0.075148  	 0.075148 	 0.338167   	 0.222222  	 0.000000   
1 	 7 	 5 	 0.007931 	 0.007931  	 0.007931 	 0.035691   	 0.222222  	 0.000000   
2 	 1 	 4 	 0.000000 	 0.003186  	 0.003186 	 0.063723   	 0.050000  	 -0.000000   
2 	 2 	 2 	 0.000000 	 0.097374  	 0.097374 	 0.146062   	 0.666667  	 0.000000   
2 	 2 	 4 	 0.000001 	 0.248648  	 0.248646 	 0.372969   	 0.666667  	 -0.000002   
2 	 2 	 5 	 0.000000 	 3.736369  	 3.736369 	 5.604553   	 0.666667  	 0.000000   
2 	 3 	 1 	 0.000000 	 0.019365  	 0.019365 	 0.051639   	 0.375000  	 -0.000000   
2 	 3 	 2 	 0.000003 	 0.219067  	 0.278094 	 0.741583   	 0.375000  	 -0.000008   
2 	 3 	 4 	 0.000000 	 0.166700  	 0.444797 	 1.186125   	 0.375000  	 0.000000   
2 	 4 	 1 	 0.000000 	 0.430314  	 0.433925 	 1.157133   	 0.375000  	 0.000000   
2 	 4 	 2 	 0.000000 	 1.104197  	 1.108670 	 2.956454   	 0.375000  	 0.000000   
2 	 5 	 1 	 0.000000 	 0.008983  	 0.008983 	 0.017966   	 0.500000  	 -0.000000   
2 	 5 	 2 	 0.000003 	 0.212464  	 0.212458 	 0.424916   	 0.500000  	 -0.000005   
2 	 5 	 5 	 0.000000 	 0.080529  	 0.080529 	 0.161058   	 0.500000  	 0.000000   
2 	 6 	 2 	 0.000000 	 0.170449  	 0.178088 	 0.311655   	 0.571429  	 0.000000   
2 	 6 	 4 	 0.000000 	 0.012455  	 0.012455 	 0.021796   	 0.571429  	 0.000000   
2 	 6 	 5 	 0.000000 	 0.011975  	 0.011975 	 0.020956   	 0.571429  	 0.000000   
2 	 7 	 4 	 0.000000 	 0.075148  	 0.075148 	 0.338167   	 0.222222  	 0.000000   
2 	 7 	 5 	 0.000000 	 0.007931  	 0.007931 	 0.035691   	 0.222222  	 0.000000   
3 	 1 	 4 	 0.000000 	 0.003186  	 0.003186 	 0.063723   	 0.050000  	 0.000000   
3 	 2 	 2 	 0.000000 	 0.097374  	 0.097374 	 0.146062   	 0.666667  	 0.000000   
3 	 2 	 3 	 0.000000 	 0.054547  	 0.054547 	 0.081820   	 0.666667  	 -0.000000   
3 	 2 	 4 	 0.000000 	 0.248648  	 0.248646 	 0.372969   	 0.666667  	 0.000000   
3 	 2 	 5 	 0.000000 	 3.736369  	 3.736369 	 5.604553   	 0.666667  	 0.000000   
3 	 3 	 2 	 0.000000 	 0.219067  	 0.278094 	 0.741583   	 0.375000  	 0.000000   
3 	 3 	 3 	 0.000000 	 0.098702  	 0.059033 	 0.157422   	 0.375000  	 0.000000   
3 	 3 	 4 	 0.000000 	 0.166700  	 0.444797 	 1.186125   	 0.375000  	 0.000000   
3 	 4 	 1 	 0.000000 	 0.430314  	 0.433925 	 1.157133   	 0.375000  	 0.000000   
3 	 4 	 2 	 0.000000 	 1.104197  	 1.108670 	 2.956454   	 0.375000  	 0.000000   
3 	 5 	 1 	 0.000000 	 0.008983  	 0.008983 	 0.017966   	 0.500000  	 0.000000   
3 	 5 	 2 	 0.000000 	 0.212464  	 0.212458 	 0.424916   	 0.500000  	 0.000000   
3 	 5 	 5 	 0.000000 	 0.080529  	 0.080529 	 0.161058   	 0.500000  	 0.000000   
3 	 6 	 2 	 0.000000 	 0.170449  	 0.178088 	 0.311655   	 0.571429  	 0.000000   
3 	 6 	 4 	 0.000000 	 0.012455  	 0.012455 	 0.021796   	 0.571429  	 0.000000   
3 	 6 	 5 	 0.000000 	 0.011975  	 0.011975 	 0.020956   	 0.571429  	 0.000000   
3 	 7 	 4 	 0.000000 	 0.075148  	 0.075148 	 0.338167   	 0.222222  	 0.000000   
3 	 7 	 5 	 0.000000 	 0.007931  	 0.007931 	 0.035691   	 0.222222  	 0.000000   
4 	 1 	 4 	 0.000000 	 0.003186  	 0.003186 	 0.063723   	 0.050000  	 0.000000   
4 	 2 	 2 	 0.000000 	 0.097374  	 0.097374 	 0.146062   	 0.666667  	 0.000000   
4 	 2 	 3 	 0.000000 	 0.054547  	 0.054547 	 0.081820   	 0.666667  	 0.000000   
4 	 2 	 4 	 0.000000 	 0.248648  	 0.248646 	 0.372969   	 0.666667  	 0.000000   
4 	 2 	 5 	 0.000000 	 3.736369  	 3.736369 	 5.604553   	 0.666667  	 0.000000   
4 	 3 	 2 	 0.000000 	 0.219067  	 0.278094 	 0.741583   	 0.375000  	 0.000000   
4 	 3 	 3 	 0.000000 	 0.098702  	 0.059033 	 0.157422   	 0.375000  	 0.000000   
4 	 3 	 4 	 0.000000 	 0.166700  	 0.444797 	 1.186125   	 0.375000  	 0.000000   
4 	 4 	 1 	 0.000000 	 0.430314  	 0.433925 	 1.157133   	 0.375000  	 0.000000   
4 	 4 	 2 	 0.000000 	 1.104197  	 1.108670 	 2.956454   	 0.375000  	 0.000000   
4 	 5 	 1 	 0.000000 	 0.008983  	 0.008983 	 0.017966   	 0.500000  	 0.000000   
4 	 5 	 2 	 0.000000 	 0.212464  	 0.212458 	 0.424916   	 0.500000  	 0.000000   
4 	 5 	 5 	 0.000000 	 0.080529  	 0.080529 	 0.161058   	 0.500000  	 0.000000   
4 	 6 	 2 	 0.000000 	 0.170449  	 0.178088 	 0.311655   	 0.571429  	 0.000000   
4 	 6 	 4 	 0.000000 	 0.012455  	 0.012455 	 0.021796   	 0.571429  	 0.000000   
4 	 6 	 5 	 0.000000 	 0.011975  	 0.011975 	 0.020956   	 0.571429  	 0.000000   
4 	 7 	 4 	 0.000000 	 0.075148  	 0.075148 	 0.338167   	 0.222222  	 0.000000   
4 	 7 	 5 	 0.000000 	 0.007931  	 0.007931 	 0.035691   	 0.222222  	 0.000000   
