1  	 5 	 8 	 3.659924 	 0.439218 	 94551.273711 
1  	 5 	 1 	 3.783674 	 0.036678 	 9354.135531 
1  	 5 	 2 	 8.413892 	 0.015634 	 4028.577306 
1  	 5 	 10 	 4.057866 	 0.295052 	 67141.860205 
1  	 5 	 12 	 10.625162 	 0.006226 	 1611.906244 
1  	 5 	 5 	 2.918563 	 0.756837 	 146336.487136 
1  	 5 	 4 	 8.964986 	 0.001634 	 423.978450 
1  	 5 	 15 	 9.813520 	 0.008626 	 2230.341759 
1  	 5 	 13 	 13.938722 	 0.002079 	 539.320953 
1  	 5 	 6 	 9.417915 	 0.010169 	 2627.356835 
1  	 5 	 3 	 6.970742 	 0.029866 	 7642.104645 
1  	 5 	 14 	 3.395568 	 0.419574 	 90982.470377 
1  	 5 	 9 	 11.663944 	 0.003604 	 934.223515 
1  	 5 	 11 	 9.657820 	 0.009118 	 2357.168809 
2  	 5 	 8 	 3.659924 	 0.445863 	 95747.635839 
2  	 5 	 1 	 3.783674 	 0.036700 	 9359.815438 
2  	 5 	 2 	 8.413892 	 0.014911 	 3843.493608 
2  	 5 	 10 	 4.057866 	 0.295052 	 67141.860205 
2  	 5 	 12 	 10.625162 	 0.006277 	 1624.932395 
2  	 5 	 5 	 2.918563 	 0.756837 	 146336.487136 
2  	 5 	 4 	 8.964986 	 0.001635 	 424.192799 
2  	 5 	 15 	 9.813520 	 0.008626 	 2230.341759 
2  	 5 	 13 	 13.938722 	 0.001916 	 497.177995 
2  	 5 	 6 	 9.417915 	 0.010169 	 2627.356835 
2  	 5 	 3 	 6.970742 	 0.029866 	 7642.104645 
2  	 5 	 14 	 3.395568 	 0.409751 	 89179.261913 
2  	 5 	 9 	 11.663944 	 0.003604 	 934.223515 
2  	 5 	 11 	 9.657820 	 0.008305 	 2147.730396 
3  	 5 	 8 	 3.659924 	 0.445863 	 95747.635839 
3  	 5 	 1 	 3.783674 	 0.036700 	 9359.815438 
3  	 5 	 2 	 8.413892 	 0.014911 	 3843.493608 
3  	 5 	 10 	 4.057866 	 0.295052 	 67141.860205 
3  	 5 	 12 	 10.625162 	 0.006229 	 1612.493452 
3  	 5 	 5 	 2.918563 	 0.756837 	 146336.487136 
3  	 5 	 4 	 8.964986 	 0.001635 	 424.192799 
3  	 5 	 15 	 9.813520 	 0.008626 	 2230.341759 
3  	 5 	 13 	 13.938722 	 0.001916 	 497.177995 
3  	 5 	 6 	 9.417915 	 0.010169 	 2627.356835 
3  	 5 	 3 	 6.970742 	 0.029664 	 7591.319179 
3  	 5 	 14 	 3.395568 	 0.421245 	 91287.913033 
3  	 5 	 9 	 11.663944 	 0.003604 	 934.223515 
3  	 5 	 11 	 9.657820 	 0.008369 	 2164.191992 
4  	 5 	 8 	 3.659924 	 0.445863 	 95747.635839 
4  	 5 	 1 	 3.783674 	 0.036700 	 9359.815438 
4  	 5 	 2 	 8.413892 	 0.014911 	 3843.493608 
4  	 5 	 10 	 4.057866 	 0.295052 	 67141.860205 
4  	 5 	 12 	 10.625162 	 0.006229 	 1612.493452 
4  	 5 	 5 	 2.918563 	 0.756837 	 146336.487136 
4  	 5 	 4 	 8.964986 	 0.001635 	 424.192799 
4  	 5 	 15 	 9.813520 	 0.008506 	 2199.512834 
4  	 5 	 13 	 13.938722 	 0.001916 	 497.177995 
4  	 5 	 6 	 9.417915 	 0.010169 	 2627.356835 
4  	 5 	 3 	 6.970742 	 0.029664 	 7591.319179 
4  	 5 	 14 	 3.395568 	 0.431634 	 93179.241417 
4  	 5 	 9 	 11.663944 	 0.003604 	 934.223515 
4  	 5 	 11 	 9.657820 	 0.008369 	 2164.191992 
5  	 5 	 8 	 3.659924 	 0.445863 	 95747.635839 
5  	 5 	 1 	 3.783674 	 0.036700 	 9359.815438 
5  	 5 	 2 	 8.413892 	 0.014911 	 3843.493608 
5  	 5 	 10 	 4.057866 	 0.295052 	 67141.860205 
5  	 5 	 12 	 10.625162 	 0.006229 	 1612.493452 
5  	 5 	 5 	 2.918563 	 0.756837 	 146336.487136 
5  	 5 	 4 	 8.964986 	 0.001635 	 424.192799 
5  	 5 	 15 	 9.813520 	 0.008506 	 2199.512834 
5  	 5 	 13 	 13.938722 	 0.001916 	 497.177995 
5  	 5 	 6 	 9.417915 	 0.010169 	 2627.356835 
5  	 5 	 3 	 6.970742 	 0.029664 	 7591.319179 
5  	 5 	 14 	 3.395568 	 0.431634 	 93179.241417 
5  	 5 	 9 	 11.663944 	 0.003604 	 934.223515 
5  	 5 	 11 	 9.657820 	 0.008369 	 2164.191992 
6  	 5 	 8 	 3.659924 	 0.445863 	 95747.635839 
6  	 5 	 1 	 3.783674 	 0.036700 	 9359.815438 
6  	 5 	 2 	 8.413892 	 0.014911 	 3843.493608 
6  	 5 	 10 	 4.057866 	 0.295052 	 67141.860205 
6  	 5 	 12 	 10.625162 	 0.006229 	 1612.493452 
6  	 5 	 5 	 2.918563 	 0.756837 	 146336.487136 
6  	 5 	 4 	 8.964986 	 0.001635 	 424.192799 
6  	 5 	 15 	 9.813520 	 0.008506 	 2199.512834 
6  	 5 	 13 	 13.938722 	 0.001916 	 497.177995 
6  	 5 	 6 	 9.417915 	 0.010169 	 2627.356835 
6  	 5 	 3 	 6.970742 	 0.029664 	 7591.319179 
6  	 5 	 14 	 3.395568 	 0.431634 	 93179.241417 
6  	 5 	 9 	 11.663944 	 0.003604 	 934.223515 
6  	 5 	 11 	 9.657820 	 0.008369 	 2164.191992 
7  	 5 	 8 	 3.659924 	 0.445863 	 95747.635839 
7  	 5 	 1 	 3.783674 	 0.036700 	 9359.815438 
7  	 5 	 2 	 8.413892 	 0.014911 	 3843.493608 
7  	 5 	 10 	 4.057866 	 0.295052 	 67141.860205 
7  	 5 	 12 	 10.625162 	 0.006229 	 1612.493452 
7  	 5 	 5 	 2.918563 	 0.756837 	 146336.487136 
7  	 5 	 4 	 8.964986 	 0.001635 	 424.192799 
7  	 5 	 15 	 9.813520 	 0.008506 	 2199.512834 
7  	 5 	 13 	 13.938722 	 0.001916 	 497.177995 
7  	 5 	 6 	 9.417915 	 0.010169 	 2627.356835 
7  	 5 	 3 	 6.970742 	 0.029664 	 7591.319179 
7  	 5 	 14 	 3.395568 	 0.431634 	 93179.241417 
7  	 5 	 9 	 11.663944 	 0.003604 	 934.223515 
7  	 5 	 11 	 9.657820 	 0.008369 	 2164.191992 
8  	 5 	 8 	 3.659924 	 0.445863 	 95747.635839 
8  	 5 	 1 	 3.783674 	 0.036700 	 9359.815438 
8  	 5 	 2 	 8.413892 	 0.014911 	 3843.493608 
8  	 5 	 10 	 4.057866 	 0.295052 	 67141.860205 
8  	 5 	 12 	 10.625162 	 0.006229 	 1612.493452 
8  	 5 	 5 	 2.918563 	 0.756837 	 146336.487136 
8  	 5 	 4 	 8.964986 	 0.001635 	 424.192799 
8  	 5 	 15 	 9.813520 	 0.008506 	 2199.512834 
8  	 5 	 13 	 13.938722 	 0.001916 	 497.177995 
8  	 5 	 6 	 9.417915 	 0.010169 	 2627.356835 
8  	 5 	 3 	 6.970742 	 0.029664 	 7591.319179 
8  	 5 	 14 	 3.395568 	 0.431634 	 93179.241417 
8  	 5 	 9 	 11.663944 	 0.003604 	 934.223515 
8  	 5 	 11 	 9.657820 	 0.008369 	 2164.191992 
9  	 5 	 8 	 3.659924 	 0.445863 	 95747.635839 
9  	 5 	 1 	 3.783674 	 0.036700 	 9359.815438 
9  	 5 	 2 	 8.413892 	 0.014911 	 3843.493608 
9  	 5 	 10 	 4.057866 	 0.295052 	 67141.860205 
9  	 5 	 12 	 10.625162 	 0.006229 	 1612.493452 
9  	 5 	 5 	 2.918563 	 0.756837 	 146336.487136 
9  	 5 	 4 	 8.964986 	 0.001635 	 424.192799 
9  	 5 	 15 	 9.813520 	 0.008506 	 2199.512834 
9  	 5 	 13 	 13.938722 	 0.001916 	 497.177995 
9  	 5 	 6 	 9.417915 	 0.010169 	 2627.356835 
9  	 5 	 3 	 6.970742 	 0.029664 	 7591.319179 
9  	 5 	 14 	 3.395568 	 0.431634 	 93179.241417 
9  	 5 	 9 	 11.663944 	 0.003604 	 934.223515 
9  	 5 	 11 	 9.657820 	 0.008369 	 2164.191992 
10  	 5 	 8 	 3.659924 	 0.445863 	 95747.635839 
10  	 5 	 1 	 3.783674 	 0.036700 	 9359.815438 
10  	 5 	 2 	 8.413892 	 0.014911 	 3843.493608 
10  	 5 	 10 	 4.057866 	 0.295052 	 67141.860205 
10  	 5 	 12 	 10.625162 	 0.006229 	 1612.493452 
10  	 5 	 5 	 2.918563 	 0.756837 	 146336.487136 
10  	 5 	 4 	 8.964986 	 0.001635 	 424.192799 
10  	 5 	 15 	 9.813520 	 0.008506 	 2199.512834 
10  	 5 	 13 	 13.938722 	 0.001916 	 497.177995 
10  	 5 	 6 	 9.417915 	 0.010169 	 2627.356835 
10  	 5 	 3 	 6.970742 	 0.029664 	 7591.319179 
10  	 5 	 14 	 3.395568 	 0.431634 	 93179.241417 
10  	 5 	 9 	 11.663944 	 0.003604 	 934.223515 
10  	 5 	 11 	 9.657820 	 0.008369 	 2164.191992 
11  	 5 	 8 	 3.659924 	 0.445863 	 95747.635839 
11  	 5 	 1 	 3.783674 	 0.036700 	 9359.815438 
11  	 5 	 2 	 8.413892 	 0.014911 	 3843.493608 
11  	 5 	 10 	 4.057866 	 0.295052 	 67141.860205 
11  	 5 	 12 	 10.625162 	 0.006229 	 1612.493452 
11  	 5 	 5 	 2.918563 	 0.756837 	 146336.487136 
11  	 5 	 4 	 8.964986 	 0.001635 	 424.192799 
11  	 5 	 15 	 9.813520 	 0.008506 	 2199.512834 
11  	 5 	 13 	 13.938722 	 0.001916 	 497.177995 
11  	 5 	 6 	 9.417915 	 0.010169 	 2627.356835 
11  	 5 	 3 	 6.970742 	 0.029664 	 7591.319179 
11  	 5 	 14 	 3.395568 	 0.431634 	 93179.241417 
11  	 5 	 9 	 11.663944 	 0.003604 	 934.223515 
11  	 5 	 11 	 9.657820 	 0.008369 	 2164.191992 
12  	 5 	 8 	 3.659924 	 0.445863 	 95747.635839 
12  	 5 	 1 	 3.783674 	 0.036700 	 9359.815438 
12  	 5 	 2 	 8.413892 	 0.014911 	 3843.493608 
12  	 5 	 10 	 4.057866 	 0.295052 	 67141.860205 
12  	 5 	 12 	 10.625162 	 0.006229 	 1612.493452 
12  	 5 	 5 	 2.918563 	 0.756837 	 146336.487136 
12  	 5 	 4 	 8.964986 	 0.001635 	 424.192799 
12  	 5 	 15 	 9.813520 	 0.008506 	 2199.512834 
12  	 5 	 13 	 13.938722 	 0.001916 	 497.177995 
12  	 5 	 6 	 9.417915 	 0.010169 	 2627.356835 
12  	 5 	 3 	 6.970742 	 0.029664 	 7591.319179 
12  	 5 	 14 	 3.395568 	 0.431634 	 93179.241417 
12  	 5 	 9 	 11.663944 	 0.003604 	 934.223515 
12  	 5 	 11 	 9.657820 	 0.008369 	 2164.191992 
13  	 5 	 8 	 3.659924 	 0.445863 	 95747.635839 
13  	 5 	 1 	 3.783674 	 0.036700 	 9359.815438 
13  	 5 	 2 	 8.413892 	 0.014911 	 3843.493608 
13  	 5 	 10 	 4.057866 	 0.295052 	 67141.860205 
13  	 5 	 12 	 10.625162 	 0.006229 	 1612.493452 
13  	 5 	 5 	 2.918563 	 0.756837 	 146336.487136 
13  	 5 	 4 	 8.964986 	 0.001635 	 424.192799 
13  	 5 	 15 	 9.813520 	 0.008506 	 2199.512834 
13  	 5 	 13 	 13.938722 	 0.001916 	 497.177995 
13  	 5 	 6 	 9.417915 	 0.010169 	 2627.356835 
13  	 5 	 3 	 6.970742 	 0.029664 	 7591.319179 
13  	 5 	 14 	 3.395568 	 0.431634 	 93179.241417 
13  	 5 	 9 	 11.663944 	 0.003604 	 934.223515 
13  	 5 	 11 	 9.657820 	 0.008369 	 2164.191992 
14  	 5 	 8 	 3.659924 	 0.445863 	 95747.635839 
14  	 5 	 1 	 3.783674 	 0.036700 	 9359.815438 
14  	 5 	 2 	 8.413892 	 0.014911 	 3843.493608 
14  	 5 	 10 	 4.057866 	 0.295052 	 67141.860205 
14  	 5 	 12 	 10.625162 	 0.006229 	 1612.493452 
14  	 5 	 5 	 2.918563 	 0.756837 	 146336.487136 
14  	 5 	 4 	 8.964986 	 0.001635 	 424.192799 
14  	 5 	 15 	 9.813520 	 0.008506 	 2199.512834 
14  	 5 	 13 	 13.938722 	 0.001916 	 497.177995 
14  	 5 	 6 	 9.417915 	 0.010169 	 2627.356835 
14  	 5 	 3 	 6.970742 	 0.029664 	 7591.319179 
14  	 5 	 14 	 3.395568 	 0.431634 	 93179.241417 
14  	 5 	 9 	 11.663944 	 0.003604 	 934.223515 
14  	 5 	 11 	 9.657820 	 0.008369 	 2164.191992 
15  	 5 	 8 	 3.659924 	 0.445863 	 95747.635839 
15  	 5 	 1 	 3.783674 	 0.036700 	 9359.815438 
15  	 5 	 2 	 8.413892 	 0.014911 	 3843.493608 
15  	 5 	 10 	 4.057866 	 0.295052 	 67141.860205 
15  	 5 	 12 	 10.625162 	 0.006229 	 1612.493452 
15  	 5 	 5 	 2.918563 	 0.756837 	 146336.487136 
15  	 5 	 4 	 8.964986 	 0.001635 	 424.192799 
15  	 5 	 15 	 9.813520 	 0.008506 	 2199.512834 
15  	 5 	 13 	 13.938722 	 0.001916 	 497.177995 
15  	 5 	 6 	 9.417915 	 0.010169 	 2627.356835 
15  	 5 	 3 	 6.970742 	 0.029664 	 7591.319179 
15  	 5 	 14 	 3.395568 	 0.431634 	 93179.241417 
15  	 5 	 9 	 11.663944 	 0.003604 	 934.223515 
15  	 5 	 11 	 9.657820 	 0.008369 	 2164.191992 
16  	 5 	 8 	 3.659924 	 0.445863 	 95747.635839 
16  	 5 	 1 	 3.783674 	 0.036700 	 9359.815438 
16  	 5 	 2 	 8.413892 	 0.014911 	 3843.493608 
16  	 5 	 10 	 4.057866 	 0.295052 	 67141.860205 
16  	 5 	 12 	 10.625162 	 0.006229 	 1612.493452 
16  	 5 	 5 	 2.918563 	 0.756837 	 146336.487136 
16  	 5 	 4 	 8.964986 	 0.001635 	 424.192799 
16  	 5 	 15 	 9.813520 	 0.008506 	 2199.512834 
16  	 5 	 13 	 13.938722 	 0.001916 	 497.177995 
16  	 5 	 6 	 9.417915 	 0.010169 	 2627.356835 
16  	 5 	 3 	 6.970742 	 0.029664 	 7591.319179 
16  	 5 	 14 	 3.395568 	 0.431634 	 93179.241417 
16  	 5 	 9 	 11.663944 	 0.003604 	 934.223515 
16  	 5 	 11 	 9.657820 	 0.008369 	 2164.191992 
17  	 5 	 8 	 3.659924 	 0.445863 	 95747.635839 
17  	 5 	 1 	 3.783674 	 0.036700 	 9359.815438 
17  	 5 	 2 	 8.413892 	 0.014911 	 3843.493608 
17  	 5 	 10 	 4.057866 	 0.295052 	 67141.860205 
17  	 5 	 12 	 10.625162 	 0.006229 	 1612.493452 
17  	 5 	 5 	 2.918563 	 0.756837 	 146336.487136 
17  	 5 	 4 	 8.964986 	 0.001635 	 424.192799 
17  	 5 	 15 	 9.813520 	 0.008506 	 2199.512834 
17  	 5 	 13 	 13.938722 	 0.001916 	 497.177995 
17  	 5 	 6 	 9.417915 	 0.010169 	 2627.356835 
17  	 5 	 3 	 6.970742 	 0.029664 	 7591.319179 
17  	 5 	 14 	 3.395568 	 0.431634 	 93179.241417 
17  	 5 	 9 	 11.663944 	 0.003604 	 934.223515 
17  	 5 	 11 	 9.657820 	 0.008369 	 2164.191992 
18  	 5 	 8 	 3.659924 	 0.445863 	 95747.635839 
18  	 5 	 1 	 3.783674 	 0.036700 	 9359.815438 
18  	 5 	 2 	 8.413892 	 0.014911 	 3843.493608 
18  	 5 	 10 	 4.057866 	 0.295052 	 67141.860205 
18  	 5 	 12 	 10.625162 	 0.006229 	 1612.493452 
18  	 5 	 5 	 2.918563 	 0.756837 	 146336.487136 
18  	 5 	 4 	 8.964986 	 0.001635 	 424.192799 
18  	 5 	 15 	 9.813520 	 0.008506 	 2199.512834 
18  	 5 	 13 	 13.938722 	 0.001916 	 497.177995 
18  	 5 	 6 	 9.417915 	 0.010169 	 2627.356835 
18  	 5 	 3 	 6.970742 	 0.029664 	 7591.319179 
18  	 5 	 14 	 3.395568 	 0.431634 	 93179.241417 
18  	 5 	 9 	 11.663944 	 0.003604 	 934.223515 
18  	 5 	 11 	 9.657820 	 0.008369 	 2164.191992 
19  	 5 	 8 	 3.659924 	 0.445863 	 95747.635839 
19  	 5 	 1 	 3.783674 	 0.036700 	 9359.815438 
19  	 5 	 2 	 8.413892 	 0.014911 	 3843.493608 
19  	 5 	 10 	 4.057866 	 0.295052 	 67141.860205 
19  	 5 	 12 	 10.625162 	 0.006229 	 1612.493452 
19  	 5 	 5 	 2.918563 	 0.756837 	 146336.487136 
19  	 5 	 4 	 8.964986 	 0.001635 	 424.192799 
19  	 5 	 15 	 9.813520 	 0.008506 	 2199.512834 
19  	 5 	 13 	 13.938722 	 0.001916 	 497.177995 
19  	 5 	 6 	 9.417915 	 0.010169 	 2627.356835 
19  	 5 	 3 	 6.970742 	 0.029664 	 7591.319179 
19  	 5 	 14 	 3.395568 	 0.431634 	 93179.241417 
19  	 5 	 9 	 11.663944 	 0.003604 	 934.223515 
19  	 5 	 11 	 9.657820 	 0.008369 	 2164.191992 
20  	 5 	 8 	 3.659924 	 0.445863 	 95747.635839 
20  	 5 	 1 	 3.783674 	 0.036700 	 9359.815438 
20  	 5 	 2 	 8.413892 	 0.014911 	 3843.493608 
20  	 5 	 10 	 4.057866 	 0.295052 	 67141.860205 
20  	 5 	 12 	 10.625162 	 0.006229 	 1612.493452 
20  	 5 	 5 	 2.918563 	 0.756837 	 146336.487136 
20  	 5 	 4 	 8.964986 	 0.001635 	 424.192799 
20  	 5 	 15 	 9.813520 	 0.008506 	 2199.512834 
20  	 5 	 13 	 13.938722 	 0.001916 	 497.177995 
20  	 5 	 6 	 9.417915 	 0.010169 	 2627.356835 
20  	 5 	 3 	 6.970742 	 0.029664 	 7591.319179 
20  	 5 	 14 	 3.395568 	 0.431634 	 93179.241417 
20  	 5 	 9 	 11.663944 	 0.003604 	 934.223515 
20  	 5 	 11 	 9.657820 	 0.008369 	 2164.191992 
21  	 5 	 8 	 3.659924 	 0.445863 	 95747.635839 
21  	 5 	 1 	 3.783674 	 0.036700 	 9359.815438 
21  	 5 	 2 	 8.413892 	 0.014911 	 3843.493608 
21  	 5 	 10 	 4.057866 	 0.295052 	 67141.860205 
21  	 5 	 12 	 10.625162 	 0.006229 	 1612.493452 
21  	 5 	 5 	 2.918563 	 0.756837 	 146336.487136 
21  	 5 	 4 	 8.964986 	 0.001635 	 424.192799 
21  	 5 	 15 	 9.813520 	 0.008506 	 2199.512834 
21  	 5 	 13 	 13.938722 	 0.001916 	 497.177995 
21  	 5 	 6 	 9.417915 	 0.010169 	 2627.356835 
21  	 5 	 3 	 6.970742 	 0.029664 	 7591.319179 
21  	 5 	 14 	 3.395568 	 0.431634 	 93179.241417 
21  	 5 	 9 	 11.663944 	 0.003604 	 934.223515 
21  	 5 	 11 	 9.657820 	 0.008369 	 2164.191992 
22  	 5 	 8 	 3.659924 	 0.445863 	 95747.635839 
22  	 5 	 1 	 3.783674 	 0.036700 	 9359.815438 
22  	 5 	 2 	 8.413892 	 0.014911 	 3843.493608 
22  	 5 	 10 	 4.057866 	 0.295052 	 67141.860205 
22  	 5 	 12 	 10.625162 	 0.006229 	 1612.493452 
22  	 5 	 5 	 2.918563 	 0.756837 	 146336.487136 
22  	 5 	 4 	 8.964986 	 0.001635 	 424.192799 
22  	 5 	 15 	 9.813520 	 0.008506 	 2199.512834 
22  	 5 	 13 	 13.938722 	 0.001916 	 497.177995 
22  	 5 	 6 	 9.417915 	 0.010169 	 2627.356835 
22  	 5 	 3 	 6.970742 	 0.029664 	 7591.319179 
22  	 5 	 14 	 3.395568 	 0.431634 	 93179.241417 
22  	 5 	 9 	 11.663944 	 0.003604 	 934.223515 
22  	 5 	 11 	 9.657820 	 0.008369 	 2164.191992 
23  	 5 	 8 	 3.659924 	 0.445863 	 95747.635839 
23  	 5 	 1 	 3.783674 	 0.036700 	 9359.815438 
23  	 5 	 2 	 8.413892 	 0.014911 	 3843.493608 
23  	 5 	 10 	 4.057866 	 0.295052 	 67141.860205 
23  	 5 	 12 	 10.625162 	 0.006229 	 1612.493452 
23  	 5 	 5 	 2.918563 	 0.756837 	 146336.487136 
23  	 5 	 4 	 8.964986 	 0.001635 	 424.192799 
23  	 5 	 15 	 9.813520 	 0.008506 	 2199.512834 
23  	 5 	 13 	 13.938722 	 0.001916 	 497.177995 
23  	 5 	 6 	 9.417915 	 0.010169 	 2627.356835 
23  	 5 	 3 	 6.970742 	 0.029664 	 7591.319179 
23  	 5 	 14 	 3.395568 	 0.431634 	 93179.241417 
23  	 5 	 9 	 11.663944 	 0.003604 	 934.223515 
23  	 5 	 11 	 9.657820 	 0.008369 	 2164.191992 
24  	 5 	 8 	 3.659924 	 0.445863 	 95747.635839 
24  	 5 	 1 	 3.783674 	 0.036700 	 9359.815438 
24  	 5 	 2 	 8.413892 	 0.014911 	 3843.493608 
24  	 5 	 10 	 4.057866 	 0.295052 	 67141.860205 
24  	 5 	 12 	 10.625162 	 0.006229 	 1612.493452 
24  	 5 	 5 	 2.918563 	 0.756837 	 146336.487136 
24  	 5 	 4 	 8.964986 	 0.001635 	 424.192799 
24  	 5 	 15 	 9.813520 	 0.008506 	 2199.512834 
24  	 5 	 13 	 13.938722 	 0.001916 	 497.177995 
24  	 5 	 6 	 9.417915 	 0.010169 	 2627.356835 
24  	 5 	 3 	 6.970742 	 0.029664 	 7591.319179 
24  	 5 	 14 	 3.395568 	 0.431634 	 93179.241417 
24  	 5 	 9 	 11.663944 	 0.003604 	 934.223515 
24  	 5 	 11 	 9.657820 	 0.008369 	 2164.191992 
25  	 5 	 8 	 3.659924 	 0.445863 	 95747.635839 
25  	 5 	 1 	 3.783674 	 0.036700 	 9359.815438 
25  	 5 	 2 	 8.413892 	 0.014911 	 3843.493608 
25  	 5 	 10 	 4.057866 	 0.295052 	 67141.860205 
25  	 5 	 12 	 10.625162 	 0.006229 	 1612.493452 
25  	 5 	 5 	 2.918563 	 0.756837 	 146336.487136 
25  	 5 	 4 	 8.964986 	 0.001635 	 424.192799 
25  	 5 	 15 	 9.813520 	 0.008506 	 2199.512834 
25  	 5 	 13 	 13.938722 	 0.001916 	 497.177995 
25  	 5 	 6 	 9.417915 	 0.010169 	 2627.356835 
25  	 5 	 3 	 6.970742 	 0.029664 	 7591.319179 
25  	 5 	 14 	 3.395568 	 0.431634 	 93179.241417 
25  	 5 	 9 	 11.663944 	 0.003604 	 934.223515 
25  	 5 	 11 	 9.657820 	 0.008369 	 2164.191992 
26  	 5 	 8 	 3.659924 	 0.445863 	 95747.635839 
26  	 5 	 1 	 3.783674 	 0.036700 	 9359.815438 
26  	 5 	 2 	 8.413892 	 0.014911 	 3843.493608 
26  	 5 	 10 	 4.057866 	 0.295052 	 67141.860205 
26  	 5 	 12 	 10.625162 	 0.006229 	 1612.493452 
26  	 5 	 5 	 2.918563 	 0.756837 	 146336.487136 
26  	 5 	 4 	 8.964986 	 0.001635 	 424.192799 
26  	 5 	 15 	 9.813520 	 0.008506 	 2199.512834 
26  	 5 	 13 	 13.938722 	 0.001916 	 497.177995 
26  	 5 	 6 	 9.417915 	 0.010169 	 2627.356835 
26  	 5 	 3 	 6.970742 	 0.029664 	 7591.319179 
26  	 5 	 14 	 3.395568 	 0.431634 	 93179.241417 
26  	 5 	 9 	 11.663944 	 0.003604 	 934.223515 
26  	 5 	 11 	 9.657820 	 0.008369 	 2164.191992 
27  	 5 	 8 	 3.659924 	 0.445863 	 95747.635839 
27  	 5 	 1 	 3.783674 	 0.036700 	 9359.815438 
27  	 5 	 2 	 8.413892 	 0.014911 	 3843.493608 
27  	 5 	 10 	 4.057866 	 0.295052 	 67141.860205 
27  	 5 	 12 	 10.625162 	 0.006229 	 1612.493452 
27  	 5 	 5 	 2.918563 	 0.756837 	 146336.487136 
27  	 5 	 4 	 8.964986 	 0.001635 	 424.192799 
27  	 5 	 15 	 9.813520 	 0.008506 	 2199.512834 
27  	 5 	 13 	 13.938722 	 0.001916 	 497.177995 
27  	 5 	 6 	 9.417915 	 0.010169 	 2627.356835 
27  	 5 	 3 	 6.970742 	 0.029664 	 7591.319179 
27  	 5 	 14 	 3.395568 	 0.431634 	 93179.241417 
27  	 5 	 9 	 11.663944 	 0.003604 	 934.223515 
27  	 5 	 11 	 9.657820 	 0.008369 	 2164.191992 
28  	 5 	 8 	 3.659924 	 0.445863 	 95747.635839 
28  	 5 	 1 	 3.783674 	 0.036700 	 9359.815438 
28  	 5 	 2 	 8.413892 	 0.014911 	 3843.493608 
28  	 5 	 10 	 4.057866 	 0.295052 	 67141.860205 
28  	 5 	 12 	 10.625162 	 0.006229 	 1612.493452 
28  	 5 	 5 	 2.918563 	 0.756837 	 146336.487136 
28  	 5 	 4 	 8.964986 	 0.001635 	 424.192799 
28  	 5 	 15 	 9.813520 	 0.008506 	 2199.512834 
28  	 5 	 13 	 13.938722 	 0.001916 	 497.177995 
28  	 5 	 6 	 9.417915 	 0.010169 	 2627.356835 
28  	 5 	 3 	 6.970742 	 0.029664 	 7591.319179 
28  	 5 	 14 	 3.395568 	 0.431634 	 93179.241417 
28  	 5 	 9 	 11.663944 	 0.003604 	 934.223515 
28  	 5 	 11 	 9.657820 	 0.008369 	 2164.191992 
29  	 5 	 8 	 3.659924 	 0.445863 	 95747.635839 
29  	 5 	 1 	 3.783674 	 0.036700 	 9359.815438 
29  	 5 	 2 	 8.413892 	 0.014911 	 3843.493608 
29  	 5 	 10 	 4.057866 	 0.295052 	 67141.860205 
29  	 5 	 12 	 10.625162 	 0.006229 	 1612.493452 
29  	 5 	 5 	 2.918563 	 0.756837 	 146336.487136 
29  	 5 	 4 	 8.964986 	 0.001635 	 424.192799 
29  	 5 	 15 	 9.813520 	 0.008506 	 2199.512834 
29  	 5 	 13 	 13.938722 	 0.001916 	 497.177995 
29  	 5 	 6 	 9.417915 	 0.010169 	 2627.356835 
29  	 5 	 3 	 6.970742 	 0.029664 	 7591.319179 
29  	 5 	 14 	 3.395568 	 0.431634 	 93179.241417 
29  	 5 	 9 	 11.663944 	 0.003604 	 934.223515 
29  	 5 	 11 	 9.657820 	 0.008369 	 2164.191992 
30  	 5 	 8 	 3.659924 	 0.445863 	 95747.635839 
30  	 5 	 1 	 3.783674 	 0.036700 	 9359.815438 
30  	 5 	 2 	 8.413892 	 0.014911 	 3843.493608 
30  	 5 	 10 	 4.057866 	 0.295052 	 67141.860205 
30  	 5 	 12 	 10.625162 	 0.006229 	 1612.493452 
30  	 5 	 5 	 2.918563 	 0.756837 	 146336.487136 
30  	 5 	 4 	 8.964986 	 0.001635 	 424.192799 
30  	 5 	 15 	 9.813520 	 0.008506 	 2199.512834 
30  	 5 	 13 	 13.938722 	 0.001916 	 497.177995 
30  	 5 	 6 	 9.417915 	 0.010169 	 2627.356835 
30  	 5 	 3 	 6.970742 	 0.029664 	 7591.319179 
30  	 5 	 14 	 3.395568 	 0.431634 	 93179.241417 
30  	 5 	 9 	 11.663944 	 0.003604 	 934.223515 
30  	 5 	 11 	 9.657820 	 0.008369 	 2164.191992 
31  	 5 	 8 	 3.659924 	 0.445863 	 95747.635839 
31  	 5 	 1 	 3.783674 	 0.036700 	 9359.815438 
31  	 5 	 2 	 8.413892 	 0.014911 	 3843.493608 
31  	 5 	 10 	 4.057866 	 0.295052 	 67141.860205 
31  	 5 	 12 	 10.625162 	 0.006229 	 1612.493452 
31  	 5 	 5 	 2.918563 	 0.756837 	 146336.487136 
31  	 5 	 4 	 8.964986 	 0.001635 	 424.192799 
31  	 5 	 15 	 9.813520 	 0.008506 	 2199.512834 
31  	 5 	 13 	 13.938722 	 0.001916 	 497.177995 
31  	 5 	 6 	 9.417915 	 0.010169 	 2627.356835 
31  	 5 	 3 	 6.970742 	 0.029664 	 7591.319179 
31  	 5 	 14 	 3.395568 	 0.431634 	 93179.241417 
31  	 5 	 9 	 11.663944 	 0.003604 	 934.223515 
31  	 5 	 11 	 9.657820 	 0.008369 	 2164.191992 
32  	 5 	 8 	 3.659924 	 0.445863 	 95747.635839 
32  	 5 	 1 	 3.783674 	 0.036700 	 9359.815438 
32  	 5 	 2 	 8.413892 	 0.014911 	 3843.493608 
32  	 5 	 10 	 4.057866 	 0.295052 	 67141.860205 
32  	 5 	 12 	 10.625162 	 0.006229 	 1612.493452 
32  	 5 	 5 	 2.918563 	 0.756837 	 146336.487136 
32  	 5 	 4 	 8.964986 	 0.001635 	 424.192799 
32  	 5 	 15 	 9.813520 	 0.008506 	 2199.512834 
32  	 5 	 13 	 13.938722 	 0.001916 	 497.177995 
32  	 5 	 6 	 9.417915 	 0.010169 	 2627.356835 
32  	 5 	 3 	 6.970742 	 0.029664 	 7591.319179 
32  	 5 	 14 	 3.395568 	 0.431634 	 93179.241417 
32  	 5 	 9 	 11.663944 	 0.003604 	 934.223515 
32  	 5 	 11 	 9.657820 	 0.008369 	 2164.191992 
33  	 5 	 8 	 3.659924 	 0.445863 	 95747.635839 
33  	 5 	 1 	 3.783674 	 0.036700 	 9359.815438 
33  	 5 	 2 	 8.413892 	 0.014911 	 3843.493608 
33  	 5 	 10 	 4.057866 	 0.295052 	 67141.860205 
33  	 5 	 12 	 10.625162 	 0.006229 	 1612.493452 
33  	 5 	 5 	 2.918563 	 0.756837 	 146336.487136 
33  	 5 	 4 	 8.964986 	 0.001635 	 424.192799 
33  	 5 	 15 	 9.813520 	 0.008506 	 2199.512834 
33  	 5 	 13 	 13.938722 	 0.001916 	 497.177995 
33  	 5 	 6 	 9.417915 	 0.010169 	 2627.356835 
33  	 5 	 3 	 6.970742 	 0.029664 	 7591.319179 
33  	 5 	 14 	 3.395568 	 0.431634 	 93179.241417 
33  	 5 	 9 	 11.663944 	 0.003604 	 934.223515 
33  	 5 	 11 	 9.657820 	 0.008369 	 2164.191992 
34  	 5 	 8 	 3.659924 	 0.445863 	 95747.635839 
34  	 5 	 1 	 3.783674 	 0.036700 	 9359.815438 
34  	 5 	 2 	 8.413892 	 0.014911 	 3843.493608 
34  	 5 	 10 	 4.057866 	 0.295052 	 67141.860205 
34  	 5 	 12 	 10.625162 	 0.006229 	 1612.493452 
34  	 5 	 5 	 2.918563 	 0.756837 	 146336.487136 
34  	 5 	 4 	 8.964986 	 0.001635 	 424.192799 
34  	 5 	 15 	 9.813520 	 0.008506 	 2199.512834 
34  	 5 	 13 	 13.938722 	 0.001916 	 497.177995 
34  	 5 	 6 	 9.417915 	 0.010169 	 2627.356835 
34  	 5 	 3 	 6.970742 	 0.029664 	 7591.319179 
34  	 5 	 14 	 3.395568 	 0.431634 	 93179.241417 
34  	 5 	 9 	 11.663944 	 0.003604 	 934.223515 
34  	 5 	 11 	 9.657820 	 0.008369 	 2164.191992 
35  	 5 	 8 	 3.659924 	 0.445863 	 95747.635839 
35  	 5 	 1 	 3.783674 	 0.036700 	 9359.815438 
35  	 5 	 2 	 8.413892 	 0.014911 	 3843.493608 
35  	 5 	 10 	 4.057866 	 0.295052 	 67141.860205 
35  	 5 	 12 	 10.625162 	 0.006229 	 1612.493452 
35  	 5 	 5 	 2.918563 	 0.756837 	 146336.487136 
35  	 5 	 4 	 8.964986 	 0.001635 	 424.192799 
35  	 5 	 15 	 9.813520 	 0.008506 	 2199.512834 
35  	 5 	 13 	 13.938722 	 0.001916 	 497.177995 
35  	 5 	 6 	 9.417915 	 0.010169 	 2627.356835 
35  	 5 	 3 	 6.970742 	 0.029664 	 7591.319179 
35  	 5 	 14 	 3.395568 	 0.431634 	 93179.241417 
35  	 5 	 9 	 11.663944 	 0.003604 	 934.223515 
35  	 5 	 11 	 9.657820 	 0.008369 	 2164.191992 
36  	 5 	 8 	 3.659924 	 0.445863 	 95747.635839 
36  	 5 	 1 	 3.783674 	 0.036700 	 9359.815438 
36  	 5 	 2 	 8.413892 	 0.014911 	 3843.493608 
36  	 5 	 10 	 4.057866 	 0.295052 	 67141.860205 
36  	 5 	 12 	 10.625162 	 0.006229 	 1612.493452 
36  	 5 	 5 	 2.918563 	 0.756837 	 146336.487136 
36  	 5 	 4 	 8.964986 	 0.001635 	 424.192799 
36  	 5 	 15 	 9.813520 	 0.008506 	 2199.512834 
36  	 5 	 13 	 13.938722 	 0.001916 	 497.177995 
36  	 5 	 6 	 9.417915 	 0.010169 	 2627.356835 
36  	 5 	 3 	 6.970742 	 0.029664 	 7591.319179 
36  	 5 	 14 	 3.395568 	 0.431634 	 93179.241417 
36  	 5 	 9 	 11.663944 	 0.003604 	 934.223515 
36  	 5 	 11 	 9.657820 	 0.008369 	 2164.191992 
37  	 5 	 8 	 3.659924 	 0.445863 	 95747.635839 
37  	 5 	 1 	 3.783674 	 0.036700 	 9359.815438 
37  	 5 	 2 	 8.413892 	 0.014911 	 3843.493608 
37  	 5 	 10 	 4.057866 	 0.295052 	 67141.860205 
37  	 5 	 12 	 10.625162 	 0.006229 	 1612.493452 
37  	 5 	 5 	 2.918563 	 0.756837 	 146336.487136 
37  	 5 	 4 	 8.964986 	 0.001635 	 424.192799 
37  	 5 	 15 	 9.813520 	 0.008506 	 2199.512834 
37  	 5 	 13 	 13.938722 	 0.001916 	 497.177995 
37  	 5 	 6 	 9.417915 	 0.010169 	 2627.356835 
37  	 5 	 3 	 6.970742 	 0.029664 	 7591.319179 
37  	 5 	 14 	 3.395568 	 0.431634 	 93179.241417 
37  	 5 	 9 	 11.663944 	 0.003604 	 934.223515 
37  	 5 	 11 	 9.657820 	 0.008369 	 2164.191992 
38  	 5 	 8 	 3.659924 	 0.445863 	 95747.635839 
38  	 5 	 1 	 3.783674 	 0.036700 	 9359.815438 
38  	 5 	 2 	 8.413892 	 0.014911 	 3843.493608 
38  	 5 	 10 	 4.057866 	 0.295052 	 67141.860205 
38  	 5 	 12 	 10.625162 	 0.006229 	 1612.493452 
38  	 5 	 5 	 2.918563 	 0.756837 	 146336.487136 
38  	 5 	 4 	 8.964986 	 0.001635 	 424.192799 
38  	 5 	 15 	 9.813520 	 0.008506 	 2199.512834 
38  	 5 	 13 	 13.938722 	 0.001916 	 497.177995 
38  	 5 	 6 	 9.417915 	 0.010169 	 2627.356835 
38  	 5 	 3 	 6.970742 	 0.029664 	 7591.319179 
38  	 5 	 14 	 3.395568 	 0.431634 	 93179.241417 
38  	 5 	 9 	 11.663944 	 0.003604 	 934.223515 
38  	 5 	 11 	 9.657820 	 0.008369 	 2164.191992 
39  	 5 	 8 	 3.659924 	 0.445863 	 95747.635839 
39  	 5 	 1 	 3.783674 	 0.036700 	 9359.815438 
39  	 5 	 2 	 8.413892 	 0.014911 	 3843.493608 
39  	 5 	 10 	 4.057866 	 0.295052 	 67141.860205 
39  	 5 	 12 	 10.625162 	 0.006229 	 1612.493452 
39  	 5 	 5 	 2.918563 	 0.756837 	 146336.487136 
39  	 5 	 4 	 8.964986 	 0.001635 	 424.192799 
39  	 5 	 15 	 9.813520 	 0.008506 	 2199.512834 
39  	 5 	 13 	 13.938722 	 0.001916 	 497.177995 
39  	 5 	 6 	 9.417915 	 0.010169 	 2627.356835 
39  	 5 	 3 	 6.970742 	 0.029664 	 7591.319179 
39  	 5 	 14 	 3.395568 	 0.431634 	 93179.241417 
39  	 5 	 9 	 11.663944 	 0.003604 	 934.223515 
39  	 5 	 11 	 9.657820 	 0.008369 	 2164.191992 
40  	 5 	 8 	 3.659924 	 0.445863 	 95747.635839 
40  	 5 	 1 	 3.783674 	 0.036700 	 9359.815438 
40  	 5 	 2 	 8.413892 	 0.014911 	 3843.493608 
40  	 5 	 10 	 4.057866 	 0.295052 	 67141.860205 
40  	 5 	 12 	 10.625162 	 0.006229 	 1612.493452 
40  	 5 	 5 	 2.918563 	 0.756837 	 146336.487136 
40  	 5 	 4 	 8.964986 	 0.001635 	 424.192799 
40  	 5 	 15 	 9.813520 	 0.008506 	 2199.512834 
40  	 5 	 13 	 13.938722 	 0.001916 	 497.177995 
40  	 5 	 6 	 9.417915 	 0.010169 	 2627.356835 
40  	 5 	 3 	 6.970742 	 0.029664 	 7591.319179 
40  	 5 	 14 	 3.395568 	 0.431634 	 93179.241417 
40  	 5 	 9 	 11.663944 	 0.003604 	 934.223515 
40  	 5 	 11 	 9.657820 	 0.008369 	 2164.191992 
41  	 5 	 8 	 3.659924 	 0.445863 	 95747.635839 
41  	 5 	 1 	 3.783674 	 0.036700 	 9359.815438 
41  	 5 	 2 	 8.413892 	 0.014911 	 3843.493608 
41  	 5 	 10 	 4.057866 	 0.295052 	 67141.860205 
41  	 5 	 12 	 10.625162 	 0.006229 	 1612.493452 
41  	 5 	 5 	 2.918563 	 0.756837 	 146336.487136 
41  	 5 	 4 	 8.964986 	 0.001635 	 424.192799 
41  	 5 	 15 	 9.813520 	 0.008506 	 2199.512834 
41  	 5 	 13 	 13.938722 	 0.001916 	 497.177995 
41  	 5 	 6 	 9.417915 	 0.010169 	 2627.356835 
41  	 5 	 3 	 6.970742 	 0.029664 	 7591.319179 
41  	 5 	 14 	 3.395568 	 0.431634 	 93179.241417 
41  	 5 	 9 	 11.663944 	 0.003604 	 934.223515 
41  	 5 	 11 	 9.657820 	 0.008369 	 2164.191992 
42  	 5 	 8 	 3.659924 	 0.445863 	 95747.635839 
42  	 5 	 1 	 3.783674 	 0.036700 	 9359.815438 
42  	 5 	 2 	 8.413892 	 0.014911 	 3843.493608 
42  	 5 	 10 	 4.057866 	 0.295052 	 67141.860205 
42  	 5 	 12 	 10.625162 	 0.006229 	 1612.493452 
42  	 5 	 5 	 2.918563 	 0.756837 	 146336.487136 
42  	 5 	 4 	 8.964986 	 0.001635 	 424.192799 
42  	 5 	 15 	 9.813520 	 0.008506 	 2199.512834 
42  	 5 	 13 	 13.938722 	 0.001916 	 497.177995 
42  	 5 	 6 	 9.417915 	 0.010169 	 2627.356835 
42  	 5 	 3 	 6.970742 	 0.029664 	 7591.319179 
42  	 5 	 14 	 3.395568 	 0.431634 	 93179.241417 
42  	 5 	 9 	 11.663944 	 0.003604 	 934.223515 
42  	 5 	 11 	 9.657820 	 0.008369 	 2164.191992 
43  	 5 	 8 	 3.659924 	 0.445863 	 95747.635839 
43  	 5 	 1 	 3.783674 	 0.036700 	 9359.815438 
43  	 5 	 2 	 8.413892 	 0.014911 	 3843.493608 
43  	 5 	 10 	 4.057866 	 0.295052 	 67141.860205 
43  	 5 	 12 	 10.625162 	 0.006229 	 1612.493452 
43  	 5 	 5 	 2.918563 	 0.756837 	 146336.487136 
43  	 5 	 4 	 8.964986 	 0.001635 	 424.192799 
43  	 5 	 15 	 9.813520 	 0.008506 	 2199.512834 
43  	 5 	 13 	 13.938722 	 0.001916 	 497.177995 
43  	 5 	 6 	 9.417915 	 0.010169 	 2627.356835 
43  	 5 	 3 	 6.970742 	 0.029664 	 7591.319179 
43  	 5 	 14 	 3.395568 	 0.431634 	 93179.241417 
43  	 5 	 9 	 11.663944 	 0.003604 	 934.223515 
43  	 5 	 11 	 9.657820 	 0.008369 	 2164.191992 
44  	 5 	 8 	 3.659924 	 0.445863 	 95747.635839 
44  	 5 	 1 	 3.783674 	 0.036700 	 9359.815438 
44  	 5 	 2 	 8.413892 	 0.014911 	 3843.493608 
44  	 5 	 10 	 4.057866 	 0.295052 	 67141.860205 
44  	 5 	 12 	 10.625162 	 0.006229 	 1612.493452 
44  	 5 	 5 	 2.918563 	 0.756837 	 146336.487136 
44  	 5 	 4 	 8.964986 	 0.001635 	 424.192799 
44  	 5 	 15 	 9.813520 	 0.008506 	 2199.512834 
44  	 5 	 13 	 13.938722 	 0.001916 	 497.177995 
44  	 5 	 6 	 9.417915 	 0.010169 	 2627.356835 
44  	 5 	 3 	 6.970742 	 0.029664 	 7591.319179 
44  	 5 	 14 	 3.395568 	 0.431634 	 93179.241417 
44  	 5 	 9 	 11.663944 	 0.003604 	 934.223515 
44  	 5 	 11 	 9.657820 	 0.008369 	 2164.191992 
45  	 5 	 8 	 3.659924 	 0.445863 	 95747.635839 
45  	 5 	 1 	 3.783674 	 0.036700 	 9359.815438 
45  	 5 	 2 	 8.413892 	 0.014911 	 3843.493608 
45  	 5 	 10 	 4.057866 	 0.295052 	 67141.860205 
45  	 5 	 12 	 10.625162 	 0.006229 	 1612.493452 
45  	 5 	 5 	 2.918563 	 0.756837 	 146336.487136 
45  	 5 	 4 	 8.964986 	 0.001635 	 424.192799 
45  	 5 	 15 	 9.813520 	 0.008506 	 2199.512834 
45  	 5 	 13 	 13.938722 	 0.001916 	 497.177995 
45  	 5 	 6 	 9.417915 	 0.010169 	 2627.356835 
45  	 5 	 3 	 6.970742 	 0.029664 	 7591.319179 
45  	 5 	 14 	 3.395568 	 0.431634 	 93179.241417 
45  	 5 	 9 	 11.663944 	 0.003604 	 934.223515 
45  	 5 	 11 	 9.657820 	 0.008369 	 2164.191992 
46  	 5 	 8 	 3.659924 	 0.445863 	 95747.635839 
46  	 5 	 1 	 3.783674 	 0.036700 	 9359.815438 
46  	 5 	 2 	 8.413892 	 0.014911 	 3843.493608 
46  	 5 	 10 	 4.057866 	 0.295052 	 67141.860205 
46  	 5 	 12 	 10.625162 	 0.006229 	 1612.493452 
46  	 5 	 5 	 2.918563 	 0.756837 	 146336.487136 
46  	 5 	 4 	 8.964986 	 0.001635 	 424.192799 
46  	 5 	 15 	 9.813520 	 0.008506 	 2199.512834 
46  	 5 	 13 	 13.938722 	 0.001916 	 497.177995 
46  	 5 	 6 	 9.417915 	 0.010169 	 2627.356835 
46  	 5 	 3 	 6.970742 	 0.029664 	 7591.319179 
46  	 5 	 14 	 3.395568 	 0.431634 	 93179.241417 
46  	 5 	 9 	 11.663944 	 0.003604 	 934.223515 
46  	 5 	 11 	 9.657820 	 0.008369 	 2164.191992 
47  	 5 	 8 	 3.659924 	 0.445863 	 95747.635839 
47  	 5 	 1 	 3.783674 	 0.036700 	 9359.815438 
47  	 5 	 2 	 8.413892 	 0.014911 	 3843.493608 
47  	 5 	 10 	 4.057866 	 0.295052 	 67141.860205 
47  	 5 	 12 	 10.625162 	 0.006229 	 1612.493452 
47  	 5 	 5 	 2.918563 	 0.756837 	 146336.487136 
47  	 5 	 4 	 8.964986 	 0.001635 	 424.192799 
47  	 5 	 15 	 9.813520 	 0.008506 	 2199.512834 
47  	 5 	 13 	 13.938722 	 0.001916 	 497.177995 
47  	 5 	 6 	 9.417915 	 0.010169 	 2627.356835 
47  	 5 	 3 	 6.970742 	 0.029664 	 7591.319179 
47  	 5 	 14 	 3.395568 	 0.431634 	 93179.241417 
47  	 5 	 9 	 11.663944 	 0.003604 	 934.223515 
47  	 5 	 11 	 9.657820 	 0.008369 	 2164.191992 
48  	 5 	 8 	 3.659924 	 0.445863 	 95747.635839 
48  	 5 	 1 	 3.783674 	 0.036700 	 9359.815438 
48  	 5 	 2 	 8.413892 	 0.014911 	 3843.493608 
48  	 5 	 10 	 4.057866 	 0.295052 	 67141.860205 
48  	 5 	 12 	 10.625162 	 0.006229 	 1612.493452 
48  	 5 	 5 	 2.918563 	 0.756837 	 146336.487136 
48  	 5 	 4 	 8.964986 	 0.001635 	 424.192799 
48  	 5 	 15 	 9.813520 	 0.008506 	 2199.512834 
48  	 5 	 13 	 13.938722 	 0.001916 	 497.177995 
48  	 5 	 6 	 9.417915 	 0.010169 	 2627.356835 
48  	 5 	 3 	 6.970742 	 0.029664 	 7591.319179 
48  	 5 	 14 	 3.395568 	 0.431634 	 93179.241417 
48  	 5 	 9 	 11.663944 	 0.003604 	 934.223515 
48  	 5 	 11 	 9.657820 	 0.008369 	 2164.191992 
49  	 5 	 8 	 3.659924 	 0.445863 	 95747.635839 
49  	 5 	 1 	 3.783674 	 0.036700 	 9359.815438 
49  	 5 	 2 	 8.413892 	 0.014911 	 3843.493608 
49  	 5 	 10 	 4.057866 	 0.295052 	 67141.860205 
49  	 5 	 12 	 10.625162 	 0.006229 	 1612.493452 
49  	 5 	 5 	 2.918563 	 0.756837 	 146336.487136 
49  	 5 	 4 	 8.964986 	 0.001635 	 424.192799 
49  	 5 	 15 	 9.813520 	 0.008506 	 2199.512834 
49  	 5 	 13 	 13.938722 	 0.001916 	 497.177995 
49  	 5 	 6 	 9.417915 	 0.010169 	 2627.356835 
49  	 5 	 3 	 6.970742 	 0.029664 	 7591.319179 
49  	 5 	 14 	 3.395568 	 0.431634 	 93179.241417 
49  	 5 	 9 	 11.663944 	 0.003604 	 934.223515 
49  	 5 	 11 	 9.657820 	 0.008369 	 2164.191992 
50  	 5 	 8 	 3.659924 	 0.445863 	 95747.635839 
50  	 5 	 1 	 3.783674 	 0.036700 	 9359.815438 
50  	 5 	 2 	 8.413892 	 0.014911 	 3843.493608 
50  	 5 	 10 	 4.057866 	 0.295052 	 67141.860205 
50  	 5 	 12 	 10.625162 	 0.006229 	 1612.493452 
50  	 5 	 5 	 2.918563 	 0.756837 	 146336.487136 
50  	 5 	 4 	 8.964986 	 0.001635 	 424.192799 
50  	 5 	 15 	 9.813520 	 0.008506 	 2199.512834 
50  	 5 	 13 	 13.938722 	 0.001916 	 497.177995 
50  	 5 	 6 	 9.417915 	 0.010169 	 2627.356835 
50  	 5 	 3 	 6.970742 	 0.029664 	 7591.319179 
50  	 5 	 14 	 3.395568 	 0.431634 	 93179.241417 
50  	 5 	 9 	 11.663944 	 0.003604 	 934.223515 
50  	 5 	 11 	 9.657820 	 0.008369 	 2164.191992 
51  	 5 	 8 	 3.659924 	 0.445863 	 95747.635839 
51  	 5 	 1 	 3.783674 	 0.036700 	 9359.815438 
51  	 5 	 2 	 8.413892 	 0.014911 	 3843.493608 
51  	 5 	 10 	 4.057866 	 0.295052 	 67141.860205 
51  	 5 	 12 	 10.625162 	 0.006229 	 1612.493452 
51  	 5 	 5 	 2.918563 	 0.756837 	 146336.487136 
51  	 5 	 4 	 8.964986 	 0.001635 	 424.192799 
51  	 5 	 15 	 9.813520 	 0.008506 	 2199.512834 
51  	 5 	 13 	 13.938722 	 0.001916 	 497.177995 
51  	 5 	 6 	 9.417915 	 0.010169 	 2627.356835 
51  	 5 	 3 	 6.970742 	 0.029664 	 7591.319179 
51  	 5 	 14 	 3.395568 	 0.431634 	 93179.241417 
51  	 5 	 9 	 11.663944 	 0.003604 	 934.223515 
51  	 5 	 11 	 9.657820 	 0.008369 	 2164.191992 
52  	 5 	 8 	 3.659924 	 0.445863 	 95747.635839 
52  	 5 	 1 	 3.783674 	 0.036700 	 9359.815438 
52  	 5 	 2 	 8.413892 	 0.014911 	 3843.493608 
52  	 5 	 10 	 4.057866 	 0.295052 	 67141.860205 
52  	 5 	 12 	 10.625162 	 0.006229 	 1612.493452 
52  	 5 	 5 	 2.918563 	 0.756837 	 146336.487136 
52  	 5 	 4 	 8.964986 	 0.001635 	 424.192799 
52  	 5 	 15 	 9.813520 	 0.008506 	 2199.512834 
52  	 5 	 13 	 13.938722 	 0.001916 	 497.177995 
52  	 5 	 6 	 9.417915 	 0.010169 	 2627.356835 
52  	 5 	 3 	 6.970742 	 0.029664 	 7591.319179 
52  	 5 	 14 	 3.395568 	 0.431634 	 93179.241417 
52  	 5 	 9 	 11.663944 	 0.003604 	 934.223515 
52  	 5 	 11 	 9.657820 	 0.008369 	 2164.191992 
53  	 5 	 8 	 3.659924 	 0.445863 	 95747.635839 
53  	 5 	 1 	 3.783674 	 0.036700 	 9359.815438 
53  	 5 	 2 	 8.413892 	 0.014911 	 3843.493608 
53  	 5 	 10 	 4.057866 	 0.295052 	 67141.860205 
53  	 5 	 12 	 10.625162 	 0.006229 	 1612.493452 
53  	 5 	 5 	 2.918563 	 0.756837 	 146336.487136 
53  	 5 	 4 	 8.964986 	 0.001635 	 424.192799 
53  	 5 	 15 	 9.813520 	 0.008506 	 2199.512834 
53  	 5 	 13 	 13.938722 	 0.001916 	 497.177995 
53  	 5 	 6 	 9.417915 	 0.010169 	 2627.356835 
53  	 5 	 3 	 6.970742 	 0.029664 	 7591.319179 
53  	 5 	 14 	 3.395568 	 0.431634 	 93179.241417 
53  	 5 	 9 	 11.663944 	 0.003604 	 934.223515 
53  	 5 	 11 	 9.657820 	 0.008369 	 2164.191992 
54  	 5 	 8 	 3.659924 	 0.445863 	 95747.635839 
54  	 5 	 1 	 3.783674 	 0.036700 	 9359.815438 
54  	 5 	 2 	 8.413892 	 0.014911 	 3843.493608 
54  	 5 	 10 	 4.057866 	 0.295052 	 67141.860205 
54  	 5 	 12 	 10.625162 	 0.006229 	 1612.493452 
54  	 5 	 5 	 2.918563 	 0.756837 	 146336.487136 
54  	 5 	 4 	 8.964986 	 0.001635 	 424.192799 
54  	 5 	 15 	 9.813520 	 0.008506 	 2199.512834 
54  	 5 	 13 	 13.938722 	 0.001916 	 497.177995 
54  	 5 	 6 	 9.417915 	 0.010169 	 2627.356835 
54  	 5 	 3 	 6.970742 	 0.029664 	 7591.319179 
54  	 5 	 14 	 3.395568 	 0.431634 	 93179.241417 
54  	 5 	 9 	 11.663944 	 0.003604 	 934.223515 
54  	 5 	 11 	 9.657820 	 0.008369 	 2164.191992 
55  	 5 	 8 	 3.659924 	 0.445863 	 95747.635839 
55  	 5 	 1 	 3.783674 	 0.036700 	 9359.815438 
55  	 5 	 2 	 8.413892 	 0.014911 	 3843.493608 
55  	 5 	 10 	 4.057866 	 0.295052 	 67141.860205 
55  	 5 	 12 	 10.625162 	 0.006229 	 1612.493452 
55  	 5 	 5 	 2.918563 	 0.756837 	 146336.487136 
55  	 5 	 4 	 8.964986 	 0.001635 	 424.192799 
55  	 5 	 15 	 9.813520 	 0.008506 	 2199.512834 
55  	 5 	 13 	 13.938722 	 0.001916 	 497.177995 
55  	 5 	 6 	 9.417915 	 0.010169 	 2627.356835 
55  	 5 	 3 	 6.970742 	 0.029664 	 7591.319179 
55  	 5 	 14 	 3.395568 	 0.431634 	 93179.241417 
55  	 5 	 9 	 11.663944 	 0.003604 	 934.223515 
55  	 5 	 11 	 9.657820 	 0.008369 	 2164.191992 
56  	 5 	 8 	 3.659924 	 0.445863 	 95747.635839 
56  	 5 	 1 	 3.783674 	 0.036700 	 9359.815438 
56  	 5 	 2 	 8.413892 	 0.014911 	 3843.493608 
56  	 5 	 10 	 4.057866 	 0.295052 	 67141.860205 
56  	 5 	 12 	 10.625162 	 0.006229 	 1612.493452 
56  	 5 	 5 	 2.918563 	 0.756837 	 146336.487136 
56  	 5 	 4 	 8.964986 	 0.001635 	 424.192799 
56  	 5 	 15 	 9.813520 	 0.008506 	 2199.512834 
56  	 5 	 13 	 13.938722 	 0.001916 	 497.177995 
56  	 5 	 6 	 9.417915 	 0.010169 	 2627.356835 
56  	 5 	 3 	 6.970742 	 0.029664 	 7591.319179 
56  	 5 	 14 	 3.395568 	 0.431634 	 93179.241417 
56  	 5 	 9 	 11.663944 	 0.003604 	 934.223515 
56  	 5 	 11 	 9.657820 	 0.008369 	 2164.191992 
57  	 5 	 8 	 3.659924 	 0.445863 	 95747.635839 
57  	 5 	 1 	 3.783674 	 0.036700 	 9359.815438 
57  	 5 	 2 	 8.413892 	 0.014911 	 3843.493608 
57  	 5 	 10 	 4.057866 	 0.295052 	 67141.860205 
57  	 5 	 12 	 10.625162 	 0.006229 	 1612.493452 
57  	 5 	 5 	 2.918563 	 0.756837 	 146336.487136 
57  	 5 	 4 	 8.964986 	 0.001635 	 424.192799 
57  	 5 	 15 	 9.813520 	 0.008506 	 2199.512834 
57  	 5 	 13 	 13.938722 	 0.001916 	 497.177995 
57  	 5 	 6 	 9.417915 	 0.010169 	 2627.356835 
57  	 5 	 3 	 6.970742 	 0.029664 	 7591.319179 
57  	 5 	 14 	 3.395568 	 0.431634 	 93179.241417 
57  	 5 	 9 	 11.663944 	 0.003604 	 934.223515 
57  	 5 	 11 	 9.657820 	 0.008369 	 2164.191992 
58  	 5 	 8 	 3.659924 	 0.445863 	 95747.635839 
58  	 5 	 1 	 3.783674 	 0.036700 	 9359.815438 
58  	 5 	 2 	 8.413892 	 0.014911 	 3843.493608 
58  	 5 	 10 	 4.057866 	 0.295052 	 67141.860205 
58  	 5 	 12 	 10.625162 	 0.006229 	 1612.493452 
58  	 5 	 5 	 2.918563 	 0.756837 	 146336.487136 
58  	 5 	 4 	 8.964986 	 0.001635 	 424.192799 
58  	 5 	 15 	 9.813520 	 0.008506 	 2199.512834 
58  	 5 	 13 	 13.938722 	 0.001916 	 497.177995 
58  	 5 	 6 	 9.417915 	 0.010169 	 2627.356835 
58  	 5 	 3 	 6.970742 	 0.029664 	 7591.319179 
58  	 5 	 14 	 3.395568 	 0.431634 	 93179.241417 
58  	 5 	 9 	 11.663944 	 0.003604 	 934.223515 
58  	 5 	 11 	 9.657820 	 0.008369 	 2164.191992 
59  	 5 	 8 	 3.659924 	 0.445863 	 95747.635839 
59  	 5 	 1 	 3.783674 	 0.036700 	 9359.815438 
59  	 5 	 2 	 8.413892 	 0.014911 	 3843.493608 
59  	 5 	 10 	 4.057866 	 0.295052 	 67141.860205 
59  	 5 	 12 	 10.625162 	 0.006229 	 1612.493452 
59  	 5 	 5 	 2.918563 	 0.756837 	 146336.487136 
59  	 5 	 4 	 8.964986 	 0.001635 	 424.192799 
59  	 5 	 15 	 9.813520 	 0.008506 	 2199.512834 
59  	 5 	 13 	 13.938722 	 0.001916 	 497.177995 
59  	 5 	 6 	 9.417915 	 0.010169 	 2627.356835 
59  	 5 	 3 	 6.970742 	 0.029664 	 7591.319179 
59  	 5 	 14 	 3.395568 	 0.431634 	 93179.241417 
59  	 5 	 9 	 11.663944 	 0.003604 	 934.223515 
59  	 5 	 11 	 9.657820 	 0.008369 	 2164.191992 
60  	 5 	 8 	 3.659924 	 0.445863 	 95747.635839 
60  	 5 	 1 	 3.783674 	 0.036700 	 9359.815438 
60  	 5 	 2 	 8.413892 	 0.014911 	 3843.493608 
60  	 5 	 10 	 4.057866 	 0.295052 	 67141.860205 
60  	 5 	 12 	 10.625162 	 0.006229 	 1612.493452 
60  	 5 	 5 	 2.918563 	 0.756837 	 146336.487136 
60  	 5 	 4 	 8.964986 	 0.001635 	 424.192799 
60  	 5 	 15 	 9.813520 	 0.008506 	 2199.512834 
60  	 5 	 13 	 13.938722 	 0.001916 	 497.177995 
60  	 5 	 6 	 9.417915 	 0.010169 	 2627.356835 
60  	 5 	 3 	 6.970742 	 0.029664 	 7591.319179 
60  	 5 	 14 	 3.395568 	 0.431634 	 93179.241417 
60  	 5 	 9 	 11.663944 	 0.003604 	 934.223515 
60  	 5 	 11 	 9.657820 	 0.008369 	 2164.191992 
61  	 5 	 8 	 3.659924 	 0.445863 	 95747.635839 
61  	 5 	 1 	 3.783674 	 0.036700 	 9359.815438 
61  	 5 	 2 	 8.413892 	 0.014911 	 3843.493608 
61  	 5 	 10 	 4.057866 	 0.295052 	 67141.860205 
61  	 5 	 12 	 10.625162 	 0.006229 	 1612.493452 
61  	 5 	 5 	 2.918563 	 0.756837 	 146336.487136 
61  	 5 	 4 	 8.964986 	 0.001635 	 424.192799 
61  	 5 	 15 	 9.813520 	 0.008506 	 2199.512834 
61  	 5 	 13 	 13.938722 	 0.001916 	 497.177995 
61  	 5 	 6 	 9.417915 	 0.010169 	 2627.356835 
61  	 5 	 3 	 6.970742 	 0.029664 	 7591.319179 
61  	 5 	 14 	 3.395568 	 0.431634 	 93179.241417 
61  	 5 	 9 	 11.663944 	 0.003604 	 934.223515 
61  	 5 	 11 	 9.657820 	 0.008369 	 2164.191992 
62  	 5 	 8 	 3.659924 	 0.445863 	 95747.635839 
62  	 5 	 1 	 3.783674 	 0.036700 	 9359.815438 
62  	 5 	 2 	 8.413892 	 0.014911 	 3843.493608 
62  	 5 	 10 	 4.057866 	 0.295052 	 67141.860205 
62  	 5 	 12 	 10.625162 	 0.006229 	 1612.493452 
62  	 5 	 5 	 2.918563 	 0.756837 	 146336.487136 
62  	 5 	 4 	 8.964986 	 0.001635 	 424.192799 
62  	 5 	 15 	 9.813520 	 0.008506 	 2199.512834 
62  	 5 	 13 	 13.938722 	 0.001916 	 497.177995 
62  	 5 	 6 	 9.417915 	 0.010169 	 2627.356835 
62  	 5 	 3 	 6.970742 	 0.029664 	 7591.319179 
62  	 5 	 14 	 3.395568 	 0.431634 	 93179.241417 
62  	 5 	 9 	 11.663944 	 0.003604 	 934.223515 
62  	 5 	 11 	 9.657820 	 0.008369 	 2164.191992 
63  	 5 	 8 	 3.659924 	 0.445863 	 95747.635839 
63  	 5 	 1 	 3.783674 	 0.036700 	 9359.815438 
63  	 5 	 2 	 8.413892 	 0.014911 	 3843.493608 
63  	 5 	 10 	 4.057866 	 0.295052 	 67141.860205 
63  	 5 	 12 	 10.625162 	 0.006229 	 1612.493452 
63  	 5 	 5 	 2.918563 	 0.756837 	 146336.487136 
63  	 5 	 4 	 8.964986 	 0.001635 	 424.192799 
63  	 5 	 15 	 9.813520 	 0.008506 	 2199.512834 
63  	 5 	 13 	 13.938722 	 0.001916 	 497.177995 
63  	 5 	 6 	 9.417915 	 0.010169 	 2627.356835 
63  	 5 	 3 	 6.970742 	 0.029664 	 7591.319179 
63  	 5 	 14 	 3.395568 	 0.431634 	 93179.241417 
63  	 5 	 9 	 11.663944 	 0.003604 	 934.223515 
63  	 5 	 11 	 9.657820 	 0.008369 	 2164.191992 
64  	 5 	 8 	 3.659924 	 0.445863 	 95747.635839 
64  	 5 	 1 	 3.783674 	 0.036700 	 9359.815438 
64  	 5 	 2 	 8.413892 	 0.014911 	 3843.493608 
64  	 5 	 10 	 4.057866 	 0.295052 	 67141.860205 
64  	 5 	 12 	 10.625162 	 0.006229 	 1612.493452 
64  	 5 	 5 	 2.918563 	 0.756837 	 146336.487136 
64  	 5 	 4 	 8.964986 	 0.001635 	 424.192799 
64  	 5 	 15 	 9.813520 	 0.008506 	 2199.512834 
64  	 5 	 13 	 13.938722 	 0.001916 	 497.177995 
64  	 5 	 6 	 9.417915 	 0.010169 	 2627.356835 
64  	 5 	 3 	 6.970742 	 0.029664 	 7591.319179 
64  	 5 	 14 	 3.395568 	 0.431634 	 93179.241417 
64  	 5 	 9 	 11.663944 	 0.003604 	 934.223515 
64  	 5 	 11 	 9.657820 	 0.008369 	 2164.191992 
65  	 5 	 8 	 3.659924 	 0.445863 	 95747.635839 
65  	 5 	 1 	 3.783674 	 0.036700 	 9359.815438 
65  	 5 	 2 	 8.413892 	 0.014911 	 3843.493608 
65  	 5 	 10 	 4.057866 	 0.295052 	 67141.860205 
65  	 5 	 12 	 10.625162 	 0.006229 	 1612.493452 
65  	 5 	 5 	 2.918563 	 0.756837 	 146336.487136 
65  	 5 	 4 	 8.964986 	 0.001635 	 424.192799 
65  	 5 	 15 	 9.813520 	 0.008506 	 2199.512834 
65  	 5 	 13 	 13.938722 	 0.001916 	 497.177995 
65  	 5 	 6 	 9.417915 	 0.010169 	 2627.356835 
65  	 5 	 3 	 6.970742 	 0.029664 	 7591.319179 
65  	 5 	 14 	 3.395568 	 0.431634 	 93179.241417 
65  	 5 	 9 	 11.663944 	 0.003604 	 934.223515 
65  	 5 	 11 	 9.657820 	 0.008369 	 2164.191992 
66  	 5 	 8 	 3.659924 	 0.445863 	 95747.635839 
66  	 5 	 1 	 3.783674 	 0.036700 	 9359.815438 
66  	 5 	 2 	 8.413892 	 0.014911 	 3843.493608 
66  	 5 	 10 	 4.057866 	 0.295052 	 67141.860205 
66  	 5 	 12 	 10.625162 	 0.006229 	 1612.493452 
66  	 5 	 5 	 2.918563 	 0.756837 	 146336.487136 
66  	 5 	 4 	 8.964986 	 0.001635 	 424.192799 
66  	 5 	 15 	 9.813520 	 0.008506 	 2199.512834 
66  	 5 	 13 	 13.938722 	 0.001916 	 497.177995 
66  	 5 	 6 	 9.417915 	 0.010169 	 2627.356835 
66  	 5 	 3 	 6.970742 	 0.029664 	 7591.319179 
66  	 5 	 14 	 3.395568 	 0.431634 	 93179.241417 
66  	 5 	 9 	 11.663944 	 0.003604 	 934.223515 
66  	 5 	 11 	 9.657820 	 0.008369 	 2164.191992 
67  	 5 	 8 	 3.659924 	 0.445863 	 95747.635839 
67  	 5 	 1 	 3.783674 	 0.036700 	 9359.815438 
67  	 5 	 2 	 8.413892 	 0.014911 	 3843.493608 
67  	 5 	 10 	 4.057866 	 0.295052 	 67141.860205 
67  	 5 	 12 	 10.625162 	 0.006229 	 1612.493452 
67  	 5 	 5 	 2.918563 	 0.756837 	 146336.487136 
67  	 5 	 4 	 8.964986 	 0.001635 	 424.192799 
67  	 5 	 15 	 9.813520 	 0.008506 	 2199.512834 
67  	 5 	 13 	 13.938722 	 0.001916 	 497.177995 
67  	 5 	 6 	 9.417915 	 0.010169 	 2627.356835 
67  	 5 	 3 	 6.970742 	 0.029664 	 7591.319179 
67  	 5 	 14 	 3.395568 	 0.431634 	 93179.241417 
67  	 5 	 9 	 11.663944 	 0.003604 	 934.223515 
67  	 5 	 11 	 9.657820 	 0.008369 	 2164.191992 
68  	 5 	 8 	 3.659924 	 0.445863 	 95747.635839 
68  	 5 	 1 	 3.783674 	 0.036700 	 9359.815438 
68  	 5 	 2 	 8.413892 	 0.014911 	 3843.493608 
68  	 5 	 10 	 4.057866 	 0.295052 	 67141.860205 
68  	 5 	 12 	 10.625162 	 0.006229 	 1612.493452 
68  	 5 	 5 	 2.918563 	 0.756837 	 146336.487136 
68  	 5 	 4 	 8.964986 	 0.001635 	 424.192799 
68  	 5 	 15 	 9.813520 	 0.008506 	 2199.512834 
68  	 5 	 13 	 13.938722 	 0.001916 	 497.177995 
68  	 5 	 6 	 9.417915 	 0.010169 	 2627.356835 
68  	 5 	 3 	 6.970742 	 0.029664 	 7591.319179 
68  	 5 	 14 	 3.395568 	 0.431634 	 93179.241417 
68  	 5 	 9 	 11.663944 	 0.003604 	 934.223515 
68  	 5 	 11 	 9.657820 	 0.008369 	 2164.191992 
69  	 5 	 8 	 3.659924 	 0.445863 	 95747.635839 
69  	 5 	 1 	 3.783674 	 0.036700 	 9359.815438 
69  	 5 	 2 	 8.413892 	 0.014911 	 3843.493608 
69  	 5 	 10 	 4.057866 	 0.295052 	 67141.860205 
69  	 5 	 12 	 10.625162 	 0.006229 	 1612.493452 
69  	 5 	 5 	 2.918563 	 0.756837 	 146336.487136 
69  	 5 	 4 	 8.964986 	 0.001635 	 424.192799 
69  	 5 	 15 	 9.813520 	 0.008506 	 2199.512834 
69  	 5 	 13 	 13.938722 	 0.001916 	 497.177995 
69  	 5 	 6 	 9.417915 	 0.010169 	 2627.356835 
69  	 5 	 3 	 6.970742 	 0.029664 	 7591.319179 
69  	 5 	 14 	 3.395568 	 0.431634 	 93179.241417 
69  	 5 	 9 	 11.663944 	 0.003604 	 934.223515 
69  	 5 	 11 	 9.657820 	 0.008369 	 2164.191992 
70  	 5 	 8 	 3.659924 	 0.445863 	 95747.635839 
70  	 5 	 1 	 3.783674 	 0.036700 	 9359.815438 
70  	 5 	 2 	 8.413892 	 0.014911 	 3843.493608 
70  	 5 	 10 	 4.057866 	 0.295052 	 67141.860205 
70  	 5 	 12 	 10.625162 	 0.006229 	 1612.493452 
70  	 5 	 5 	 2.918563 	 0.756837 	 146336.487136 
70  	 5 	 4 	 8.964986 	 0.001635 	 424.192799 
70  	 5 	 15 	 9.813520 	 0.008506 	 2199.512834 
70  	 5 	 13 	 13.938722 	 0.001916 	 497.177995 
70  	 5 	 6 	 9.417915 	 0.010169 	 2627.356835 
70  	 5 	 3 	 6.970742 	 0.029664 	 7591.319179 
70  	 5 	 14 	 3.395568 	 0.431634 	 93179.241417 
70  	 5 	 9 	 11.663944 	 0.003604 	 934.223515 
70  	 5 	 11 	 9.657820 	 0.008369 	 2164.191992 
71  	 5 	 8 	 3.659924 	 0.445863 	 95747.635839 
71  	 5 	 1 	 3.783674 	 0.036700 	 9359.815438 
71  	 5 	 2 	 8.413892 	 0.014911 	 3843.493608 
71  	 5 	 10 	 4.057866 	 0.295052 	 67141.860205 
71  	 5 	 12 	 10.625162 	 0.006229 	 1612.493452 
71  	 5 	 5 	 2.918563 	 0.756837 	 146336.487136 
71  	 5 	 4 	 8.964986 	 0.001635 	 424.192799 
71  	 5 	 15 	 9.813520 	 0.008506 	 2199.512834 
71  	 5 	 13 	 13.938722 	 0.001916 	 497.177995 
71  	 5 	 6 	 9.417915 	 0.010169 	 2627.356835 
71  	 5 	 3 	 6.970742 	 0.029664 	 7591.319179 
71  	 5 	 14 	 3.395568 	 0.431634 	 93179.241417 
71  	 5 	 9 	 11.663944 	 0.003604 	 934.223515 
71  	 5 	 11 	 9.657820 	 0.008369 	 2164.191992 
72  	 5 	 8 	 3.659924 	 0.445863 	 95747.635839 
72  	 5 	 1 	 3.783674 	 0.036700 	 9359.815438 
72  	 5 	 2 	 8.413892 	 0.014911 	 3843.493608 
72  	 5 	 10 	 4.057866 	 0.295052 	 67141.860205 
72  	 5 	 12 	 10.625162 	 0.006229 	 1612.493452 
72  	 5 	 5 	 2.918563 	 0.756837 	 146336.487136 
72  	 5 	 4 	 8.964986 	 0.001635 	 424.192799 
72  	 5 	 15 	 9.813520 	 0.008506 	 2199.512834 
72  	 5 	 13 	 13.938722 	 0.001916 	 497.177995 
72  	 5 	 6 	 9.417915 	 0.010169 	 2627.356835 
72  	 5 	 3 	 6.970742 	 0.029664 	 7591.319179 
72  	 5 	 14 	 3.395568 	 0.431634 	 93179.241417 
72  	 5 	 9 	 11.663944 	 0.003604 	 934.223515 
72  	 5 	 11 	 9.657820 	 0.008369 	 2164.191992 
73  	 5 	 8 	 3.659924 	 0.445863 	 95747.635839 
73  	 5 	 1 	 3.783674 	 0.036700 	 9359.815438 
73  	 5 	 2 	 8.413892 	 0.014911 	 3843.493608 
73  	 5 	 10 	 4.057866 	 0.295052 	 67141.860205 
73  	 5 	 12 	 10.625162 	 0.006229 	 1612.493452 
73  	 5 	 5 	 2.918563 	 0.756837 	 146336.487136 
73  	 5 	 4 	 8.964986 	 0.001635 	 424.192799 
73  	 5 	 15 	 9.813520 	 0.008506 	 2199.512834 
73  	 5 	 13 	 13.938722 	 0.001916 	 497.177995 
73  	 5 	 6 	 9.417915 	 0.010169 	 2627.356835 
73  	 5 	 3 	 6.970742 	 0.029664 	 7591.319179 
73  	 5 	 14 	 3.395568 	 0.431634 	 93179.241417 
73  	 5 	 9 	 11.663944 	 0.003604 	 934.223515 
73  	 5 	 11 	 9.657820 	 0.008369 	 2164.191992 
74  	 5 	 8 	 3.659924 	 0.445863 	 95747.635839 
74  	 5 	 1 	 3.783674 	 0.036700 	 9359.815438 
74  	 5 	 2 	 8.413892 	 0.014911 	 3843.493608 
74  	 5 	 10 	 4.057866 	 0.295052 	 67141.860205 
74  	 5 	 12 	 10.625162 	 0.006229 	 1612.493452 
74  	 5 	 5 	 2.918563 	 0.756837 	 146336.487136 
74  	 5 	 4 	 8.964986 	 0.001635 	 424.192799 
74  	 5 	 15 	 9.813520 	 0.008506 	 2199.512834 
74  	 5 	 13 	 13.938722 	 0.001916 	 497.177995 
74  	 5 	 6 	 9.417915 	 0.010169 	 2627.356835 
74  	 5 	 3 	 6.970742 	 0.029664 	 7591.319179 
74  	 5 	 14 	 3.395568 	 0.431634 	 93179.241417 
74  	 5 	 9 	 11.663944 	 0.003604 	 934.223515 
74  	 5 	 11 	 9.657820 	 0.008369 	 2164.191992 
75  	 5 	 8 	 3.659924 	 0.445863 	 95747.635839 
75  	 5 	 1 	 3.783674 	 0.036700 	 9359.815438 
75  	 5 	 2 	 8.413892 	 0.014911 	 3843.493608 
75  	 5 	 10 	 4.057866 	 0.295052 	 67141.860205 
75  	 5 	 12 	 10.625162 	 0.006229 	 1612.493452 
75  	 5 	 5 	 2.918563 	 0.756837 	 146336.487136 
75  	 5 	 4 	 8.964986 	 0.001635 	 424.192799 
75  	 5 	 15 	 9.813520 	 0.008506 	 2199.512834 
75  	 5 	 13 	 13.938722 	 0.001916 	 497.177995 
75  	 5 	 6 	 9.417915 	 0.010169 	 2627.356835 
75  	 5 	 3 	 6.970742 	 0.029664 	 7591.319179 
75  	 5 	 14 	 3.395568 	 0.431634 	 93179.241417 
75  	 5 	 9 	 11.663944 	 0.003604 	 934.223515 
75  	 5 	 11 	 9.657820 	 0.008369 	 2164.191992 
76  	 5 	 8 	 3.659924 	 0.445863 	 95747.635839 
76  	 5 	 1 	 3.783674 	 0.036700 	 9359.815438 
76  	 5 	 2 	 8.413892 	 0.014911 	 3843.493608 
76  	 5 	 10 	 4.057866 	 0.295052 	 67141.860205 
76  	 5 	 12 	 10.625162 	 0.006229 	 1612.493452 
76  	 5 	 5 	 2.918563 	 0.756837 	 146336.487136 
76  	 5 	 4 	 8.964986 	 0.001635 	 424.192799 
76  	 5 	 15 	 9.813520 	 0.008506 	 2199.512834 
76  	 5 	 13 	 13.938722 	 0.001916 	 497.177995 
76  	 5 	 6 	 9.417915 	 0.010169 	 2627.356835 
76  	 5 	 3 	 6.970742 	 0.029664 	 7591.319179 
76  	 5 	 14 	 3.395568 	 0.431634 	 93179.241417 
76  	 5 	 9 	 11.663944 	 0.003604 	 934.223515 
76  	 5 	 11 	 9.657820 	 0.008369 	 2164.191992 
77  	 5 	 8 	 3.659924 	 0.445863 	 95747.635839 
77  	 5 	 1 	 3.783674 	 0.036700 	 9359.815438 
77  	 5 	 2 	 8.413892 	 0.014911 	 3843.493608 
77  	 5 	 10 	 4.057866 	 0.295052 	 67141.860205 
77  	 5 	 12 	 10.625162 	 0.006229 	 1612.493452 
77  	 5 	 5 	 2.918563 	 0.756837 	 146336.487136 
77  	 5 	 4 	 8.964986 	 0.001635 	 424.192799 
77  	 5 	 15 	 9.813520 	 0.008506 	 2199.512834 
77  	 5 	 13 	 13.938722 	 0.001916 	 497.177995 
77  	 5 	 6 	 9.417915 	 0.010169 	 2627.356835 
77  	 5 	 3 	 6.970742 	 0.029664 	 7591.319179 
77  	 5 	 14 	 3.395568 	 0.431634 	 93179.241417 
77  	 5 	 9 	 11.663944 	 0.003604 	 934.223515 
77  	 5 	 11 	 9.657820 	 0.008369 	 2164.191992 
78  	 5 	 8 	 3.659924 	 0.445863 	 95747.635839 
78  	 5 	 1 	 3.783674 	 0.036700 	 9359.815438 
78  	 5 	 2 	 8.413892 	 0.014911 	 3843.493608 
78  	 5 	 10 	 4.057866 	 0.295052 	 67141.860205 
78  	 5 	 12 	 10.625162 	 0.006229 	 1612.493452 
78  	 5 	 5 	 2.918563 	 0.756837 	 146336.487136 
78  	 5 	 4 	 8.964986 	 0.001635 	 424.192799 
78  	 5 	 15 	 9.813520 	 0.008506 	 2199.512834 
78  	 5 	 13 	 13.938722 	 0.001916 	 497.177995 
78  	 5 	 6 	 9.417915 	 0.010169 	 2627.356835 
78  	 5 	 3 	 6.970742 	 0.029664 	 7591.319179 
78  	 5 	 14 	 3.395568 	 0.431634 	 93179.241417 
78  	 5 	 9 	 11.663944 	 0.003604 	 934.223515 
78  	 5 	 11 	 9.657820 	 0.008369 	 2164.191992 
79  	 5 	 8 	 3.659924 	 0.445863 	 95747.635839 
79  	 5 	 1 	 3.783674 	 0.036700 	 9359.815438 
79  	 5 	 2 	 8.413892 	 0.014911 	 3843.493608 
79  	 5 	 10 	 4.057866 	 0.295052 	 67141.860205 
79  	 5 	 12 	 10.625162 	 0.006229 	 1612.493452 
79  	 5 	 5 	 2.918563 	 0.756837 	 146336.487136 
79  	 5 	 4 	 8.964986 	 0.001635 	 424.192799 
79  	 5 	 15 	 9.813520 	 0.008506 	 2199.512834 
79  	 5 	 13 	 13.938722 	 0.001916 	 497.177995 
79  	 5 	 6 	 9.417915 	 0.010169 	 2627.356835 
79  	 5 	 3 	 6.970742 	 0.029664 	 7591.319179 
79  	 5 	 14 	 3.395568 	 0.431634 	 93179.241417 
79  	 5 	 9 	 11.663944 	 0.003604 	 934.223515 
79  	 5 	 11 	 9.657820 	 0.008369 	 2164.191992 
80  	 5 	 8 	 3.659924 	 0.445863 	 95747.635839 
80  	 5 	 1 	 3.783674 	 0.036700 	 9359.815438 
80  	 5 	 2 	 8.413892 	 0.014911 	 3843.493608 
80  	 5 	 10 	 4.057866 	 0.295052 	 67141.860205 
80  	 5 	 12 	 10.625162 	 0.006229 	 1612.493452 
80  	 5 	 5 	 2.918563 	 0.756837 	 146336.487136 
80  	 5 	 4 	 8.964986 	 0.001635 	 424.192799 
80  	 5 	 15 	 9.813520 	 0.008506 	 2199.512834 
80  	 5 	 13 	 13.938722 	 0.001916 	 497.177995 
80  	 5 	 6 	 9.417915 	 0.010169 	 2627.356835 
80  	 5 	 3 	 6.970742 	 0.029664 	 7591.319179 
80  	 5 	 14 	 3.395568 	 0.431634 	 93179.241417 
80  	 5 	 9 	 11.663944 	 0.003604 	 934.223515 
80  	 5 	 11 	 9.657820 	 0.008369 	 2164.191992 
81  	 5 	 8 	 3.659924 	 0.445863 	 95747.635839 
81  	 5 	 1 	 3.783674 	 0.036700 	 9359.815438 
81  	 5 	 2 	 8.413892 	 0.014911 	 3843.493608 
81  	 5 	 10 	 4.057866 	 0.295052 	 67141.860205 
81  	 5 	 12 	 10.625162 	 0.006229 	 1612.493452 
81  	 5 	 5 	 2.918563 	 0.756837 	 146336.487136 
81  	 5 	 4 	 8.964986 	 0.001635 	 424.192799 
81  	 5 	 15 	 9.813520 	 0.008506 	 2199.512834 
81  	 5 	 13 	 13.938722 	 0.001916 	 497.177995 
81  	 5 	 6 	 9.417915 	 0.010169 	 2627.356835 
81  	 5 	 3 	 6.970742 	 0.029664 	 7591.319179 
81  	 5 	 14 	 3.395568 	 0.431634 	 93179.241417 
81  	 5 	 9 	 11.663944 	 0.003604 	 934.223515 
81  	 5 	 11 	 9.657820 	 0.008369 	 2164.191992 
82  	 5 	 8 	 3.659924 	 0.445863 	 95747.635839 
82  	 5 	 1 	 3.783674 	 0.036700 	 9359.815438 
82  	 5 	 2 	 8.413892 	 0.014911 	 3843.493608 
82  	 5 	 10 	 4.057866 	 0.295052 	 67141.860205 
82  	 5 	 12 	 10.625162 	 0.006229 	 1612.493452 
82  	 5 	 5 	 2.918563 	 0.756837 	 146336.487136 
82  	 5 	 4 	 8.964986 	 0.001635 	 424.192799 
82  	 5 	 15 	 9.813520 	 0.008506 	 2199.512834 
82  	 5 	 13 	 13.938722 	 0.001916 	 497.177995 
82  	 5 	 6 	 9.417915 	 0.010169 	 2627.356835 
82  	 5 	 3 	 6.970742 	 0.029664 	 7591.319179 
82  	 5 	 14 	 3.395568 	 0.431634 	 93179.241417 
82  	 5 	 9 	 11.663944 	 0.003604 	 934.223515 
82  	 5 	 11 	 9.657820 	 0.008369 	 2164.191992 
83  	 5 	 8 	 3.659924 	 0.445863 	 95747.635839 
83  	 5 	 1 	 3.783674 	 0.036700 	 9359.815438 
83  	 5 	 2 	 8.413892 	 0.014911 	 3843.493608 
83  	 5 	 10 	 4.057866 	 0.295052 	 67141.860205 
83  	 5 	 12 	 10.625162 	 0.006229 	 1612.493452 
83  	 5 	 5 	 2.918563 	 0.756837 	 146336.487136 
83  	 5 	 4 	 8.964986 	 0.001635 	 424.192799 
83  	 5 	 15 	 9.813520 	 0.008506 	 2199.512834 
83  	 5 	 13 	 13.938722 	 0.001916 	 497.177995 
83  	 5 	 6 	 9.417915 	 0.010169 	 2627.356835 
83  	 5 	 3 	 6.970742 	 0.029664 	 7591.319179 
83  	 5 	 14 	 3.395568 	 0.431634 	 93179.241417 
83  	 5 	 9 	 11.663944 	 0.003604 	 934.223515 
83  	 5 	 11 	 9.657820 	 0.008369 	 2164.191992 
84  	 5 	 8 	 3.659924 	 0.445863 	 95747.635839 
84  	 5 	 1 	 3.783674 	 0.036700 	 9359.815438 
84  	 5 	 2 	 8.413892 	 0.014911 	 3843.493608 
84  	 5 	 10 	 4.057866 	 0.295052 	 67141.860205 
84  	 5 	 12 	 10.625162 	 0.006229 	 1612.493452 
84  	 5 	 5 	 2.918563 	 0.756837 	 146336.487136 
84  	 5 	 4 	 8.964986 	 0.001635 	 424.192799 
84  	 5 	 15 	 9.813520 	 0.008506 	 2199.512834 
84  	 5 	 13 	 13.938722 	 0.001916 	 497.177995 
84  	 5 	 6 	 9.417915 	 0.010169 	 2627.356835 
84  	 5 	 3 	 6.970742 	 0.029664 	 7591.319179 
84  	 5 	 14 	 3.395568 	 0.431634 	 93179.241417 
84  	 5 	 9 	 11.663944 	 0.003604 	 934.223515 
84  	 5 	 11 	 9.657820 	 0.008369 	 2164.191992 
85  	 5 	 8 	 3.659924 	 0.445863 	 95747.635839 
85  	 5 	 1 	 3.783674 	 0.036700 	 9359.815438 
85  	 5 	 2 	 8.413892 	 0.014911 	 3843.493608 
85  	 5 	 10 	 4.057866 	 0.295052 	 67141.860205 
85  	 5 	 12 	 10.625162 	 0.006229 	 1612.493452 
85  	 5 	 5 	 2.918563 	 0.756837 	 146336.487136 
85  	 5 	 4 	 8.964986 	 0.001635 	 424.192799 
85  	 5 	 15 	 9.813520 	 0.008506 	 2199.512834 
85  	 5 	 13 	 13.938722 	 0.001916 	 497.177995 
85  	 5 	 6 	 9.417915 	 0.010169 	 2627.356835 
85  	 5 	 3 	 6.970742 	 0.029664 	 7591.319179 
85  	 5 	 14 	 3.395568 	 0.431634 	 93179.241417 
85  	 5 	 9 	 11.663944 	 0.003604 	 934.223515 
85  	 5 	 11 	 9.657820 	 0.008369 	 2164.191992 
86  	 5 	 8 	 3.659924 	 0.445863 	 95747.635839 
86  	 5 	 1 	 3.783674 	 0.036700 	 9359.815438 
86  	 5 	 2 	 8.413892 	 0.014911 	 3843.493608 
86  	 5 	 10 	 4.057866 	 0.295052 	 67141.860205 
86  	 5 	 12 	 10.625162 	 0.006229 	 1612.493452 
86  	 5 	 5 	 2.918563 	 0.756837 	 146336.487136 
86  	 5 	 4 	 8.964986 	 0.001635 	 424.192799 
86  	 5 	 15 	 9.813520 	 0.008506 	 2199.512834 
86  	 5 	 13 	 13.938722 	 0.001916 	 497.177995 
86  	 5 	 6 	 9.417915 	 0.010169 	 2627.356835 
86  	 5 	 3 	 6.970742 	 0.029664 	 7591.319179 
86  	 5 	 14 	 3.395568 	 0.431634 	 93179.241417 
86  	 5 	 9 	 11.663944 	 0.003604 	 934.223515 
86  	 5 	 11 	 9.657820 	 0.008369 	 2164.191992 
87  	 5 	 8 	 3.659924 	 0.445863 	 95747.635839 
87  	 5 	 1 	 3.783674 	 0.036700 	 9359.815438 
87  	 5 	 2 	 8.413892 	 0.014911 	 3843.493608 
87  	 5 	 10 	 4.057866 	 0.295052 	 67141.860205 
87  	 5 	 12 	 10.625162 	 0.006229 	 1612.493452 
87  	 5 	 5 	 2.918563 	 0.756837 	 146336.487136 
87  	 5 	 4 	 8.964986 	 0.001635 	 424.192799 
87  	 5 	 15 	 9.813520 	 0.008506 	 2199.512834 
87  	 5 	 13 	 13.938722 	 0.001916 	 497.177995 
87  	 5 	 6 	 9.417915 	 0.010169 	 2627.356835 
87  	 5 	 3 	 6.970742 	 0.029664 	 7591.319179 
87  	 5 	 14 	 3.395568 	 0.431634 	 93179.241417 
87  	 5 	 9 	 11.663944 	 0.003604 	 934.223515 
87  	 5 	 11 	 9.657820 	 0.008369 	 2164.191992 
88  	 5 	 8 	 3.659924 	 0.445863 	 95747.635839 
88  	 5 	 1 	 3.783674 	 0.036700 	 9359.815438 
88  	 5 	 2 	 8.413892 	 0.014911 	 3843.493608 
88  	 5 	 10 	 4.057866 	 0.295052 	 67141.860205 
88  	 5 	 12 	 10.625162 	 0.006229 	 1612.493452 
88  	 5 	 5 	 2.918563 	 0.756837 	 146336.487136 
88  	 5 	 4 	 8.964986 	 0.001635 	 424.192799 
88  	 5 	 15 	 9.813520 	 0.008506 	 2199.512834 
88  	 5 	 13 	 13.938722 	 0.001916 	 497.177995 
88  	 5 	 6 	 9.417915 	 0.010169 	 2627.356835 
88  	 5 	 3 	 6.970742 	 0.029664 	 7591.319179 
88  	 5 	 14 	 3.395568 	 0.431634 	 93179.241417 
88  	 5 	 9 	 11.663944 	 0.003604 	 934.223515 
88  	 5 	 11 	 9.657820 	 0.008369 	 2164.191992 
89  	 5 	 8 	 3.659924 	 0.445863 	 95747.635839 
89  	 5 	 1 	 3.783674 	 0.036700 	 9359.815438 
89  	 5 	 2 	 8.413892 	 0.014911 	 3843.493608 
89  	 5 	 10 	 4.057866 	 0.295052 	 67141.860205 
89  	 5 	 12 	 10.625162 	 0.006229 	 1612.493452 
89  	 5 	 5 	 2.918563 	 0.756837 	 146336.487136 
89  	 5 	 4 	 8.964986 	 0.001635 	 424.192799 
89  	 5 	 15 	 9.813520 	 0.008506 	 2199.512834 
89  	 5 	 13 	 13.938722 	 0.001916 	 497.177995 
89  	 5 	 6 	 9.417915 	 0.010169 	 2627.356835 
89  	 5 	 3 	 6.970742 	 0.029664 	 7591.319179 
89  	 5 	 14 	 3.395568 	 0.431634 	 93179.241417 
89  	 5 	 9 	 11.663944 	 0.003604 	 934.223515 
89  	 5 	 11 	 9.657820 	 0.008369 	 2164.191992 
90  	 5 	 8 	 3.659924 	 0.445863 	 95747.635839 
90  	 5 	 1 	 3.783674 	 0.036700 	 9359.815438 
90  	 5 	 2 	 8.413892 	 0.014911 	 3843.493608 
90  	 5 	 10 	 4.057866 	 0.295052 	 67141.860205 
90  	 5 	 12 	 10.625162 	 0.006229 	 1612.493452 
90  	 5 	 5 	 2.918563 	 0.756837 	 146336.487136 
90  	 5 	 4 	 8.964986 	 0.001635 	 424.192799 
90  	 5 	 15 	 9.813520 	 0.008506 	 2199.512834 
90  	 5 	 13 	 13.938722 	 0.001916 	 497.177995 
90  	 5 	 6 	 9.417915 	 0.010169 	 2627.356835 
90  	 5 	 3 	 6.970742 	 0.029664 	 7591.319179 
90  	 5 	 14 	 3.395568 	 0.431634 	 93179.241417 
90  	 5 	 9 	 11.663944 	 0.003604 	 934.223515 
90  	 5 	 11 	 9.657820 	 0.008369 	 2164.191992 
91  	 5 	 8 	 3.659924 	 0.445863 	 95747.635839 
91  	 5 	 1 	 3.783674 	 0.036700 	 9359.815438 
91  	 5 	 2 	 8.413892 	 0.014911 	 3843.493608 
91  	 5 	 10 	 4.057866 	 0.295052 	 67141.860205 
91  	 5 	 12 	 10.625162 	 0.006229 	 1612.493452 
91  	 5 	 5 	 2.918563 	 0.756837 	 146336.487136 
91  	 5 	 4 	 8.964986 	 0.001635 	 424.192799 
91  	 5 	 15 	 9.813520 	 0.008506 	 2199.512834 
91  	 5 	 13 	 13.938722 	 0.001916 	 497.177995 
91  	 5 	 6 	 9.417915 	 0.010169 	 2627.356835 
91  	 5 	 3 	 6.970742 	 0.029664 	 7591.319179 
91  	 5 	 14 	 3.395568 	 0.431634 	 93179.241417 
91  	 5 	 9 	 11.663944 	 0.003604 	 934.223515 
91  	 5 	 11 	 9.657820 	 0.008369 	 2164.191992 
92  	 5 	 8 	 3.659924 	 0.445863 	 95747.635839 
92  	 5 	 1 	 3.783674 	 0.036700 	 9359.815438 
92  	 5 	 2 	 8.413892 	 0.014911 	 3843.493608 
92  	 5 	 10 	 4.057866 	 0.295052 	 67141.860205 
92  	 5 	 12 	 10.625162 	 0.006229 	 1612.493452 
92  	 5 	 5 	 2.918563 	 0.756837 	 146336.487136 
92  	 5 	 4 	 8.964986 	 0.001635 	 424.192799 
92  	 5 	 15 	 9.813520 	 0.008506 	 2199.512834 
92  	 5 	 13 	 13.938722 	 0.001916 	 497.177995 
92  	 5 	 6 	 9.417915 	 0.010169 	 2627.356835 
92  	 5 	 3 	 6.970742 	 0.029664 	 7591.319179 
92  	 5 	 14 	 3.395568 	 0.431634 	 93179.241417 
92  	 5 	 9 	 11.663944 	 0.003604 	 934.223515 
92  	 5 	 11 	 9.657820 	 0.008369 	 2164.191992 
93  	 5 	 8 	 3.659924 	 0.445863 	 95747.635839 
93  	 5 	 1 	 3.783674 	 0.036700 	 9359.815438 
93  	 5 	 2 	 8.413892 	 0.014911 	 3843.493608 
93  	 5 	 10 	 4.057866 	 0.295052 	 67141.860205 
93  	 5 	 12 	 10.625162 	 0.006229 	 1612.493452 
93  	 5 	 5 	 2.918563 	 0.756837 	 146336.487136 
93  	 5 	 4 	 8.964986 	 0.001635 	 424.192799 
93  	 5 	 15 	 9.813520 	 0.008506 	 2199.512834 
93  	 5 	 13 	 13.938722 	 0.001916 	 497.177995 
93  	 5 	 6 	 9.417915 	 0.010169 	 2627.356835 
93  	 5 	 3 	 6.970742 	 0.029664 	 7591.319179 
93  	 5 	 14 	 3.395568 	 0.431634 	 93179.241417 
93  	 5 	 9 	 11.663944 	 0.003604 	 934.223515 
93  	 5 	 11 	 9.657820 	 0.008369 	 2164.191992 
94  	 5 	 8 	 3.659924 	 0.445863 	 95747.635839 
94  	 5 	 1 	 3.783674 	 0.036700 	 9359.815438 
94  	 5 	 2 	 8.413892 	 0.014911 	 3843.493608 
94  	 5 	 10 	 4.057866 	 0.295052 	 67141.860205 
94  	 5 	 12 	 10.625162 	 0.006229 	 1612.493452 
94  	 5 	 5 	 2.918563 	 0.756837 	 146336.487136 
94  	 5 	 4 	 8.964986 	 0.001635 	 424.192799 
94  	 5 	 15 	 9.813520 	 0.008506 	 2199.512834 
94  	 5 	 13 	 13.938722 	 0.001916 	 497.177995 
94  	 5 	 6 	 9.417915 	 0.010169 	 2627.356835 
94  	 5 	 3 	 6.970742 	 0.029664 	 7591.319179 
94  	 5 	 14 	 3.395568 	 0.431634 	 93179.241417 
94  	 5 	 9 	 11.663944 	 0.003604 	 934.223515 
94  	 5 	 11 	 9.657820 	 0.008369 	 2164.191992 
95  	 5 	 8 	 3.659924 	 0.445863 	 95747.635839 
95  	 5 	 1 	 3.783674 	 0.036700 	 9359.815438 
95  	 5 	 2 	 8.413892 	 0.014911 	 3843.493608 
95  	 5 	 10 	 4.057866 	 0.295052 	 67141.860205 
95  	 5 	 12 	 10.625162 	 0.006229 	 1612.493452 
95  	 5 	 5 	 2.918563 	 0.756837 	 146336.487136 
95  	 5 	 4 	 8.964986 	 0.001635 	 424.192799 
95  	 5 	 15 	 9.813520 	 0.008506 	 2199.512834 
95  	 5 	 13 	 13.938722 	 0.001916 	 497.177995 
95  	 5 	 6 	 9.417915 	 0.010169 	 2627.356835 
95  	 5 	 3 	 6.970742 	 0.029664 	 7591.319179 
95  	 5 	 14 	 3.395568 	 0.431634 	 93179.241417 
95  	 5 	 9 	 11.663944 	 0.003604 	 934.223515 
95  	 5 	 11 	 9.657820 	 0.008369 	 2164.191992 
96  	 5 	 8 	 3.659924 	 0.445863 	 95747.635839 
96  	 5 	 1 	 3.783674 	 0.036700 	 9359.815438 
96  	 5 	 2 	 8.413892 	 0.014911 	 3843.493608 
96  	 5 	 10 	 4.057866 	 0.295052 	 67141.860205 
96  	 5 	 12 	 10.625162 	 0.006229 	 1612.493452 
96  	 5 	 5 	 2.918563 	 0.756837 	 146336.487136 
96  	 5 	 4 	 8.964986 	 0.001635 	 424.192799 
96  	 5 	 15 	 9.813520 	 0.008506 	 2199.512834 
96  	 5 	 13 	 13.938722 	 0.001916 	 497.177995 
96  	 5 	 6 	 9.417915 	 0.010169 	 2627.356835 
96  	 5 	 3 	 6.970742 	 0.029664 	 7591.319179 
96  	 5 	 14 	 3.395568 	 0.431634 	 93179.241417 
96  	 5 	 9 	 11.663944 	 0.003604 	 934.223515 
96  	 5 	 11 	 9.657820 	 0.008369 	 2164.191992 
97  	 5 	 8 	 3.659924 	 0.445863 	 95747.635839 
97  	 5 	 1 	 3.783674 	 0.036700 	 9359.815438 
97  	 5 	 2 	 8.413892 	 0.014911 	 3843.493608 
97  	 5 	 10 	 4.057866 	 0.295052 	 67141.860205 
97  	 5 	 12 	 10.625162 	 0.006229 	 1612.493452 
97  	 5 	 5 	 2.918563 	 0.756837 	 146336.487136 
97  	 5 	 4 	 8.964986 	 0.001635 	 424.192799 
97  	 5 	 15 	 9.813520 	 0.008506 	 2199.512834 
97  	 5 	 13 	 13.938722 	 0.001916 	 497.177995 
97  	 5 	 6 	 9.417915 	 0.010169 	 2627.356835 
97  	 5 	 3 	 6.970742 	 0.029664 	 7591.319179 
97  	 5 	 14 	 3.395568 	 0.431634 	 93179.241417 
97  	 5 	 9 	 11.663944 	 0.003604 	 934.223515 
97  	 5 	 11 	 9.657820 	 0.008369 	 2164.191992 
98  	 5 	 8 	 3.659924 	 0.445863 	 95747.635839 
98  	 5 	 1 	 3.783674 	 0.036700 	 9359.815438 
98  	 5 	 2 	 8.413892 	 0.014911 	 3843.493608 
98  	 5 	 10 	 4.057866 	 0.295052 	 67141.860205 
98  	 5 	 12 	 10.625162 	 0.006229 	 1612.493452 
98  	 5 	 5 	 2.918563 	 0.756837 	 146336.487136 
98  	 5 	 4 	 8.964986 	 0.001635 	 424.192799 
98  	 5 	 15 	 9.813520 	 0.008506 	 2199.512834 
98  	 5 	 13 	 13.938722 	 0.001916 	 497.177995 
98  	 5 	 6 	 9.417915 	 0.010169 	 2627.356835 
98  	 5 	 3 	 6.970742 	 0.029664 	 7591.319179 
98  	 5 	 14 	 3.395568 	 0.431634 	 93179.241417 
98  	 5 	 9 	 11.663944 	 0.003604 	 934.223515 
98  	 5 	 11 	 9.657820 	 0.008369 	 2164.191992 
99  	 5 	 8 	 3.659924 	 0.445863 	 95747.635839 
99  	 5 	 1 	 3.783674 	 0.036700 	 9359.815438 
99  	 5 	 2 	 8.413892 	 0.014911 	 3843.493608 
99  	 5 	 10 	 4.057866 	 0.295052 	 67141.860205 
99  	 5 	 12 	 10.625162 	 0.006229 	 1612.493452 
99  	 5 	 5 	 2.918563 	 0.756837 	 146336.487136 
99  	 5 	 4 	 8.964986 	 0.001635 	 424.192799 
99  	 5 	 15 	 9.813520 	 0.008506 	 2199.512834 
99  	 5 	 13 	 13.938722 	 0.001916 	 497.177995 
99  	 5 	 6 	 9.417915 	 0.010169 	 2627.356835 
99  	 5 	 3 	 6.970742 	 0.029664 	 7591.319179 
99  	 5 	 14 	 3.395568 	 0.431634 	 93179.241417 
99  	 5 	 9 	 11.663944 	 0.003604 	 934.223515 
99  	 5 	 11 	 9.657820 	 0.008369 	 2164.191992 
100  	 5 	 8 	 3.659924 	 0.445863 	 95747.635839 
100  	 5 	 1 	 3.783674 	 0.036700 	 9359.815438 
100  	 5 	 2 	 8.413892 	 0.014911 	 3843.493608 
100  	 5 	 10 	 4.057866 	 0.295052 	 67141.860205 
100  	 5 	 12 	 10.625162 	 0.006229 	 1612.493452 
100  	 5 	 5 	 2.918563 	 0.756837 	 146336.487136 
100  	 5 	 4 	 8.964986 	 0.001635 	 424.192799 
100  	 5 	 15 	 9.813520 	 0.008506 	 2199.512834 
100  	 5 	 13 	 13.938722 	 0.001916 	 497.177995 
100  	 5 	 6 	 9.417915 	 0.010169 	 2627.356835 
100  	 5 	 3 	 6.970742 	 0.029664 	 7591.319179 
100  	 5 	 14 	 3.395568 	 0.431634 	 93179.241417 
100  	 5 	 9 	 11.663944 	 0.003604 	 934.223515 
100  	 5 	 11 	 9.657820 	 0.008369 	 2164.191992 
101  	 5 	 8 	 3.659924 	 0.445863 	 95747.635839 
101  	 5 	 1 	 3.783674 	 0.036700 	 9359.815438 
101  	 5 	 2 	 8.413892 	 0.014911 	 3843.493608 
101  	 5 	 10 	 4.057866 	 0.295052 	 67141.860205 
101  	 5 	 12 	 10.625162 	 0.006229 	 1612.493452 
101  	 5 	 5 	 2.918563 	 0.756837 	 146336.487136 
101  	 5 	 4 	 8.964986 	 0.001635 	 424.192799 
101  	 5 	 15 	 9.813520 	 0.008506 	 2199.512834 
101  	 5 	 13 	 13.938722 	 0.001916 	 497.177995 
101  	 5 	 6 	 9.417915 	 0.010169 	 2627.356835 
101  	 5 	 3 	 6.970742 	 0.029664 	 7591.319179 
101  	 5 	 14 	 3.395568 	 0.431634 	 93179.241417 
101  	 5 	 9 	 11.663944 	 0.003604 	 934.223515 
101  	 5 	 11 	 9.657820 	 0.008369 	 2164.191992 
102  	 5 	 8 	 3.659924 	 0.445863 	 95747.635839 
102  	 5 	 1 	 3.783674 	 0.036700 	 9359.815438 
102  	 5 	 2 	 8.413892 	 0.014911 	 3843.493608 
102  	 5 	 10 	 4.057866 	 0.295052 	 67141.860205 
102  	 5 	 12 	 10.625162 	 0.006229 	 1612.493452 
102  	 5 	 5 	 2.918563 	 0.756837 	 146336.487136 
102  	 5 	 4 	 8.964986 	 0.001635 	 424.192799 
102  	 5 	 15 	 9.813520 	 0.008506 	 2199.512834 
102  	 5 	 13 	 13.938722 	 0.001916 	 497.177995 
102  	 5 	 6 	 9.417915 	 0.010169 	 2627.356835 
102  	 5 	 3 	 6.970742 	 0.029664 	 7591.319179 
102  	 5 	 14 	 3.395568 	 0.431634 	 93179.241417 
102  	 5 	 9 	 11.663944 	 0.003604 	 934.223515 
102  	 5 	 11 	 9.657820 	 0.008369 	 2164.191992 
103  	 5 	 8 	 3.659924 	 0.445863 	 95747.635839 
103  	 5 	 1 	 3.783674 	 0.036700 	 9359.815438 
103  	 5 	 2 	 8.413892 	 0.014911 	 3843.493608 
103  	 5 	 10 	 4.057866 	 0.295052 	 67141.860205 
103  	 5 	 12 	 10.625162 	 0.006229 	 1612.493452 
103  	 5 	 5 	 2.918563 	 0.756837 	 146336.487136 
103  	 5 	 4 	 8.964986 	 0.001635 	 424.192799 
103  	 5 	 15 	 9.813520 	 0.008506 	 2199.512834 
103  	 5 	 13 	 13.938722 	 0.001916 	 497.177995 
103  	 5 	 6 	 9.417915 	 0.010169 	 2627.356835 
103  	 5 	 3 	 6.970742 	 0.029664 	 7591.319179 
103  	 5 	 14 	 3.395568 	 0.431634 	 93179.241417 
103  	 5 	 9 	 11.663944 	 0.003604 	 934.223515 
103  	 5 	 11 	 9.657820 	 0.008369 	 2164.191992 
104  	 5 	 8 	 3.659924 	 0.445863 	 95747.635839 
104  	 5 	 1 	 3.783674 	 0.036700 	 9359.815438 
104  	 5 	 2 	 8.413892 	 0.014911 	 3843.493608 
104  	 5 	 10 	 4.057866 	 0.295052 	 67141.860205 
104  	 5 	 12 	 10.625162 	 0.006229 	 1612.493452 
104  	 5 	 5 	 2.918563 	 0.756837 	 146336.487136 
104  	 5 	 4 	 8.964986 	 0.001635 	 424.192799 
104  	 5 	 15 	 9.813520 	 0.008506 	 2199.512834 
104  	 5 	 13 	 13.938722 	 0.001916 	 497.177995 
104  	 5 	 6 	 9.417915 	 0.010169 	 2627.356835 
104  	 5 	 3 	 6.970742 	 0.029664 	 7591.319179 
104  	 5 	 14 	 3.395568 	 0.431634 	 93179.241417 
104  	 5 	 9 	 11.663944 	 0.003604 	 934.223515 
104  	 5 	 11 	 9.657820 	 0.008369 	 2164.191992 
