1  	 2 	 10 	 5.833801 	 0.069069 	 17343.906143 
1  	 2 	 9 	 10.793947 	 0.005893 	 1525.946354 
1  	 2 	 6 	 9.820849 	 0.008600 	 2223.720145 
1  	 2 	 3 	 7.586373 	 0.024152 	 6197.375804 
1  	 2 	 11 	 3.273668 	 0.690707 	 136372.869652 
1  	 2 	 2 	 7.949234 	 0.019623 	 5046.434942 
1  	 2 	 13 	 10.421615 	 0.006580 	 1703.105654 
1  	 2 	 7 	 8.840262 	 0.013099 	 3379.461582 
1  	 2 	 12 	 3.484453 	 0.542690 	 112580.612104 
1  	 2 	 15 	 8.211048 	 0.017599 	 4530.528011 
2  	 2 	 10 	 5.833801 	 0.069069 	 17343.906143 
2  	 2 	 9 	 10.793947 	 0.005893 	 1525.946354 
2  	 2 	 6 	 9.820849 	 0.008600 	 2223.720145 
2  	 2 	 3 	 7.586373 	 0.024152 	 6197.375804 
2  	 2 	 11 	 3.273668 	 0.690707 	 136372.869652 
2  	 2 	 2 	 7.949234 	 0.019623 	 5046.434942 
2  	 2 	 13 	 10.421615 	 0.006653 	 1721.905457 
2  	 2 	 7 	 8.840262 	 0.013099 	 3379.461582 
2  	 2 	 12 	 3.484453 	 0.542690 	 112580.612104 
2  	 2 	 15 	 8.211048 	 0.017599 	 4530.528011 
3  	 2 	 10 	 5.833801 	 0.069069 	 17343.906143 
3  	 2 	 9 	 10.793947 	 0.005893 	 1525.946354 
3  	 2 	 6 	 9.820849 	 0.008600 	 2223.720145 
3  	 2 	 3 	 7.586373 	 0.023967 	 6150.565448 
3  	 2 	 11 	 3.273668 	 0.696549 	 137268.519091 
3  	 2 	 2 	 7.949234 	 0.019623 	 5046.434942 
3  	 2 	 13 	 10.421615 	 0.006653 	 1721.905457 
3  	 2 	 7 	 8.840262 	 0.013099 	 3379.461582 
3  	 2 	 12 	 3.484453 	 0.538522 	 111878.182061 
3  	 2 	 15 	 8.211048 	 0.017599 	 4530.528011 
4  	 2 	 10 	 5.833801 	 0.069069 	 17343.906143 
4  	 2 	 9 	 10.793947 	 0.005893 	 1525.946354 
4  	 2 	 6 	 9.820849 	 0.008600 	 2223.720145 
4  	 2 	 3 	 7.586373 	 0.023967 	 6150.565448 
4  	 2 	 11 	 3.273668 	 0.696549 	 137268.519091 
4  	 2 	 2 	 7.949234 	 0.019623 	 5046.434942 
4  	 2 	 13 	 10.421615 	 0.006653 	 1721.905457 
4  	 2 	 7 	 8.840262 	 0.013099 	 3379.461582 
4  	 2 	 12 	 3.484453 	 0.538522 	 111878.182061 
4  	 2 	 15 	 8.211048 	 0.017599 	 4530.528011 
5  	 2 	 10 	 5.833801 	 0.069069 	 17343.906143 
5  	 2 	 9 	 10.793947 	 0.005893 	 1525.946354 
5  	 2 	 6 	 9.820849 	 0.008600 	 2223.720145 
5  	 2 	 3 	 7.586373 	 0.023967 	 6150.565448 
5  	 2 	 11 	 3.273668 	 0.696549 	 137268.519091 
5  	 2 	 2 	 7.949234 	 0.019623 	 5046.434942 
5  	 2 	 13 	 10.421615 	 0.006653 	 1721.905457 
5  	 2 	 7 	 8.840262 	 0.013099 	 3379.461582 
5  	 2 	 12 	 3.484453 	 0.538522 	 111878.182061 
5  	 2 	 15 	 8.211048 	 0.017599 	 4530.528011 
6  	 2 	 10 	 5.833801 	 0.069069 	 17343.906143 
6  	 2 	 9 	 10.793947 	 0.005893 	 1525.946354 
6  	 2 	 6 	 9.820849 	 0.008600 	 2223.720145 
6  	 2 	 3 	 7.586373 	 0.023967 	 6150.565448 
6  	 2 	 11 	 3.273668 	 0.696549 	 137268.519091 
6  	 2 	 2 	 7.949234 	 0.019623 	 5046.434942 
6  	 2 	 13 	 10.421615 	 0.006653 	 1721.905457 
6  	 2 	 7 	 8.840262 	 0.013099 	 3379.461582 
6  	 2 	 12 	 3.484453 	 0.538522 	 111878.182061 
6  	 2 	 15 	 8.211048 	 0.017599 	 4530.528011 
7  	 2 	 10 	 5.833801 	 0.069069 	 17343.906143 
7  	 2 	 9 	 10.793947 	 0.005893 	 1525.946354 
7  	 2 	 6 	 9.820849 	 0.008600 	 2223.720145 
7  	 2 	 3 	 7.586373 	 0.023967 	 6150.565448 
7  	 2 	 11 	 3.273668 	 0.696549 	 137268.519091 
7  	 2 	 2 	 7.949234 	 0.019623 	 5046.434942 
7  	 2 	 13 	 10.421615 	 0.006653 	 1721.905457 
7  	 2 	 7 	 8.840262 	 0.013099 	 3379.461582 
7  	 2 	 12 	 3.484453 	 0.538522 	 111878.182061 
7  	 2 	 15 	 8.211048 	 0.017599 	 4530.528011 
8  	 2 	 10 	 5.833801 	 0.069069 	 17343.906143 
8  	 2 	 9 	 10.793947 	 0.005893 	 1525.946354 
8  	 2 	 6 	 9.820849 	 0.008600 	 2223.720145 
8  	 2 	 3 	 7.586373 	 0.023967 	 6150.565448 
8  	 2 	 11 	 3.273668 	 0.696549 	 137268.519091 
8  	 2 	 2 	 7.949234 	 0.019623 	 5046.434942 
8  	 2 	 13 	 10.421615 	 0.006653 	 1721.905457 
8  	 2 	 7 	 8.840262 	 0.013099 	 3379.461582 
8  	 2 	 12 	 3.484453 	 0.538522 	 111878.182061 
8  	 2 	 15 	 8.211048 	 0.017599 	 4530.528011 
9  	 2 	 10 	 5.833801 	 0.069069 	 17343.906143 
9  	 2 	 9 	 10.793947 	 0.005893 	 1525.946354 
9  	 2 	 6 	 9.820849 	 0.008600 	 2223.720145 
9  	 2 	 3 	 7.586373 	 0.023967 	 6150.565448 
9  	 2 	 11 	 3.273668 	 0.696549 	 137268.519091 
9  	 2 	 2 	 7.949234 	 0.019623 	 5046.434942 
9  	 2 	 13 	 10.421615 	 0.006653 	 1721.905457 
9  	 2 	 7 	 8.840262 	 0.013099 	 3379.461582 
9  	 2 	 12 	 3.484453 	 0.538522 	 111878.182061 
9  	 2 	 15 	 8.211048 	 0.017599 	 4530.528011 
10  	 2 	 10 	 5.833801 	 0.069069 	 17343.906143 
10  	 2 	 9 	 10.793947 	 0.005893 	 1525.946354 
10  	 2 	 6 	 9.820849 	 0.008600 	 2223.720145 
10  	 2 	 3 	 7.586373 	 0.023967 	 6150.565448 
10  	 2 	 11 	 3.273668 	 0.696549 	 137268.519091 
10  	 2 	 2 	 7.949234 	 0.019623 	 5046.434942 
10  	 2 	 13 	 10.421615 	 0.006653 	 1721.905457 
10  	 2 	 7 	 8.840262 	 0.013099 	 3379.461582 
10  	 2 	 12 	 3.484453 	 0.538522 	 111878.182061 
10  	 2 	 15 	 8.211048 	 0.017599 	 4530.528011 
11  	 2 	 10 	 5.833801 	 0.069069 	 17343.906143 
11  	 2 	 9 	 10.793947 	 0.005893 	 1525.946354 
11  	 2 	 6 	 9.820849 	 0.008600 	 2223.720145 
11  	 2 	 3 	 7.586373 	 0.023967 	 6150.565448 
11  	 2 	 11 	 3.273668 	 0.696549 	 137268.519091 
11  	 2 	 2 	 7.949234 	 0.019623 	 5046.434942 
11  	 2 	 13 	 10.421615 	 0.006653 	 1721.905457 
11  	 2 	 7 	 8.840262 	 0.013099 	 3379.461582 
11  	 2 	 12 	 3.484453 	 0.538522 	 111878.182061 
11  	 2 	 15 	 8.211048 	 0.017599 	 4530.528011 
12  	 2 	 10 	 5.833801 	 0.069069 	 17343.906143 
12  	 2 	 9 	 10.793947 	 0.005893 	 1525.946354 
12  	 2 	 6 	 9.820849 	 0.008600 	 2223.720145 
12  	 2 	 3 	 7.586373 	 0.023967 	 6150.565448 
12  	 2 	 11 	 3.273668 	 0.696549 	 137268.519091 
12  	 2 	 2 	 7.949234 	 0.019623 	 5046.434942 
12  	 2 	 13 	 10.421615 	 0.006653 	 1721.905457 
12  	 2 	 7 	 8.840262 	 0.013099 	 3379.461582 
12  	 2 	 12 	 3.484453 	 0.538522 	 111878.182061 
12  	 2 	 15 	 8.211048 	 0.017599 	 4530.528011 
13  	 2 	 10 	 5.833801 	 0.069069 	 17343.906143 
13  	 2 	 9 	 10.793947 	 0.005893 	 1525.946354 
13  	 2 	 6 	 9.820849 	 0.008600 	 2223.720145 
13  	 2 	 3 	 7.586373 	 0.023967 	 6150.565448 
13  	 2 	 11 	 3.273668 	 0.696549 	 137268.519091 
13  	 2 	 2 	 7.949234 	 0.019623 	 5046.434942 
13  	 2 	 13 	 10.421615 	 0.006653 	 1721.905457 
13  	 2 	 7 	 8.840262 	 0.013099 	 3379.461582 
13  	 2 	 12 	 3.484453 	 0.538522 	 111878.182061 
13  	 2 	 15 	 8.211048 	 0.017599 	 4530.528011 
14  	 2 	 10 	 5.833801 	 0.069069 	 17343.906143 
14  	 2 	 9 	 10.793947 	 0.005893 	 1525.946354 
14  	 2 	 6 	 9.820849 	 0.008600 	 2223.720145 
14  	 2 	 3 	 7.586373 	 0.023967 	 6150.565448 
14  	 2 	 11 	 3.273668 	 0.696549 	 137268.519091 
14  	 2 	 2 	 7.949234 	 0.019623 	 5046.434942 
14  	 2 	 13 	 10.421615 	 0.006653 	 1721.905457 
14  	 2 	 7 	 8.840262 	 0.013099 	 3379.461582 
14  	 2 	 12 	 3.484453 	 0.538522 	 111878.182061 
14  	 2 	 15 	 8.211048 	 0.017599 	 4530.528011 
15  	 2 	 10 	 5.833801 	 0.069069 	 17343.906143 
15  	 2 	 9 	 10.793947 	 0.005893 	 1525.946354 
15  	 2 	 6 	 9.820849 	 0.008600 	 2223.720145 
15  	 2 	 3 	 7.586373 	 0.023967 	 6150.565448 
15  	 2 	 11 	 3.273668 	 0.696549 	 137268.519091 
15  	 2 	 2 	 7.949234 	 0.019623 	 5046.434942 
15  	 2 	 13 	 10.421615 	 0.006653 	 1721.905457 
15  	 2 	 7 	 8.840262 	 0.013099 	 3379.461582 
15  	 2 	 12 	 3.484453 	 0.538522 	 111878.182061 
15  	 2 	 15 	 8.211048 	 0.017599 	 4530.528011 
16  	 2 	 10 	 5.833801 	 0.069069 	 17343.906143 
16  	 2 	 9 	 10.793947 	 0.005893 	 1525.946354 
16  	 2 	 6 	 9.820849 	 0.008600 	 2223.720145 
16  	 2 	 3 	 7.586373 	 0.023967 	 6150.565448 
16  	 2 	 11 	 3.273668 	 0.696549 	 137268.519091 
16  	 2 	 2 	 7.949234 	 0.019623 	 5046.434942 
16  	 2 	 13 	 10.421615 	 0.006653 	 1721.905457 
16  	 2 	 7 	 8.840262 	 0.013099 	 3379.461582 
16  	 2 	 12 	 3.484453 	 0.538522 	 111878.182061 
16  	 2 	 15 	 8.211048 	 0.017599 	 4530.528011 
17  	 2 	 10 	 5.833801 	 0.069069 	 17343.906143 
17  	 2 	 9 	 10.793947 	 0.005893 	 1525.946354 
17  	 2 	 6 	 9.820849 	 0.008600 	 2223.720145 
17  	 2 	 3 	 7.586373 	 0.023967 	 6150.565448 
17  	 2 	 11 	 3.273668 	 0.696549 	 137268.519091 
17  	 2 	 2 	 7.949234 	 0.019623 	 5046.434942 
17  	 2 	 13 	 10.421615 	 0.006653 	 1721.905457 
17  	 2 	 7 	 8.840262 	 0.013099 	 3379.461582 
17  	 2 	 12 	 3.484453 	 0.538522 	 111878.182061 
17  	 2 	 15 	 8.211048 	 0.017599 	 4530.528011 
18  	 2 	 10 	 5.833801 	 0.069069 	 17343.906143 
18  	 2 	 9 	 10.793947 	 0.005893 	 1525.946354 
18  	 2 	 6 	 9.820849 	 0.008600 	 2223.720145 
18  	 2 	 3 	 7.586373 	 0.023967 	 6150.565448 
18  	 2 	 11 	 3.273668 	 0.696549 	 137268.519091 
18  	 2 	 2 	 7.949234 	 0.019623 	 5046.434942 
18  	 2 	 13 	 10.421615 	 0.006653 	 1721.905457 
18  	 2 	 7 	 8.840262 	 0.013099 	 3379.461582 
18  	 2 	 12 	 3.484453 	 0.538522 	 111878.182061 
18  	 2 	 15 	 8.211048 	 0.017599 	 4530.528011 
19  	 2 	 10 	 5.833801 	 0.069069 	 17343.906143 
19  	 2 	 9 	 10.793947 	 0.005893 	 1525.946354 
19  	 2 	 6 	 9.820849 	 0.008600 	 2223.720145 
19  	 2 	 3 	 7.586373 	 0.023967 	 6150.565448 
19  	 2 	 11 	 3.273668 	 0.696549 	 137268.519091 
19  	 2 	 2 	 7.949234 	 0.019623 	 5046.434942 
19  	 2 	 13 	 10.421615 	 0.006653 	 1721.905457 
19  	 2 	 7 	 8.840262 	 0.013099 	 3379.461582 
19  	 2 	 12 	 3.484453 	 0.538522 	 111878.182061 
19  	 2 	 15 	 8.211048 	 0.017599 	 4530.528011 
20  	 2 	 10 	 5.833801 	 0.069069 	 17343.906143 
20  	 2 	 9 	 10.793947 	 0.005893 	 1525.946354 
20  	 2 	 6 	 9.820849 	 0.008600 	 2223.720145 
20  	 2 	 3 	 7.586373 	 0.023967 	 6150.565448 
20  	 2 	 11 	 3.273668 	 0.696549 	 137268.519091 
20  	 2 	 2 	 7.949234 	 0.019623 	 5046.434942 
20  	 2 	 13 	 10.421615 	 0.006653 	 1721.905457 
20  	 2 	 7 	 8.840262 	 0.013099 	 3379.461582 
20  	 2 	 12 	 3.484453 	 0.538522 	 111878.182061 
20  	 2 	 15 	 8.211048 	 0.017599 	 4530.528011 
21  	 2 	 10 	 5.833801 	 0.069069 	 17343.906143 
21  	 2 	 9 	 10.793947 	 0.005893 	 1525.946354 
21  	 2 	 6 	 9.820849 	 0.008600 	 2223.720145 
21  	 2 	 3 	 7.586373 	 0.023967 	 6150.565448 
21  	 2 	 11 	 3.273668 	 0.696549 	 137268.519091 
21  	 2 	 2 	 7.949234 	 0.019623 	 5046.434942 
21  	 2 	 13 	 10.421615 	 0.006653 	 1721.905457 
21  	 2 	 7 	 8.840262 	 0.013099 	 3379.461582 
21  	 2 	 12 	 3.484453 	 0.538522 	 111878.182061 
21  	 2 	 15 	 8.211048 	 0.017599 	 4530.528011 
22  	 2 	 10 	 5.833801 	 0.069069 	 17343.906143 
22  	 2 	 9 	 10.793947 	 0.005893 	 1525.946354 
22  	 2 	 6 	 9.820849 	 0.008600 	 2223.720145 
22  	 2 	 3 	 7.586373 	 0.023967 	 6150.565448 
22  	 2 	 11 	 3.273668 	 0.696549 	 137268.519091 
22  	 2 	 2 	 7.949234 	 0.019623 	 5046.434942 
22  	 2 	 13 	 10.421615 	 0.006653 	 1721.905457 
22  	 2 	 7 	 8.840262 	 0.013099 	 3379.461582 
22  	 2 	 12 	 3.484453 	 0.538522 	 111878.182061 
22  	 2 	 15 	 8.211048 	 0.017599 	 4530.528011 
23  	 2 	 10 	 5.833801 	 0.069069 	 17343.906143 
23  	 2 	 9 	 10.793947 	 0.005893 	 1525.946354 
23  	 2 	 6 	 9.820849 	 0.008600 	 2223.720145 
23  	 2 	 3 	 7.586373 	 0.023967 	 6150.565448 
23  	 2 	 11 	 3.273668 	 0.696549 	 137268.519091 
23  	 2 	 2 	 7.949234 	 0.019623 	 5046.434942 
23  	 2 	 13 	 10.421615 	 0.006653 	 1721.905457 
23  	 2 	 7 	 8.840262 	 0.013099 	 3379.461582 
23  	 2 	 12 	 3.484453 	 0.538522 	 111878.182061 
23  	 2 	 15 	 8.211048 	 0.017599 	 4530.528011 
24  	 2 	 10 	 5.833801 	 0.069069 	 17343.906143 
24  	 2 	 9 	 10.793947 	 0.005893 	 1525.946354 
24  	 2 	 6 	 9.820849 	 0.008600 	 2223.720145 
24  	 2 	 3 	 7.586373 	 0.023967 	 6150.565448 
24  	 2 	 11 	 3.273668 	 0.696549 	 137268.519091 
24  	 2 	 2 	 7.949234 	 0.019623 	 5046.434942 
24  	 2 	 13 	 10.421615 	 0.006653 	 1721.905457 
24  	 2 	 7 	 8.840262 	 0.013099 	 3379.461582 
24  	 2 	 12 	 3.484453 	 0.538522 	 111878.182061 
24  	 2 	 15 	 8.211048 	 0.017599 	 4530.528011 
25  	 2 	 10 	 5.833801 	 0.069069 	 17343.906143 
25  	 2 	 9 	 10.793947 	 0.005893 	 1525.946354 
25  	 2 	 6 	 9.820849 	 0.008600 	 2223.720145 
25  	 2 	 3 	 7.586373 	 0.023967 	 6150.565448 
25  	 2 	 11 	 3.273668 	 0.696549 	 137268.519091 
25  	 2 	 2 	 7.949234 	 0.019623 	 5046.434942 
25  	 2 	 13 	 10.421615 	 0.006653 	 1721.905457 
25  	 2 	 7 	 8.840262 	 0.013099 	 3379.461582 
25  	 2 	 12 	 3.484453 	 0.538522 	 111878.182061 
25  	 2 	 15 	 8.211048 	 0.017599 	 4530.528011 
26  	 2 	 10 	 5.833801 	 0.069069 	 17343.906143 
26  	 2 	 9 	 10.793947 	 0.005893 	 1525.946354 
26  	 2 	 6 	 9.820849 	 0.008600 	 2223.720145 
26  	 2 	 3 	 7.586373 	 0.023967 	 6150.565448 
26  	 2 	 11 	 3.273668 	 0.696549 	 137268.519091 
26  	 2 	 2 	 7.949234 	 0.019623 	 5046.434942 
26  	 2 	 13 	 10.421615 	 0.006653 	 1721.905457 
26  	 2 	 7 	 8.840262 	 0.013099 	 3379.461582 
26  	 2 	 12 	 3.484453 	 0.538522 	 111878.182061 
26  	 2 	 15 	 8.211048 	 0.017599 	 4530.528011 
27  	 2 	 10 	 5.833801 	 0.069069 	 17343.906143 
27  	 2 	 9 	 10.793947 	 0.005893 	 1525.946354 
27  	 2 	 6 	 9.820849 	 0.008600 	 2223.720145 
27  	 2 	 3 	 7.586373 	 0.023967 	 6150.565448 
27  	 2 	 11 	 3.273668 	 0.696549 	 137268.519091 
27  	 2 	 2 	 7.949234 	 0.019623 	 5046.434942 
27  	 2 	 13 	 10.421615 	 0.006653 	 1721.905457 
27  	 2 	 7 	 8.840262 	 0.013099 	 3379.461582 
27  	 2 	 12 	 3.484453 	 0.538522 	 111878.182061 
27  	 2 	 15 	 8.211048 	 0.017599 	 4530.528011 
28  	 2 	 10 	 5.833801 	 0.069069 	 17343.906143 
28  	 2 	 9 	 10.793947 	 0.005893 	 1525.946354 
28  	 2 	 6 	 9.820849 	 0.008600 	 2223.720145 
28  	 2 	 3 	 7.586373 	 0.023967 	 6150.565448 
28  	 2 	 11 	 3.273668 	 0.696549 	 137268.519091 
28  	 2 	 2 	 7.949234 	 0.019623 	 5046.434942 
28  	 2 	 13 	 10.421615 	 0.006653 	 1721.905457 
28  	 2 	 7 	 8.840262 	 0.013099 	 3379.461582 
28  	 2 	 12 	 3.484453 	 0.538522 	 111878.182061 
28  	 2 	 15 	 8.211048 	 0.017599 	 4530.528011 
29  	 2 	 10 	 5.833801 	 0.069069 	 17343.906143 
29  	 2 	 9 	 10.793947 	 0.005893 	 1525.946354 
29  	 2 	 6 	 9.820849 	 0.008600 	 2223.720145 
29  	 2 	 3 	 7.586373 	 0.023967 	 6150.565448 
29  	 2 	 11 	 3.273668 	 0.696549 	 137268.519091 
29  	 2 	 2 	 7.949234 	 0.019623 	 5046.434942 
29  	 2 	 13 	 10.421615 	 0.006653 	 1721.905457 
29  	 2 	 7 	 8.840262 	 0.013099 	 3379.461582 
29  	 2 	 12 	 3.484453 	 0.538522 	 111878.182061 
29  	 2 	 15 	 8.211048 	 0.017599 	 4530.528011 
30  	 2 	 10 	 5.833801 	 0.069069 	 17343.906143 
30  	 2 	 9 	 10.793947 	 0.005893 	 1525.946354 
30  	 2 	 6 	 9.820849 	 0.008600 	 2223.720145 
30  	 2 	 3 	 7.586373 	 0.023967 	 6150.565448 
30  	 2 	 11 	 3.273668 	 0.696549 	 137268.519091 
30  	 2 	 2 	 7.949234 	 0.019623 	 5046.434942 
30  	 2 	 13 	 10.421615 	 0.006653 	 1721.905457 
30  	 2 	 7 	 8.840262 	 0.013099 	 3379.461582 
30  	 2 	 12 	 3.484453 	 0.538522 	 111878.182061 
30  	 2 	 15 	 8.211048 	 0.017599 	 4530.528011 
31  	 2 	 10 	 5.833801 	 0.069069 	 17343.906143 
31  	 2 	 9 	 10.793947 	 0.005893 	 1525.946354 
31  	 2 	 6 	 9.820849 	 0.008600 	 2223.720145 
31  	 2 	 3 	 7.586373 	 0.023967 	 6150.565448 
31  	 2 	 11 	 3.273668 	 0.696549 	 137268.519091 
31  	 2 	 2 	 7.949234 	 0.019623 	 5046.434942 
31  	 2 	 13 	 10.421615 	 0.006653 	 1721.905457 
31  	 2 	 7 	 8.840262 	 0.013099 	 3379.461582 
31  	 2 	 12 	 3.484453 	 0.538522 	 111878.182061 
31  	 2 	 15 	 8.211048 	 0.017599 	 4530.528011 
32  	 2 	 10 	 5.833801 	 0.069069 	 17343.906143 
32  	 2 	 9 	 10.793947 	 0.005893 	 1525.946354 
32  	 2 	 6 	 9.820849 	 0.008600 	 2223.720145 
32  	 2 	 3 	 7.586373 	 0.023967 	 6150.565448 
32  	 2 	 11 	 3.273668 	 0.696549 	 137268.519091 
32  	 2 	 2 	 7.949234 	 0.019623 	 5046.434942 
32  	 2 	 13 	 10.421615 	 0.006653 	 1721.905457 
32  	 2 	 7 	 8.840262 	 0.013099 	 3379.461582 
32  	 2 	 12 	 3.484453 	 0.538522 	 111878.182061 
32  	 2 	 15 	 8.211048 	 0.017599 	 4530.528011 
33  	 2 	 10 	 5.833801 	 0.069069 	 17343.906143 
33  	 2 	 9 	 10.793947 	 0.005893 	 1525.946354 
33  	 2 	 6 	 9.820849 	 0.008600 	 2223.720145 
33  	 2 	 3 	 7.586373 	 0.023967 	 6150.565448 
33  	 2 	 11 	 3.273668 	 0.696549 	 137268.519091 
33  	 2 	 2 	 7.949234 	 0.019623 	 5046.434942 
33  	 2 	 13 	 10.421615 	 0.006653 	 1721.905457 
33  	 2 	 7 	 8.840262 	 0.013099 	 3379.461582 
33  	 2 	 12 	 3.484453 	 0.538522 	 111878.182061 
33  	 2 	 15 	 8.211048 	 0.017599 	 4530.528011 
34  	 2 	 10 	 5.833801 	 0.069069 	 17343.906143 
34  	 2 	 9 	 10.793947 	 0.005893 	 1525.946354 
34  	 2 	 6 	 9.820849 	 0.008600 	 2223.720145 
34  	 2 	 3 	 7.586373 	 0.023967 	 6150.565448 
34  	 2 	 11 	 3.273668 	 0.696549 	 137268.519091 
34  	 2 	 2 	 7.949234 	 0.019623 	 5046.434942 
34  	 2 	 13 	 10.421615 	 0.006653 	 1721.905457 
34  	 2 	 7 	 8.840262 	 0.013099 	 3379.461582 
34  	 2 	 12 	 3.484453 	 0.538522 	 111878.182061 
34  	 2 	 15 	 8.211048 	 0.017599 	 4530.528011 
35  	 2 	 10 	 5.833801 	 0.069069 	 17343.906143 
35  	 2 	 9 	 10.793947 	 0.005893 	 1525.946354 
35  	 2 	 6 	 9.820849 	 0.008600 	 2223.720145 
35  	 2 	 3 	 7.586373 	 0.023967 	 6150.565448 
35  	 2 	 11 	 3.273668 	 0.696549 	 137268.519091 
35  	 2 	 2 	 7.949234 	 0.019623 	 5046.434942 
35  	 2 	 13 	 10.421615 	 0.006653 	 1721.905457 
35  	 2 	 7 	 8.840262 	 0.013099 	 3379.461582 
35  	 2 	 12 	 3.484453 	 0.538522 	 111878.182061 
35  	 2 	 15 	 8.211048 	 0.017599 	 4530.528011 
36  	 2 	 10 	 5.833801 	 0.069069 	 17343.906143 
36  	 2 	 9 	 10.793947 	 0.005893 	 1525.946354 
36  	 2 	 6 	 9.820849 	 0.008600 	 2223.720145 
36  	 2 	 3 	 7.586373 	 0.023967 	 6150.565448 
36  	 2 	 11 	 3.273668 	 0.696549 	 137268.519091 
36  	 2 	 2 	 7.949234 	 0.019623 	 5046.434942 
36  	 2 	 13 	 10.421615 	 0.006653 	 1721.905457 
36  	 2 	 7 	 8.840262 	 0.013099 	 3379.461582 
36  	 2 	 12 	 3.484453 	 0.538522 	 111878.182061 
36  	 2 	 15 	 8.211048 	 0.017599 	 4530.528011 
37  	 2 	 10 	 5.833801 	 0.069069 	 17343.906143 
37  	 2 	 9 	 10.793947 	 0.005893 	 1525.946354 
37  	 2 	 6 	 9.820849 	 0.008600 	 2223.720145 
37  	 2 	 3 	 7.586373 	 0.023967 	 6150.565448 
37  	 2 	 11 	 3.273668 	 0.696549 	 137268.519091 
37  	 2 	 2 	 7.949234 	 0.019623 	 5046.434942 
37  	 2 	 13 	 10.421615 	 0.006653 	 1721.905457 
37  	 2 	 7 	 8.840262 	 0.013099 	 3379.461582 
37  	 2 	 12 	 3.484453 	 0.538522 	 111878.182061 
37  	 2 	 15 	 8.211048 	 0.017599 	 4530.528011 
38  	 2 	 10 	 5.833801 	 0.069069 	 17343.906143 
38  	 2 	 9 	 10.793947 	 0.005893 	 1525.946354 
38  	 2 	 6 	 9.820849 	 0.008600 	 2223.720145 
38  	 2 	 3 	 7.586373 	 0.023967 	 6150.565448 
38  	 2 	 11 	 3.273668 	 0.696549 	 137268.519091 
38  	 2 	 2 	 7.949234 	 0.019623 	 5046.434942 
38  	 2 	 13 	 10.421615 	 0.006653 	 1721.905457 
38  	 2 	 7 	 8.840262 	 0.013099 	 3379.461582 
38  	 2 	 12 	 3.484453 	 0.538522 	 111878.182061 
38  	 2 	 15 	 8.211048 	 0.017599 	 4530.528011 
39  	 2 	 10 	 5.833801 	 0.069069 	 17343.906143 
39  	 2 	 9 	 10.793947 	 0.005893 	 1525.946354 
39  	 2 	 6 	 9.820849 	 0.008600 	 2223.720145 
39  	 2 	 3 	 7.586373 	 0.023967 	 6150.565448 
39  	 2 	 11 	 3.273668 	 0.696549 	 137268.519091 
39  	 2 	 2 	 7.949234 	 0.019623 	 5046.434942 
39  	 2 	 13 	 10.421615 	 0.006653 	 1721.905457 
39  	 2 	 7 	 8.840262 	 0.013099 	 3379.461582 
39  	 2 	 12 	 3.484453 	 0.538522 	 111878.182061 
39  	 2 	 15 	 8.211048 	 0.017599 	 4530.528011 
40  	 2 	 10 	 5.833801 	 0.069069 	 17343.906143 
40  	 2 	 9 	 10.793947 	 0.005893 	 1525.946354 
40  	 2 	 6 	 9.820849 	 0.008600 	 2223.720145 
40  	 2 	 3 	 7.586373 	 0.023967 	 6150.565448 
40  	 2 	 11 	 3.273668 	 0.696549 	 137268.519091 
40  	 2 	 2 	 7.949234 	 0.019623 	 5046.434942 
40  	 2 	 13 	 10.421615 	 0.006653 	 1721.905457 
40  	 2 	 7 	 8.840262 	 0.013099 	 3379.461582 
40  	 2 	 12 	 3.484453 	 0.538522 	 111878.182061 
40  	 2 	 15 	 8.211048 	 0.017599 	 4530.528011 
41  	 2 	 10 	 5.833801 	 0.069069 	 17343.906143 
41  	 2 	 9 	 10.793947 	 0.005893 	 1525.946354 
41  	 2 	 6 	 9.820849 	 0.008600 	 2223.720145 
41  	 2 	 3 	 7.586373 	 0.023967 	 6150.565448 
41  	 2 	 11 	 3.273668 	 0.696549 	 137268.519091 
41  	 2 	 2 	 7.949234 	 0.019623 	 5046.434942 
41  	 2 	 13 	 10.421615 	 0.006653 	 1721.905457 
41  	 2 	 7 	 8.840262 	 0.013099 	 3379.461582 
41  	 2 	 12 	 3.484453 	 0.538522 	 111878.182061 
41  	 2 	 15 	 8.211048 	 0.017599 	 4530.528011 
42  	 2 	 10 	 5.833801 	 0.069069 	 17343.906143 
42  	 2 	 9 	 10.793947 	 0.005893 	 1525.946354 
42  	 2 	 6 	 9.820849 	 0.008600 	 2223.720145 
42  	 2 	 3 	 7.586373 	 0.023967 	 6150.565448 
42  	 2 	 11 	 3.273668 	 0.696549 	 137268.519091 
42  	 2 	 2 	 7.949234 	 0.019623 	 5046.434942 
42  	 2 	 13 	 10.421615 	 0.006653 	 1721.905457 
42  	 2 	 7 	 8.840262 	 0.013099 	 3379.461582 
42  	 2 	 12 	 3.484453 	 0.538522 	 111878.182061 
42  	 2 	 15 	 8.211048 	 0.017599 	 4530.528011 
43  	 2 	 10 	 5.833801 	 0.069069 	 17343.906143 
43  	 2 	 9 	 10.793947 	 0.005893 	 1525.946354 
43  	 2 	 6 	 9.820849 	 0.008600 	 2223.720145 
43  	 2 	 3 	 7.586373 	 0.023967 	 6150.565448 
43  	 2 	 11 	 3.273668 	 0.696549 	 137268.519091 
43  	 2 	 2 	 7.949234 	 0.019623 	 5046.434942 
43  	 2 	 13 	 10.421615 	 0.006653 	 1721.905457 
43  	 2 	 7 	 8.840262 	 0.013099 	 3379.461582 
43  	 2 	 12 	 3.484453 	 0.538522 	 111878.182061 
43  	 2 	 15 	 8.211048 	 0.017599 	 4530.528011 
44  	 2 	 10 	 5.833801 	 0.069069 	 17343.906143 
44  	 2 	 9 	 10.793947 	 0.005893 	 1525.946354 
44  	 2 	 6 	 9.820849 	 0.008600 	 2223.720145 
44  	 2 	 3 	 7.586373 	 0.023967 	 6150.565448 
44  	 2 	 11 	 3.273668 	 0.696549 	 137268.519091 
44  	 2 	 2 	 7.949234 	 0.019623 	 5046.434942 
44  	 2 	 13 	 10.421615 	 0.006653 	 1721.905457 
44  	 2 	 7 	 8.840262 	 0.013099 	 3379.461582 
44  	 2 	 12 	 3.484453 	 0.538522 	 111878.182061 
44  	 2 	 15 	 8.211048 	 0.017599 	 4530.528011 
45  	 2 	 10 	 5.833801 	 0.069069 	 17343.906143 
45  	 2 	 9 	 10.793947 	 0.005893 	 1525.946354 
45  	 2 	 6 	 9.820849 	 0.008600 	 2223.720145 
45  	 2 	 3 	 7.586373 	 0.023967 	 6150.565448 
45  	 2 	 11 	 3.273668 	 0.696549 	 137268.519091 
45  	 2 	 2 	 7.949234 	 0.019623 	 5046.434942 
45  	 2 	 13 	 10.421615 	 0.006653 	 1721.905457 
45  	 2 	 7 	 8.840262 	 0.013099 	 3379.461582 
45  	 2 	 12 	 3.484453 	 0.538522 	 111878.182061 
45  	 2 	 15 	 8.211048 	 0.017599 	 4530.528011 
46  	 2 	 10 	 5.833801 	 0.069069 	 17343.906143 
46  	 2 	 9 	 10.793947 	 0.005893 	 1525.946354 
46  	 2 	 6 	 9.820849 	 0.008600 	 2223.720145 
46  	 2 	 3 	 7.586373 	 0.023967 	 6150.565448 
46  	 2 	 11 	 3.273668 	 0.696549 	 137268.519091 
46  	 2 	 2 	 7.949234 	 0.019623 	 5046.434942 
46  	 2 	 13 	 10.421615 	 0.006653 	 1721.905457 
46  	 2 	 7 	 8.840262 	 0.013099 	 3379.461582 
46  	 2 	 12 	 3.484453 	 0.538522 	 111878.182061 
46  	 2 	 15 	 8.211048 	 0.017599 	 4530.528011 
47  	 2 	 10 	 5.833801 	 0.069069 	 17343.906143 
47  	 2 	 9 	 10.793947 	 0.005893 	 1525.946354 
47  	 2 	 6 	 9.820849 	 0.008600 	 2223.720145 
47  	 2 	 3 	 7.586373 	 0.023967 	 6150.565448 
47  	 2 	 11 	 3.273668 	 0.696549 	 137268.519091 
47  	 2 	 2 	 7.949234 	 0.019623 	 5046.434942 
47  	 2 	 13 	 10.421615 	 0.006653 	 1721.905457 
47  	 2 	 7 	 8.840262 	 0.013099 	 3379.461582 
47  	 2 	 12 	 3.484453 	 0.538522 	 111878.182061 
47  	 2 	 15 	 8.211048 	 0.017599 	 4530.528011 
48  	 2 	 10 	 5.833801 	 0.069069 	 17343.906143 
48  	 2 	 9 	 10.793947 	 0.005893 	 1525.946354 
48  	 2 	 6 	 9.820849 	 0.008600 	 2223.720145 
48  	 2 	 3 	 7.586373 	 0.023967 	 6150.565448 
48  	 2 	 11 	 3.273668 	 0.696549 	 137268.519091 
48  	 2 	 2 	 7.949234 	 0.019623 	 5046.434942 
48  	 2 	 13 	 10.421615 	 0.006653 	 1721.905457 
48  	 2 	 7 	 8.840262 	 0.013099 	 3379.461582 
48  	 2 	 12 	 3.484453 	 0.538522 	 111878.182061 
48  	 2 	 15 	 8.211048 	 0.017599 	 4530.528011 
49  	 2 	 10 	 5.833801 	 0.069069 	 17343.906143 
49  	 2 	 9 	 10.793947 	 0.005893 	 1525.946354 
49  	 2 	 6 	 9.820849 	 0.008600 	 2223.720145 
49  	 2 	 3 	 7.586373 	 0.023967 	 6150.565448 
49  	 2 	 11 	 3.273668 	 0.696549 	 137268.519091 
49  	 2 	 2 	 7.949234 	 0.019623 	 5046.434942 
49  	 2 	 13 	 10.421615 	 0.006653 	 1721.905457 
49  	 2 	 7 	 8.840262 	 0.013099 	 3379.461582 
49  	 2 	 12 	 3.484453 	 0.538522 	 111878.182061 
49  	 2 	 15 	 8.211048 	 0.017599 	 4530.528011 
50  	 2 	 10 	 5.833801 	 0.069069 	 17343.906143 
50  	 2 	 9 	 10.793947 	 0.005893 	 1525.946354 
50  	 2 	 6 	 9.820849 	 0.008600 	 2223.720145 
50  	 2 	 3 	 7.586373 	 0.023967 	 6150.565448 
50  	 2 	 11 	 3.273668 	 0.696549 	 137268.519091 
50  	 2 	 2 	 7.949234 	 0.019623 	 5046.434942 
50  	 2 	 13 	 10.421615 	 0.006653 	 1721.905457 
50  	 2 	 7 	 8.840262 	 0.013099 	 3379.461582 
50  	 2 	 12 	 3.484453 	 0.538522 	 111878.182061 
50  	 2 	 15 	 8.211048 	 0.017599 	 4530.528011 
51  	 2 	 10 	 5.833801 	 0.069069 	 17343.906143 
51  	 2 	 9 	 10.793947 	 0.005893 	 1525.946354 
51  	 2 	 6 	 9.820849 	 0.008600 	 2223.720145 
51  	 2 	 3 	 7.586373 	 0.023967 	 6150.565448 
51  	 2 	 11 	 3.273668 	 0.696549 	 137268.519091 
51  	 2 	 2 	 7.949234 	 0.019623 	 5046.434942 
51  	 2 	 13 	 10.421615 	 0.006653 	 1721.905457 
51  	 2 	 7 	 8.840262 	 0.013099 	 3379.461582 
51  	 2 	 12 	 3.484453 	 0.538522 	 111878.182061 
51  	 2 	 15 	 8.211048 	 0.017599 	 4530.528011 
52  	 2 	 10 	 5.833801 	 0.069069 	 17343.906143 
52  	 2 	 9 	 10.793947 	 0.005893 	 1525.946354 
52  	 2 	 6 	 9.820849 	 0.008600 	 2223.720145 
52  	 2 	 3 	 7.586373 	 0.023967 	 6150.565448 
52  	 2 	 11 	 3.273668 	 0.696549 	 137268.519091 
52  	 2 	 2 	 7.949234 	 0.019623 	 5046.434942 
52  	 2 	 13 	 10.421615 	 0.006653 	 1721.905457 
52  	 2 	 7 	 8.840262 	 0.013099 	 3379.461582 
52  	 2 	 12 	 3.484453 	 0.538522 	 111878.182061 
52  	 2 	 15 	 8.211048 	 0.017599 	 4530.528011 
53  	 2 	 10 	 5.833801 	 0.069069 	 17343.906143 
53  	 2 	 9 	 10.793947 	 0.005893 	 1525.946354 
53  	 2 	 6 	 9.820849 	 0.008600 	 2223.720145 
53  	 2 	 3 	 7.586373 	 0.023967 	 6150.565448 
53  	 2 	 11 	 3.273668 	 0.696549 	 137268.519091 
53  	 2 	 2 	 7.949234 	 0.019623 	 5046.434942 
53  	 2 	 13 	 10.421615 	 0.006653 	 1721.905457 
53  	 2 	 7 	 8.840262 	 0.013099 	 3379.461582 
53  	 2 	 12 	 3.484453 	 0.538522 	 111878.182061 
53  	 2 	 15 	 8.211048 	 0.017599 	 4530.528011 
54  	 2 	 10 	 5.833801 	 0.069069 	 17343.906143 
54  	 2 	 9 	 10.793947 	 0.005893 	 1525.946354 
54  	 2 	 6 	 9.820849 	 0.008600 	 2223.720145 
54  	 2 	 3 	 7.586373 	 0.023967 	 6150.565448 
54  	 2 	 11 	 3.273668 	 0.696549 	 137268.519091 
54  	 2 	 2 	 7.949234 	 0.019623 	 5046.434942 
54  	 2 	 13 	 10.421615 	 0.006653 	 1721.905457 
54  	 2 	 7 	 8.840262 	 0.013099 	 3379.461582 
54  	 2 	 12 	 3.484453 	 0.538522 	 111878.182061 
54  	 2 	 15 	 8.211048 	 0.017599 	 4530.528011 
55  	 2 	 10 	 5.833801 	 0.069069 	 17343.906143 
55  	 2 	 9 	 10.793947 	 0.005893 	 1525.946354 
55  	 2 	 6 	 9.820849 	 0.008600 	 2223.720145 
55  	 2 	 3 	 7.586373 	 0.023967 	 6150.565448 
55  	 2 	 11 	 3.273668 	 0.696549 	 137268.519091 
55  	 2 	 2 	 7.949234 	 0.019623 	 5046.434942 
55  	 2 	 13 	 10.421615 	 0.006653 	 1721.905457 
55  	 2 	 7 	 8.840262 	 0.013099 	 3379.461582 
55  	 2 	 12 	 3.484453 	 0.538522 	 111878.182061 
55  	 2 	 15 	 8.211048 	 0.017599 	 4530.528011 
56  	 2 	 10 	 5.833801 	 0.069069 	 17343.906143 
56  	 2 	 9 	 10.793947 	 0.005893 	 1525.946354 
56  	 2 	 6 	 9.820849 	 0.008600 	 2223.720145 
56  	 2 	 3 	 7.586373 	 0.023967 	 6150.565448 
56  	 2 	 11 	 3.273668 	 0.696549 	 137268.519091 
56  	 2 	 2 	 7.949234 	 0.019623 	 5046.434942 
56  	 2 	 13 	 10.421615 	 0.006653 	 1721.905457 
56  	 2 	 7 	 8.840262 	 0.013099 	 3379.461582 
56  	 2 	 12 	 3.484453 	 0.538522 	 111878.182061 
56  	 2 	 15 	 8.211048 	 0.017599 	 4530.528011 
57  	 2 	 10 	 5.833801 	 0.069069 	 17343.906143 
57  	 2 	 9 	 10.793947 	 0.005893 	 1525.946354 
57  	 2 	 6 	 9.820849 	 0.008600 	 2223.720145 
57  	 2 	 3 	 7.586373 	 0.023967 	 6150.565448 
57  	 2 	 11 	 3.273668 	 0.696549 	 137268.519091 
57  	 2 	 2 	 7.949234 	 0.019623 	 5046.434942 
57  	 2 	 13 	 10.421615 	 0.006653 	 1721.905457 
57  	 2 	 7 	 8.840262 	 0.013099 	 3379.461582 
57  	 2 	 12 	 3.484453 	 0.538522 	 111878.182061 
57  	 2 	 15 	 8.211048 	 0.017599 	 4530.528011 
58  	 2 	 10 	 5.833801 	 0.069069 	 17343.906143 
58  	 2 	 9 	 10.793947 	 0.005893 	 1525.946354 
58  	 2 	 6 	 9.820849 	 0.008600 	 2223.720145 
58  	 2 	 3 	 7.586373 	 0.023967 	 6150.565448 
58  	 2 	 11 	 3.273668 	 0.696549 	 137268.519091 
58  	 2 	 2 	 7.949234 	 0.019623 	 5046.434942 
58  	 2 	 13 	 10.421615 	 0.006653 	 1721.905457 
58  	 2 	 7 	 8.840262 	 0.013099 	 3379.461582 
58  	 2 	 12 	 3.484453 	 0.538522 	 111878.182061 
58  	 2 	 15 	 8.211048 	 0.017599 	 4530.528011 
59  	 2 	 10 	 5.833801 	 0.069069 	 17343.906143 
59  	 2 	 9 	 10.793947 	 0.005893 	 1525.946354 
59  	 2 	 6 	 9.820849 	 0.008600 	 2223.720145 
59  	 2 	 3 	 7.586373 	 0.023967 	 6150.565448 
59  	 2 	 11 	 3.273668 	 0.696549 	 137268.519091 
59  	 2 	 2 	 7.949234 	 0.019623 	 5046.434942 
59  	 2 	 13 	 10.421615 	 0.006653 	 1721.905457 
59  	 2 	 7 	 8.840262 	 0.013099 	 3379.461582 
59  	 2 	 12 	 3.484453 	 0.538522 	 111878.182061 
59  	 2 	 15 	 8.211048 	 0.017599 	 4530.528011 
60  	 2 	 10 	 5.833801 	 0.069069 	 17343.906143 
60  	 2 	 9 	 10.793947 	 0.005893 	 1525.946354 
60  	 2 	 6 	 9.820849 	 0.008600 	 2223.720145 
60  	 2 	 3 	 7.586373 	 0.023967 	 6150.565448 
60  	 2 	 11 	 3.273668 	 0.696549 	 137268.519091 
60  	 2 	 2 	 7.949234 	 0.019623 	 5046.434942 
60  	 2 	 13 	 10.421615 	 0.006653 	 1721.905457 
60  	 2 	 7 	 8.840262 	 0.013099 	 3379.461582 
60  	 2 	 12 	 3.484453 	 0.538522 	 111878.182061 
60  	 2 	 15 	 8.211048 	 0.017599 	 4530.528011 
61  	 2 	 10 	 5.833801 	 0.069069 	 17343.906143 
61  	 2 	 9 	 10.793947 	 0.005893 	 1525.946354 
61  	 2 	 6 	 9.820849 	 0.008600 	 2223.720145 
61  	 2 	 3 	 7.586373 	 0.023967 	 6150.565448 
61  	 2 	 11 	 3.273668 	 0.696549 	 137268.519091 
61  	 2 	 2 	 7.949234 	 0.019623 	 5046.434942 
61  	 2 	 13 	 10.421615 	 0.006653 	 1721.905457 
61  	 2 	 7 	 8.840262 	 0.013099 	 3379.461582 
61  	 2 	 12 	 3.484453 	 0.538522 	 111878.182061 
61  	 2 	 15 	 8.211048 	 0.017599 	 4530.528011 
62  	 2 	 10 	 5.833801 	 0.069069 	 17343.906143 
62  	 2 	 9 	 10.793947 	 0.005893 	 1525.946354 
62  	 2 	 6 	 9.820849 	 0.008600 	 2223.720145 
62  	 2 	 3 	 7.586373 	 0.023967 	 6150.565448 
62  	 2 	 11 	 3.273668 	 0.696549 	 137268.519091 
62  	 2 	 2 	 7.949234 	 0.019623 	 5046.434942 
62  	 2 	 13 	 10.421615 	 0.006653 	 1721.905457 
62  	 2 	 7 	 8.840262 	 0.013099 	 3379.461582 
62  	 2 	 12 	 3.484453 	 0.538522 	 111878.182061 
62  	 2 	 15 	 8.211048 	 0.017599 	 4530.528011 
63  	 2 	 10 	 5.833801 	 0.069069 	 17343.906143 
63  	 2 	 9 	 10.793947 	 0.005893 	 1525.946354 
63  	 2 	 6 	 9.820849 	 0.008600 	 2223.720145 
63  	 2 	 3 	 7.586373 	 0.023967 	 6150.565448 
63  	 2 	 11 	 3.273668 	 0.696549 	 137268.519091 
63  	 2 	 2 	 7.949234 	 0.019623 	 5046.434942 
63  	 2 	 13 	 10.421615 	 0.006653 	 1721.905457 
63  	 2 	 7 	 8.840262 	 0.013099 	 3379.461582 
63  	 2 	 12 	 3.484453 	 0.538522 	 111878.182061 
63  	 2 	 15 	 8.211048 	 0.017599 	 4530.528011 
64  	 2 	 10 	 5.833801 	 0.069069 	 17343.906143 
64  	 2 	 9 	 10.793947 	 0.005893 	 1525.946354 
64  	 2 	 6 	 9.820849 	 0.008600 	 2223.720145 
64  	 2 	 3 	 7.586373 	 0.023967 	 6150.565448 
64  	 2 	 11 	 3.273668 	 0.696549 	 137268.519091 
64  	 2 	 2 	 7.949234 	 0.019623 	 5046.434942 
64  	 2 	 13 	 10.421615 	 0.006653 	 1721.905457 
64  	 2 	 7 	 8.840262 	 0.013099 	 3379.461582 
64  	 2 	 12 	 3.484453 	 0.538522 	 111878.182061 
64  	 2 	 15 	 8.211048 	 0.017599 	 4530.528011 
65  	 2 	 10 	 5.833801 	 0.069069 	 17343.906143 
65  	 2 	 9 	 10.793947 	 0.005893 	 1525.946354 
65  	 2 	 6 	 9.820849 	 0.008600 	 2223.720145 
65  	 2 	 3 	 7.586373 	 0.023967 	 6150.565448 
65  	 2 	 11 	 3.273668 	 0.696549 	 137268.519091 
65  	 2 	 2 	 7.949234 	 0.019623 	 5046.434942 
65  	 2 	 13 	 10.421615 	 0.006653 	 1721.905457 
65  	 2 	 7 	 8.840262 	 0.013099 	 3379.461582 
65  	 2 	 12 	 3.484453 	 0.538522 	 111878.182061 
65  	 2 	 15 	 8.211048 	 0.017599 	 4530.528011 
66  	 2 	 10 	 5.833801 	 0.069069 	 17343.906143 
66  	 2 	 9 	 10.793947 	 0.005893 	 1525.946354 
66  	 2 	 6 	 9.820849 	 0.008600 	 2223.720145 
66  	 2 	 3 	 7.586373 	 0.023967 	 6150.565448 
66  	 2 	 11 	 3.273668 	 0.696549 	 137268.519091 
66  	 2 	 2 	 7.949234 	 0.019623 	 5046.434942 
66  	 2 	 13 	 10.421615 	 0.006653 	 1721.905457 
66  	 2 	 7 	 8.840262 	 0.013099 	 3379.461582 
66  	 2 	 12 	 3.484453 	 0.538522 	 111878.182061 
66  	 2 	 15 	 8.211048 	 0.017599 	 4530.528011 
67  	 2 	 10 	 5.833801 	 0.069069 	 17343.906143 
67  	 2 	 9 	 10.793947 	 0.005893 	 1525.946354 
67  	 2 	 6 	 9.820849 	 0.008600 	 2223.720145 
67  	 2 	 3 	 7.586373 	 0.023967 	 6150.565448 
67  	 2 	 11 	 3.273668 	 0.696549 	 137268.519091 
67  	 2 	 2 	 7.949234 	 0.019623 	 5046.434942 
67  	 2 	 13 	 10.421615 	 0.006653 	 1721.905457 
67  	 2 	 7 	 8.840262 	 0.013099 	 3379.461582 
67  	 2 	 12 	 3.484453 	 0.538522 	 111878.182061 
67  	 2 	 15 	 8.211048 	 0.017599 	 4530.528011 
68  	 2 	 10 	 5.833801 	 0.069069 	 17343.906143 
68  	 2 	 9 	 10.793947 	 0.005893 	 1525.946354 
68  	 2 	 6 	 9.820849 	 0.008600 	 2223.720145 
68  	 2 	 3 	 7.586373 	 0.023967 	 6150.565448 
68  	 2 	 11 	 3.273668 	 0.696549 	 137268.519091 
68  	 2 	 2 	 7.949234 	 0.019623 	 5046.434942 
68  	 2 	 13 	 10.421615 	 0.006653 	 1721.905457 
68  	 2 	 7 	 8.840262 	 0.013099 	 3379.461582 
68  	 2 	 12 	 3.484453 	 0.538522 	 111878.182061 
68  	 2 	 15 	 8.211048 	 0.017599 	 4530.528011 
69  	 2 	 10 	 5.833801 	 0.069069 	 17343.906143 
69  	 2 	 9 	 10.793947 	 0.005893 	 1525.946354 
69  	 2 	 6 	 9.820849 	 0.008600 	 2223.720145 
69  	 2 	 3 	 7.586373 	 0.023967 	 6150.565448 
69  	 2 	 11 	 3.273668 	 0.696549 	 137268.519091 
69  	 2 	 2 	 7.949234 	 0.019623 	 5046.434942 
69  	 2 	 13 	 10.421615 	 0.006653 	 1721.905457 
69  	 2 	 7 	 8.840262 	 0.013099 	 3379.461582 
69  	 2 	 12 	 3.484453 	 0.538522 	 111878.182061 
69  	 2 	 15 	 8.211048 	 0.017599 	 4530.528011 
70  	 2 	 10 	 5.833801 	 0.069069 	 17343.906143 
70  	 2 	 9 	 10.793947 	 0.005893 	 1525.946354 
70  	 2 	 6 	 9.820849 	 0.008600 	 2223.720145 
70  	 2 	 3 	 7.586373 	 0.023967 	 6150.565448 
70  	 2 	 11 	 3.273668 	 0.696549 	 137268.519091 
70  	 2 	 2 	 7.949234 	 0.019623 	 5046.434942 
70  	 2 	 13 	 10.421615 	 0.006653 	 1721.905457 
70  	 2 	 7 	 8.840262 	 0.013099 	 3379.461582 
70  	 2 	 12 	 3.484453 	 0.538522 	 111878.182061 
70  	 2 	 15 	 8.211048 	 0.017599 	 4530.528011 
71  	 2 	 10 	 5.833801 	 0.069069 	 17343.906143 
71  	 2 	 9 	 10.793947 	 0.005893 	 1525.946354 
71  	 2 	 6 	 9.820849 	 0.008600 	 2223.720145 
71  	 2 	 3 	 7.586373 	 0.023967 	 6150.565448 
71  	 2 	 11 	 3.273668 	 0.696549 	 137268.519091 
71  	 2 	 2 	 7.949234 	 0.019623 	 5046.434942 
71  	 2 	 13 	 10.421615 	 0.006653 	 1721.905457 
71  	 2 	 7 	 8.840262 	 0.013099 	 3379.461582 
71  	 2 	 12 	 3.484453 	 0.538522 	 111878.182061 
71  	 2 	 15 	 8.211048 	 0.017599 	 4530.528011 
72  	 2 	 10 	 5.833801 	 0.069069 	 17343.906143 
72  	 2 	 9 	 10.793947 	 0.005893 	 1525.946354 
72  	 2 	 6 	 9.820849 	 0.008600 	 2223.720145 
72  	 2 	 3 	 7.586373 	 0.023967 	 6150.565448 
72  	 2 	 11 	 3.273668 	 0.696549 	 137268.519091 
72  	 2 	 2 	 7.949234 	 0.019623 	 5046.434942 
72  	 2 	 13 	 10.421615 	 0.006653 	 1721.905457 
72  	 2 	 7 	 8.840262 	 0.013099 	 3379.461582 
72  	 2 	 12 	 3.484453 	 0.538522 	 111878.182061 
72  	 2 	 15 	 8.211048 	 0.017599 	 4530.528011 
73  	 2 	 10 	 5.833801 	 0.069069 	 17343.906143 
73  	 2 	 9 	 10.793947 	 0.005893 	 1525.946354 
73  	 2 	 6 	 9.820849 	 0.008600 	 2223.720145 
73  	 2 	 3 	 7.586373 	 0.023967 	 6150.565448 
73  	 2 	 11 	 3.273668 	 0.696549 	 137268.519091 
73  	 2 	 2 	 7.949234 	 0.019623 	 5046.434942 
73  	 2 	 13 	 10.421615 	 0.006653 	 1721.905457 
73  	 2 	 7 	 8.840262 	 0.013099 	 3379.461582 
73  	 2 	 12 	 3.484453 	 0.538522 	 111878.182061 
73  	 2 	 15 	 8.211048 	 0.017599 	 4530.528011 
74  	 2 	 10 	 5.833801 	 0.069069 	 17343.906143 
74  	 2 	 9 	 10.793947 	 0.005893 	 1525.946354 
74  	 2 	 6 	 9.820849 	 0.008600 	 2223.720145 
74  	 2 	 3 	 7.586373 	 0.023967 	 6150.565448 
74  	 2 	 11 	 3.273668 	 0.696549 	 137268.519091 
74  	 2 	 2 	 7.949234 	 0.019623 	 5046.434942 
74  	 2 	 13 	 10.421615 	 0.006653 	 1721.905457 
74  	 2 	 7 	 8.840262 	 0.013099 	 3379.461582 
74  	 2 	 12 	 3.484453 	 0.538522 	 111878.182061 
74  	 2 	 15 	 8.211048 	 0.017599 	 4530.528011 
75  	 2 	 10 	 5.833801 	 0.069069 	 17343.906143 
75  	 2 	 9 	 10.793947 	 0.005893 	 1525.946354 
75  	 2 	 6 	 9.820849 	 0.008600 	 2223.720145 
75  	 2 	 3 	 7.586373 	 0.023967 	 6150.565448 
75  	 2 	 11 	 3.273668 	 0.696549 	 137268.519091 
75  	 2 	 2 	 7.949234 	 0.019623 	 5046.434942 
75  	 2 	 13 	 10.421615 	 0.006653 	 1721.905457 
75  	 2 	 7 	 8.840262 	 0.013099 	 3379.461582 
75  	 2 	 12 	 3.484453 	 0.538522 	 111878.182061 
75  	 2 	 15 	 8.211048 	 0.017599 	 4530.528011 
76  	 2 	 10 	 5.833801 	 0.069069 	 17343.906143 
76  	 2 	 9 	 10.793947 	 0.005893 	 1525.946354 
76  	 2 	 6 	 9.820849 	 0.008600 	 2223.720145 
76  	 2 	 3 	 7.586373 	 0.023967 	 6150.565448 
76  	 2 	 11 	 3.273668 	 0.696549 	 137268.519091 
76  	 2 	 2 	 7.949234 	 0.019623 	 5046.434942 
76  	 2 	 13 	 10.421615 	 0.006653 	 1721.905457 
76  	 2 	 7 	 8.840262 	 0.013099 	 3379.461582 
76  	 2 	 12 	 3.484453 	 0.538522 	 111878.182061 
76  	 2 	 15 	 8.211048 	 0.017599 	 4530.528011 
77  	 2 	 10 	 5.833801 	 0.069069 	 17343.906143 
77  	 2 	 9 	 10.793947 	 0.005893 	 1525.946354 
77  	 2 	 6 	 9.820849 	 0.008600 	 2223.720145 
77  	 2 	 3 	 7.586373 	 0.023967 	 6150.565448 
77  	 2 	 11 	 3.273668 	 0.696549 	 137268.519091 
77  	 2 	 2 	 7.949234 	 0.019623 	 5046.434942 
77  	 2 	 13 	 10.421615 	 0.006653 	 1721.905457 
77  	 2 	 7 	 8.840262 	 0.013099 	 3379.461582 
77  	 2 	 12 	 3.484453 	 0.538522 	 111878.182061 
77  	 2 	 15 	 8.211048 	 0.017599 	 4530.528011 
78  	 2 	 10 	 5.833801 	 0.069069 	 17343.906143 
78  	 2 	 9 	 10.793947 	 0.005893 	 1525.946354 
78  	 2 	 6 	 9.820849 	 0.008600 	 2223.720145 
78  	 2 	 3 	 7.586373 	 0.023967 	 6150.565448 
78  	 2 	 11 	 3.273668 	 0.696549 	 137268.519091 
78  	 2 	 2 	 7.949234 	 0.019623 	 5046.434942 
78  	 2 	 13 	 10.421615 	 0.006653 	 1721.905457 
78  	 2 	 7 	 8.840262 	 0.013099 	 3379.461582 
78  	 2 	 12 	 3.484453 	 0.538522 	 111878.182061 
78  	 2 	 15 	 8.211048 	 0.017599 	 4530.528011 
79  	 2 	 10 	 5.833801 	 0.069069 	 17343.906143 
79  	 2 	 9 	 10.793947 	 0.005893 	 1525.946354 
79  	 2 	 6 	 9.820849 	 0.008600 	 2223.720145 
79  	 2 	 3 	 7.586373 	 0.023967 	 6150.565448 
79  	 2 	 11 	 3.273668 	 0.696549 	 137268.519091 
79  	 2 	 2 	 7.949234 	 0.019623 	 5046.434942 
79  	 2 	 13 	 10.421615 	 0.006653 	 1721.905457 
79  	 2 	 7 	 8.840262 	 0.013099 	 3379.461582 
79  	 2 	 12 	 3.484453 	 0.538522 	 111878.182061 
79  	 2 	 15 	 8.211048 	 0.017599 	 4530.528011 
80  	 2 	 10 	 5.833801 	 0.069069 	 17343.906143 
80  	 2 	 9 	 10.793947 	 0.005893 	 1525.946354 
80  	 2 	 6 	 9.820849 	 0.008600 	 2223.720145 
80  	 2 	 3 	 7.586373 	 0.023967 	 6150.565448 
80  	 2 	 11 	 3.273668 	 0.696549 	 137268.519091 
80  	 2 	 2 	 7.949234 	 0.019623 	 5046.434942 
80  	 2 	 13 	 10.421615 	 0.006653 	 1721.905457 
80  	 2 	 7 	 8.840262 	 0.013099 	 3379.461582 
80  	 2 	 12 	 3.484453 	 0.538522 	 111878.182061 
80  	 2 	 15 	 8.211048 	 0.017599 	 4530.528011 
81  	 2 	 10 	 5.833801 	 0.069069 	 17343.906143 
81  	 2 	 9 	 10.793947 	 0.005893 	 1525.946354 
81  	 2 	 6 	 9.820849 	 0.008600 	 2223.720145 
81  	 2 	 3 	 7.586373 	 0.023967 	 6150.565448 
81  	 2 	 11 	 3.273668 	 0.696549 	 137268.519091 
81  	 2 	 2 	 7.949234 	 0.019623 	 5046.434942 
81  	 2 	 13 	 10.421615 	 0.006653 	 1721.905457 
81  	 2 	 7 	 8.840262 	 0.013099 	 3379.461582 
81  	 2 	 12 	 3.484453 	 0.538522 	 111878.182061 
81  	 2 	 15 	 8.211048 	 0.017599 	 4530.528011 
82  	 2 	 10 	 5.833801 	 0.069069 	 17343.906143 
82  	 2 	 9 	 10.793947 	 0.005893 	 1525.946354 
82  	 2 	 6 	 9.820849 	 0.008600 	 2223.720145 
82  	 2 	 3 	 7.586373 	 0.023967 	 6150.565448 
82  	 2 	 11 	 3.273668 	 0.696549 	 137268.519091 
82  	 2 	 2 	 7.949234 	 0.019623 	 5046.434942 
82  	 2 	 13 	 10.421615 	 0.006653 	 1721.905457 
82  	 2 	 7 	 8.840262 	 0.013099 	 3379.461582 
82  	 2 	 12 	 3.484453 	 0.538522 	 111878.182061 
82  	 2 	 15 	 8.211048 	 0.017599 	 4530.528011 
83  	 2 	 10 	 5.833801 	 0.069069 	 17343.906143 
83  	 2 	 9 	 10.793947 	 0.005893 	 1525.946354 
83  	 2 	 6 	 9.820849 	 0.008600 	 2223.720145 
83  	 2 	 3 	 7.586373 	 0.023967 	 6150.565448 
83  	 2 	 11 	 3.273668 	 0.696549 	 137268.519091 
83  	 2 	 2 	 7.949234 	 0.019623 	 5046.434942 
83  	 2 	 13 	 10.421615 	 0.006653 	 1721.905457 
83  	 2 	 7 	 8.840262 	 0.013099 	 3379.461582 
83  	 2 	 12 	 3.484453 	 0.538522 	 111878.182061 
83  	 2 	 15 	 8.211048 	 0.017599 	 4530.528011 
84  	 2 	 10 	 5.833801 	 0.069069 	 17343.906143 
84  	 2 	 9 	 10.793947 	 0.005893 	 1525.946354 
84  	 2 	 6 	 9.820849 	 0.008600 	 2223.720145 
84  	 2 	 3 	 7.586373 	 0.023967 	 6150.565448 
84  	 2 	 11 	 3.273668 	 0.696549 	 137268.519091 
84  	 2 	 2 	 7.949234 	 0.019623 	 5046.434942 
84  	 2 	 13 	 10.421615 	 0.006653 	 1721.905457 
84  	 2 	 7 	 8.840262 	 0.013099 	 3379.461582 
84  	 2 	 12 	 3.484453 	 0.538522 	 111878.182061 
84  	 2 	 15 	 8.211048 	 0.017599 	 4530.528011 
85  	 2 	 10 	 5.833801 	 0.069069 	 17343.906143 
85  	 2 	 9 	 10.793947 	 0.005893 	 1525.946354 
85  	 2 	 6 	 9.820849 	 0.008600 	 2223.720145 
85  	 2 	 3 	 7.586373 	 0.023967 	 6150.565448 
85  	 2 	 11 	 3.273668 	 0.696549 	 137268.519091 
85  	 2 	 2 	 7.949234 	 0.019623 	 5046.434942 
85  	 2 	 13 	 10.421615 	 0.006653 	 1721.905457 
85  	 2 	 7 	 8.840262 	 0.013099 	 3379.461582 
85  	 2 	 12 	 3.484453 	 0.538522 	 111878.182061 
85  	 2 	 15 	 8.211048 	 0.017599 	 4530.528011 
86  	 2 	 10 	 5.833801 	 0.069069 	 17343.906143 
86  	 2 	 9 	 10.793947 	 0.005893 	 1525.946354 
86  	 2 	 6 	 9.820849 	 0.008600 	 2223.720145 
86  	 2 	 3 	 7.586373 	 0.023967 	 6150.565448 
86  	 2 	 11 	 3.273668 	 0.696549 	 137268.519091 
86  	 2 	 2 	 7.949234 	 0.019623 	 5046.434942 
86  	 2 	 13 	 10.421615 	 0.006653 	 1721.905457 
86  	 2 	 7 	 8.840262 	 0.013099 	 3379.461582 
86  	 2 	 12 	 3.484453 	 0.538522 	 111878.182061 
86  	 2 	 15 	 8.211048 	 0.017599 	 4530.528011 
87  	 2 	 10 	 5.833801 	 0.069069 	 17343.906143 
87  	 2 	 9 	 10.793947 	 0.005893 	 1525.946354 
87  	 2 	 6 	 9.820849 	 0.008600 	 2223.720145 
87  	 2 	 3 	 7.586373 	 0.023967 	 6150.565448 
87  	 2 	 11 	 3.273668 	 0.696549 	 137268.519091 
87  	 2 	 2 	 7.949234 	 0.019623 	 5046.434942 
87  	 2 	 13 	 10.421615 	 0.006653 	 1721.905457 
87  	 2 	 7 	 8.840262 	 0.013099 	 3379.461582 
87  	 2 	 12 	 3.484453 	 0.538522 	 111878.182061 
87  	 2 	 15 	 8.211048 	 0.017599 	 4530.528011 
88  	 2 	 10 	 5.833801 	 0.069069 	 17343.906143 
88  	 2 	 9 	 10.793947 	 0.005893 	 1525.946354 
88  	 2 	 6 	 9.820849 	 0.008600 	 2223.720145 
88  	 2 	 3 	 7.586373 	 0.023967 	 6150.565448 
88  	 2 	 11 	 3.273668 	 0.696549 	 137268.519091 
88  	 2 	 2 	 7.949234 	 0.019623 	 5046.434942 
88  	 2 	 13 	 10.421615 	 0.006653 	 1721.905457 
88  	 2 	 7 	 8.840262 	 0.013099 	 3379.461582 
88  	 2 	 12 	 3.484453 	 0.538522 	 111878.182061 
88  	 2 	 15 	 8.211048 	 0.017599 	 4530.528011 
89  	 2 	 10 	 5.833801 	 0.069069 	 17343.906143 
89  	 2 	 9 	 10.793947 	 0.005893 	 1525.946354 
89  	 2 	 6 	 9.820849 	 0.008600 	 2223.720145 
89  	 2 	 3 	 7.586373 	 0.023967 	 6150.565448 
89  	 2 	 11 	 3.273668 	 0.696549 	 137268.519091 
89  	 2 	 2 	 7.949234 	 0.019623 	 5046.434942 
89  	 2 	 13 	 10.421615 	 0.006653 	 1721.905457 
89  	 2 	 7 	 8.840262 	 0.013099 	 3379.461582 
89  	 2 	 12 	 3.484453 	 0.538522 	 111878.182061 
89  	 2 	 15 	 8.211048 	 0.017599 	 4530.528011 
90  	 2 	 10 	 5.833801 	 0.069069 	 17343.906143 
90  	 2 	 9 	 10.793947 	 0.005893 	 1525.946354 
90  	 2 	 6 	 9.820849 	 0.008600 	 2223.720145 
90  	 2 	 3 	 7.586373 	 0.023967 	 6150.565448 
90  	 2 	 11 	 3.273668 	 0.696549 	 137268.519091 
90  	 2 	 2 	 7.949234 	 0.019623 	 5046.434942 
90  	 2 	 13 	 10.421615 	 0.006653 	 1721.905457 
90  	 2 	 7 	 8.840262 	 0.013099 	 3379.461582 
90  	 2 	 12 	 3.484453 	 0.538522 	 111878.182061 
90  	 2 	 15 	 8.211048 	 0.017599 	 4530.528011 
91  	 2 	 10 	 5.833801 	 0.069069 	 17343.906143 
91  	 2 	 9 	 10.793947 	 0.005893 	 1525.946354 
91  	 2 	 6 	 9.820849 	 0.008600 	 2223.720145 
91  	 2 	 3 	 7.586373 	 0.023967 	 6150.565448 
91  	 2 	 11 	 3.273668 	 0.696549 	 137268.519091 
91  	 2 	 2 	 7.949234 	 0.019623 	 5046.434942 
91  	 2 	 13 	 10.421615 	 0.006653 	 1721.905457 
91  	 2 	 7 	 8.840262 	 0.013099 	 3379.461582 
91  	 2 	 12 	 3.484453 	 0.538522 	 111878.182061 
91  	 2 	 15 	 8.211048 	 0.017599 	 4530.528011 
92  	 2 	 10 	 5.833801 	 0.069069 	 17343.906143 
92  	 2 	 9 	 10.793947 	 0.005893 	 1525.946354 
92  	 2 	 6 	 9.820849 	 0.008600 	 2223.720145 
92  	 2 	 3 	 7.586373 	 0.023967 	 6150.565448 
92  	 2 	 11 	 3.273668 	 0.696549 	 137268.519091 
92  	 2 	 2 	 7.949234 	 0.019623 	 5046.434942 
92  	 2 	 13 	 10.421615 	 0.006653 	 1721.905457 
92  	 2 	 7 	 8.840262 	 0.013099 	 3379.461582 
92  	 2 	 12 	 3.484453 	 0.538522 	 111878.182061 
92  	 2 	 15 	 8.211048 	 0.017599 	 4530.528011 
93  	 2 	 10 	 5.833801 	 0.069069 	 17343.906143 
93  	 2 	 9 	 10.793947 	 0.005893 	 1525.946354 
93  	 2 	 6 	 9.820849 	 0.008600 	 2223.720145 
93  	 2 	 3 	 7.586373 	 0.023967 	 6150.565448 
93  	 2 	 11 	 3.273668 	 0.696549 	 137268.519091 
93  	 2 	 2 	 7.949234 	 0.019623 	 5046.434942 
93  	 2 	 13 	 10.421615 	 0.006653 	 1721.905457 
93  	 2 	 7 	 8.840262 	 0.013099 	 3379.461582 
93  	 2 	 12 	 3.484453 	 0.538522 	 111878.182061 
93  	 2 	 15 	 8.211048 	 0.017599 	 4530.528011 
94  	 2 	 10 	 5.833801 	 0.069069 	 17343.906143 
94  	 2 	 9 	 10.793947 	 0.005893 	 1525.946354 
94  	 2 	 6 	 9.820849 	 0.008600 	 2223.720145 
94  	 2 	 3 	 7.586373 	 0.023967 	 6150.565448 
94  	 2 	 11 	 3.273668 	 0.696549 	 137268.519091 
94  	 2 	 2 	 7.949234 	 0.019623 	 5046.434942 
94  	 2 	 13 	 10.421615 	 0.006653 	 1721.905457 
94  	 2 	 7 	 8.840262 	 0.013099 	 3379.461582 
94  	 2 	 12 	 3.484453 	 0.538522 	 111878.182061 
94  	 2 	 15 	 8.211048 	 0.017599 	 4530.528011 
95  	 2 	 10 	 5.833801 	 0.069069 	 17343.906143 
95  	 2 	 9 	 10.793947 	 0.005893 	 1525.946354 
95  	 2 	 6 	 9.820849 	 0.008600 	 2223.720145 
95  	 2 	 3 	 7.586373 	 0.023967 	 6150.565448 
95  	 2 	 11 	 3.273668 	 0.696549 	 137268.519091 
95  	 2 	 2 	 7.949234 	 0.019623 	 5046.434942 
95  	 2 	 13 	 10.421615 	 0.006653 	 1721.905457 
95  	 2 	 7 	 8.840262 	 0.013099 	 3379.461582 
95  	 2 	 12 	 3.484453 	 0.538522 	 111878.182061 
95  	 2 	 15 	 8.211048 	 0.017599 	 4530.528011 
96  	 2 	 10 	 5.833801 	 0.069069 	 17343.906143 
96  	 2 	 9 	 10.793947 	 0.005893 	 1525.946354 
96  	 2 	 6 	 9.820849 	 0.008600 	 2223.720145 
96  	 2 	 3 	 7.586373 	 0.023967 	 6150.565448 
96  	 2 	 11 	 3.273668 	 0.696549 	 137268.519091 
96  	 2 	 2 	 7.949234 	 0.019623 	 5046.434942 
96  	 2 	 13 	 10.421615 	 0.006653 	 1721.905457 
96  	 2 	 7 	 8.840262 	 0.013099 	 3379.461582 
96  	 2 	 12 	 3.484453 	 0.538522 	 111878.182061 
96  	 2 	 15 	 8.211048 	 0.017599 	 4530.528011 
97  	 2 	 10 	 5.833801 	 0.069069 	 17343.906143 
97  	 2 	 9 	 10.793947 	 0.005893 	 1525.946354 
97  	 2 	 6 	 9.820849 	 0.008600 	 2223.720145 
97  	 2 	 3 	 7.586373 	 0.023967 	 6150.565448 
97  	 2 	 11 	 3.273668 	 0.696549 	 137268.519091 
97  	 2 	 2 	 7.949234 	 0.019623 	 5046.434942 
97  	 2 	 13 	 10.421615 	 0.006653 	 1721.905457 
97  	 2 	 7 	 8.840262 	 0.013099 	 3379.461582 
97  	 2 	 12 	 3.484453 	 0.538522 	 111878.182061 
97  	 2 	 15 	 8.211048 	 0.017599 	 4530.528011 
98  	 2 	 10 	 5.833801 	 0.069069 	 17343.906143 
98  	 2 	 9 	 10.793947 	 0.005893 	 1525.946354 
98  	 2 	 6 	 9.820849 	 0.008600 	 2223.720145 
98  	 2 	 3 	 7.586373 	 0.023967 	 6150.565448 
98  	 2 	 11 	 3.273668 	 0.696549 	 137268.519091 
98  	 2 	 2 	 7.949234 	 0.019623 	 5046.434942 
98  	 2 	 13 	 10.421615 	 0.006653 	 1721.905457 
98  	 2 	 7 	 8.840262 	 0.013099 	 3379.461582 
98  	 2 	 12 	 3.484453 	 0.538522 	 111878.182061 
98  	 2 	 15 	 8.211048 	 0.017599 	 4530.528011 
99  	 2 	 10 	 5.833801 	 0.069069 	 17343.906143 
99  	 2 	 9 	 10.793947 	 0.005893 	 1525.946354 
99  	 2 	 6 	 9.820849 	 0.008600 	 2223.720145 
99  	 2 	 3 	 7.586373 	 0.023967 	 6150.565448 
99  	 2 	 11 	 3.273668 	 0.696549 	 137268.519091 
99  	 2 	 2 	 7.949234 	 0.019623 	 5046.434942 
99  	 2 	 13 	 10.421615 	 0.006653 	 1721.905457 
99  	 2 	 7 	 8.840262 	 0.013099 	 3379.461582 
99  	 2 	 12 	 3.484453 	 0.538522 	 111878.182061 
99  	 2 	 15 	 8.211048 	 0.017599 	 4530.528011 
100  	 2 	 10 	 5.833801 	 0.069069 	 17343.906143 
100  	 2 	 9 	 10.793947 	 0.005893 	 1525.946354 
100  	 2 	 6 	 9.820849 	 0.008600 	 2223.720145 
100  	 2 	 3 	 7.586373 	 0.023967 	 6150.565448 
100  	 2 	 11 	 3.273668 	 0.696549 	 137268.519091 
100  	 2 	 2 	 7.949234 	 0.019623 	 5046.434942 
100  	 2 	 13 	 10.421615 	 0.006653 	 1721.905457 
100  	 2 	 7 	 8.840262 	 0.013099 	 3379.461582 
100  	 2 	 12 	 3.484453 	 0.538522 	 111878.182061 
100  	 2 	 15 	 8.211048 	 0.017599 	 4530.528011 
101  	 2 	 10 	 5.833801 	 0.069069 	 17343.906143 
101  	 2 	 9 	 10.793947 	 0.005893 	 1525.946354 
101  	 2 	 6 	 9.820849 	 0.008600 	 2223.720145 
101  	 2 	 3 	 7.586373 	 0.023967 	 6150.565448 
101  	 2 	 11 	 3.273668 	 0.696549 	 137268.519091 
101  	 2 	 2 	 7.949234 	 0.019623 	 5046.434942 
101  	 2 	 13 	 10.421615 	 0.006653 	 1721.905457 
101  	 2 	 7 	 8.840262 	 0.013099 	 3379.461582 
101  	 2 	 12 	 3.484453 	 0.538522 	 111878.182061 
101  	 2 	 15 	 8.211048 	 0.017599 	 4530.528011 
102  	 2 	 10 	 5.833801 	 0.069069 	 17343.906143 
102  	 2 	 9 	 10.793947 	 0.005893 	 1525.946354 
102  	 2 	 6 	 9.820849 	 0.008600 	 2223.720145 
102  	 2 	 3 	 7.586373 	 0.023967 	 6150.565448 
102  	 2 	 11 	 3.273668 	 0.696549 	 137268.519091 
102  	 2 	 2 	 7.949234 	 0.019623 	 5046.434942 
102  	 2 	 13 	 10.421615 	 0.006653 	 1721.905457 
102  	 2 	 7 	 8.840262 	 0.013099 	 3379.461582 
102  	 2 	 12 	 3.484453 	 0.538522 	 111878.182061 
102  	 2 	 15 	 8.211048 	 0.017599 	 4530.528011 
103  	 2 	 10 	 5.833801 	 0.069069 	 17343.906143 
103  	 2 	 9 	 10.793947 	 0.005893 	 1525.946354 
103  	 2 	 6 	 9.820849 	 0.008600 	 2223.720145 
103  	 2 	 3 	 7.586373 	 0.023967 	 6150.565448 
103  	 2 	 11 	 3.273668 	 0.696549 	 137268.519091 
103  	 2 	 2 	 7.949234 	 0.019623 	 5046.434942 
103  	 2 	 13 	 10.421615 	 0.006653 	 1721.905457 
103  	 2 	 7 	 8.840262 	 0.013099 	 3379.461582 
103  	 2 	 12 	 3.484453 	 0.538522 	 111878.182061 
103  	 2 	 15 	 8.211048 	 0.017599 	 4530.528011 
104  	 2 	 10 	 5.833801 	 0.069069 	 17343.906143 
104  	 2 	 9 	 10.793947 	 0.005893 	 1525.946354 
104  	 2 	 6 	 9.820849 	 0.008600 	 2223.720145 
104  	 2 	 3 	 7.586373 	 0.023967 	 6150.565448 
104  	 2 	 11 	 3.273668 	 0.696549 	 137268.519091 
104  	 2 	 2 	 7.949234 	 0.019623 	 5046.434942 
104  	 2 	 13 	 10.421615 	 0.006653 	 1721.905457 
104  	 2 	 7 	 8.840262 	 0.013099 	 3379.461582 
104  	 2 	 12 	 3.484453 	 0.538522 	 111878.182061 
104  	 2 	 15 	 8.211048 	 0.017599 	 4530.528011 
