104 	 3 	 1  	 1365.54 	  	 0 	 	 0 	 	 0 
104 	 3 	 2  	 1365.54 	  	 0 	 	 0 	 	 0 
104 	 3 	 3  	 1365.54 	  	 337.858 	 	 0 	 	 0 
104 	 3 	 4  	 1365.54 	  	 337.858 	 	 337.858 	 	 0 
104 	 3 	 5  	 1365.54 	  	 337.858 	 	 337.858 	 	 0 
104 	 3 	 6  	 1365.54 	  	 337.858 	 	 337.858 	 	 0 
104 	 3 	 7  	 1365.54 	  	 337.858 	 	 337.858 	 	 0 
104 	 3 	 8  	 1365.54 	  	 337.858 	 	 337.858 	 	 0 
104 	 3 	 9  	 1365.54 	  	 337.858 	 	 337.858 	 	 0 
104 	 3 	 10  	 1365.54 	  	 1331.93 	 	 337.858 	 	 0 
104 	 3 	 11  	 1365.54 	  	 1331.93 	 	 1331.93 	 	 0 
104 	 3 	 12  	 1365.54 	  	 1331.93 	 	 1331.93 	 	 0 
104 	 3 	 13  	 1365.54 	  	 1331.93 	 	 1331.93 	 	 0 
104 	 3 	 14  	 1365.54 	  	 1331.93 	 	 1331.93 	 	 0 
104 	 3 	 15  	 1365.54 	  	 1331.93 	 	 1331.93 	 	 0 
104 	 3 	 16  	 1365.54 	  	 1331.93 	 	 1331.93 	 	 0 
104 	 3 	 17  	 1365.54 	  	 1365.54 	 	 1331.93 	 	 0 
104 	 3 	 18  	 1365.54 	  	 1365.54 	 	 1365.54 	 	 0 
104 	 3 	 19  	 1365.54 	  	 1365.54 	 	 1365.54 	 	 0 
104 	 3 	 20  	 1365.54 	  	 1365.54 	 	 1365.54 	 	 0 
104 	 3 	 21  	 1365.54 	  	 1365.54 	 	 1365.54 	 	 0 
104 	 3 	 22  	 1365.54 	  	 1365.54 	 	 1365.54 	 	 0 
104 	 3 	 23  	 1365.54 	  	 1365.54 	 	 1365.54 	 	 0 
104 	 3 	 24  	 1365.54 	  	 1365.54 	 	 1365.54 	 	 0 
104 	 3 	 25  	 1365.54 	  	 1365.54 	 	 1365.54 	 	 0 
104 	 3 	 26  	 1365.54 	  	 1365.54 	 	 1365.54 	 	 0 
104 	 3 	 27  	 1365.54 	  	 1365.54 	 	 1365.54 	 	 0 
104 	 3 	 28  	 1365.54 	  	 1365.54 	 	 1365.54 	 	 0 
104 	 3 	 29  	 1365.54 	  	 1365.54 	 	 1365.54 	 	 0 
104 	 3 	 30  	 1365.54 	  	 1365.54 	 	 1365.54 	 	 0 
104 	 3 	 31  	 1365.54 	  	 1365.54 	 	 1365.54 	 	 0 
104 	 3 	 32  	 1365.54 	  	 1365.54 	 	 1365.54 	 	 0 
104 	 3 	 33  	 1365.54 	  	 1365.54 	 	 1365.54 	 	 0 
104 	 3 	 34  	 1365.54 	  	 1365.54 	 	 1365.54 	 	 0 
104 	 3 	 35  	 1365.54 	  	 1365.54 	 	 1365.54 	 	 0 
104 	 3 	 36  	 1365.54 	  	 1365.54 	 	 1365.54 	 	 0 
104 	 3 	 37  	 1365.54 	  	 1365.54 	 	 1365.54 	 	 0 
104 	 3 	 38  	 1365.54 	  	 1365.54 	 	 1365.54 	 	 0 
104 	 3 	 39  	 1365.54 	  	 1365.54 	 	 1365.54 	 	 0 
104 	 3 	 40  	 1365.54 	  	 1365.54 	 	 1365.54 	 	 0 
104 	 3 	 41  	 1365.54 	  	 1365.54 	 	 1365.54 	 	 0 
104 	 3 	 42  	 1365.54 	  	 1365.54 	 	 1365.54 	 	 0 
104 	 3 	 43  	 1365.54 	  	 1365.54 	 	 1365.54 	 	 0 
104 	 3 	 44  	 1365.54 	  	 1365.54 	 	 1365.54 	 	 0 
104 	 3 	 45  	 1365.54 	  	 1365.54 	 	 1365.54 	 	 0 
104 	 3 	 46  	 1365.54 	  	 1365.54 	 	 1365.54 	 	 0 
104 	 3 	 47  	 1365.54 	  	 1365.54 	 	 1365.54 	 	 0 
104 	 3 	 48  	 1365.54 	  	 1365.54 	 	 1365.54 	 	 0 
104 	 3 	 49  	 1365.54 	  	 1365.54 	 	 1365.54 	 	 0 
104 	 3 	 50  	 1365.54 	  	 1365.54 	 	 1365.54 	 	 0 
104 	 3 	 51  	 1365.54 	  	 1365.54 	 	 1365.54 	 	 0 
104 	 3 	 52  	 1365.54 	  	 1365.54 	 	 1365.54 	 	 0 
104 	 3 	 53  	 1365.54 	  	 1365.54 	 	 1365.54 	 	 0 
104 	 3 	 54  	 1365.54 	  	 1365.54 	 	 1365.54 	 	 0 
104 	 3 	 55  	 1365.54 	  	 1365.54 	 	 1365.54 	 	 0 
104 	 3 	 56  	 1365.54 	  	 1365.54 	 	 1365.54 	 	 0 
104 	 3 	 57  	 1365.54 	  	 1365.54 	 	 1365.54 	 	 0 
104 	 3 	 58  	 1365.54 	  	 1365.54 	 	 1365.54 	 	 0 
104 	 3 	 59  	 1365.54 	  	 1365.54 	 	 1365.54 	 	 0 
104 	 3 	 60  	 1365.54 	  	 1365.54 	 	 1365.54 	 	 0 
104 	 3 	 61  	 1365.54 	  	 1365.54 	 	 1365.54 	 	 0 
104 	 3 	 62  	 1365.54 	  	 1365.54 	 	 1365.54 	 	 0 
104 	 3 	 63  	 1365.54 	  	 1365.54 	 	 1365.54 	 	 0 
104 	 3 	 64  	 1365.54 	  	 1365.54 	 	 1365.54 	 	 0 
104 	 3 	 65  	 1365.54 	  	 1365.54 	 	 1365.54 	 	 0 
104 	 3 	 66  	 1365.54 	  	 1365.54 	 	 1365.54 	 	 0 
104 	 3 	 67  	 1365.54 	  	 1365.54 	 	 1365.54 	 	 0 
104 	 3 	 68  	 1365.54 	  	 1365.54 	 	 1365.54 	 	 0 
104 	 3 	 69  	 1365.54 	  	 1365.54 	 	 1365.54 	 	 0 
104 	 3 	 70  	 1365.54 	  	 1365.54 	 	 1365.54 	 	 0 
104 	 3 	 71  	 1365.54 	  	 1365.54 	 	 1365.54 	 	 0 
104 	 3 	 72  	 1365.54 	  	 1365.54 	 	 1365.54 	 	 0 
104 	 3 	 73  	 1365.54 	  	 1365.54 	 	 1365.54 	 	 0 
104 	 3 	 74  	 1365.54 	  	 1365.54 	 	 1365.54 	 	 0 
104 	 3 	 75  	 1365.54 	  	 1365.54 	 	 1365.54 	 	 0 
104 	 3 	 76  	 1365.54 	  	 1365.54 	 	 1365.54 	 	 0 
104 	 3 	 77  	 1365.54 	  	 1365.54 	 	 1365.54 	 	 0 
104 	 3 	 78  	 1365.54 	  	 1365.54 	 	 1365.54 	 	 0 
104 	 3 	 79  	 1365.54 	  	 1365.54 	 	 1365.54 	 	 0 
104 	 3 	 80  	 1365.54 	  	 1365.54 	 	 1365.54 	 	 0 
104 	 3 	 81  	 1365.54 	  	 1365.54 	 	 1365.54 	 	 0 
104 	 3 	 82  	 1365.54 	  	 1365.54 	 	 1365.54 	 	 0 
104 	 3 	 83  	 1365.54 	  	 1365.54 	 	 1365.54 	 	 0 
104 	 3 	 84  	 1365.54 	  	 1365.54 	 	 1365.54 	 	 0 
104 	 3 	 85  	 1365.54 	  	 1365.54 	 	 1365.54 	 	 0 
104 	 3 	 86  	 1365.54 	  	 1365.54 	 	 1365.54 	 	 0 
104 	 3 	 87  	 1365.54 	  	 1365.54 	 	 1365.54 	 	 0 
104 	 3 	 88  	 1365.54 	  	 1365.54 	 	 1365.54 	 	 0 
104 	 3 	 89  	 1365.54 	  	 1365.54 	 	 1365.54 	 	 0 
104 	 3 	 90  	 1365.54 	  	 1365.54 	 	 1365.54 	 	 0 
104 	 3 	 91  	 1365.54 	  	 1365.54 	 	 1365.54 	 	 0 
104 	 3 	 92  	 1365.54 	  	 1365.54 	 	 1365.54 	 	 0 
104 	 3 	 93  	 1365.54 	  	 1365.54 	 	 1365.54 	 	 0 
104 	 3 	 94  	 1365.54 	  	 1365.54 	 	 1365.54 	 	 0 
104 	 3 	 95  	 1365.54 	  	 1365.54 	 	 1365.54 	 	 0 
104 	 3 	 96  	 1365.54 	  	 1365.54 	 	 1365.54 	 	 0 
104 	 3 	 97  	 1365.54 	  	 1365.54 	 	 1365.54 	 	 0 
104 	 3 	 98  	 1365.54 	  	 1365.54 	 	 1365.54 	 	 0 
104 	 3 	 99  	 1365.54 	  	 1365.54 	 	 1365.54 	 	 0 
104 	 3 	 100  	 1365.54 	  	 1365.54 	 	 1365.54 	 	 0 
104 	 3 	 101  	 1365.54 	  	 1365.54 	 	 1365.54 	 	 0 
104 	 3 	 102  	 1365.54 	  	 1365.54 	 	 1365.54 	 	 0 
104 	 3 	 103  	 1365.54 	  	 1365.54 	 	 1365.54 	 	 0 
104 	 3 	 104  	 1365.54 	  	 1365.54 	 	 1365.54 	 	 0 
104 	 3 	 105  	 1365.54 	  	 1365.54 	 	 1365.54 	 	 0 
104 	 3 	 106  	 1365.54 	  	 1365.54 	 	 1365.54 	 	 0 
104 	 3 	 107  	 1365.54 	  	 1365.54 	 	 1365.54 	 	 0 
104 	 3 	 108  	 1365.54 	  	 1365.54 	 	 1365.54 	 	 0 
104 	 3 	 109  	 1365.54 	  	 1365.54 	 	 1365.54 	 	 0 
104 	 3 	 110  	 1365.54 	  	 1365.54 	 	 1365.54 	 	 0 
104 	 3 	 111  	 1365.54 	  	 1365.54 	 	 1365.54 	 	 0 
104 	 3 	 112  	 1365.54 	  	 1365.54 	 	 1365.54 	 	 0 
104 	 3 	 113  	 1365.54 	  	 1365.54 	 	 1365.54 	 	 0 
104 	 3 	 114  	 1365.54 	  	 1365.54 	 	 1365.54 	 	 0 
104 	 3 	 115  	 1365.54 	  	 1365.54 	 	 1365.54 	 	 0 
104 	 3 	 116  	 1365.54 	  	 1365.54 	 	 1365.54 	 	 0 
104 	 3 	 117  	 1365.54 	  	 1365.54 	 	 1365.54 	 	 0 
104 	 3 	 118  	 1365.54 	  	 1365.54 	 	 1365.54 	 	 0 
104 	 3 	 119  	 1365.54 	  	 1365.54 	 	 1365.54 	 	 0 
104 	 3 	 120  	 1365.54 	  	 1365.54 	 	 1365.54 	 	 0 
104 	 3 	 121  	 1365.54 	  	 1365.54 	 	 1365.54 	 	 0 
104 	 3 	 122  	 1365.54 	  	 1365.54 	 	 1365.54 	 	 0 
104 	 3 	 123  	 1365.54 	  	 1365.54 	 	 1365.54 	 	 0 
104 	 3 	 124  	 1365.54 	  	 1365.54 	 	 1365.54 	 	 0 
104 	 3 	 125  	 1365.54 	  	 1365.54 	 	 1365.54 	 	 0 
104 	 3 	 126  	 1365.54 	  	 1365.54 	 	 1365.54 	 	 0 
104 	 3 	 127  	 1365.54 	  	 1365.54 	 	 1365.54 	 	 0 
104 	 3 	 128  	 1365.54 	  	 1365.54 	 	 1365.54 	 	 0 
104 	 3 	 129  	 1365.54 	  	 1365.54 	 	 1365.54 	 	 0 
104 	 3 	 130  	 1365.54 	  	 1365.54 	 	 1365.54 	 	 0 
104 	 3 	 131  	 1365.54 	  	 1365.54 	 	 1365.54 	 	 0 
104 	 3 	 132  	 1365.54 	  	 1365.54 	 	 1365.54 	 	 0 
104 	 3 	 133  	 1365.54 	  	 1365.54 	 	 1365.54 	 	 0 
104 	 3 	 134  	 1365.54 	  	 1365.54 	 	 1365.54 	 	 0 
104 	 3 	 135  	 1365.54 	  	 1365.54 	 	 1365.54 	 	 0 
104 	 3 	 136  	 1365.54 	  	 1365.54 	 	 1365.54 	 	 0 
104 	 3 	 137  	 1365.54 	  	 1365.54 	 	 1365.54 	 	 0 
104 	 3 	 138  	 1365.54 	  	 1365.54 	 	 1365.54 	 	 0 
104 	 3 	 139  	 1365.54 	  	 1365.54 	 	 1365.54 	 	 0 
104 	 3 	 140  	 1365.54 	  	 1365.54 	 	 1365.54 	 	 0 
104 	 3 	 141  	 1365.54 	  	 1365.54 	 	 1365.54 	 	 0 
104 	 3 	 142  	 1365.54 	  	 1365.54 	 	 1365.54 	 	 0 
104 	 3 	 143  	 1365.54 	  	 1365.54 	 	 1365.54 	 	 0 
104 	 3 	 144  	 1365.54 	  	 1365.54 	 	 1365.54 	 	 0 
104 	 3 	 145  	 1365.54 	  	 1365.54 	 	 1365.54 	 	 0 
104 	 3 	 146  	 1365.54 	  	 1365.54 	 	 1365.54 	 	 0 
104 	 3 	 147  	 1365.54 	  	 1365.54 	 	 1365.54 	 	 0 
104 	 3 	 148  	 1365.54 	  	 1365.54 	 	 1365.54 	 	 0 
104 	 3 	 149  	 1365.54 	  	 1365.54 	 	 1365.54 	 	 0 
104 	 3 	 150  	 1365.54 	  	 1365.54 	 	 1365.54 	 	 0 
104 	 3 	 151  	 1365.54 	  	 1365.54 	 	 1365.54 	 	 0 
104 	 3 	 152  	 1365.54 	  	 1365.54 	 	 1365.54 	 	 0 
104 	 3 	 153  	 1365.54 	  	 1365.54 	 	 1365.54 	 	 0 
104 	 3 	 154  	 1365.54 	  	 1365.54 	 	 1365.54 	 	 0 
104 	 3 	 155  	 1365.54 	  	 1365.54 	 	 1365.54 	 	 0 
104 	 3 	 156  	 1365.54 	  	 1365.54 	 	 1365.54 	 	 0 
104 	 3 	 157  	 1365.54 	  	 1365.54 	 	 1365.54 	 	 0 
104 	 3 	 158  	 1365.54 	  	 1365.54 	 	 1365.54 	 	 0 
104 	 3 	 159  	 1365.54 	  	 1365.54 	 	 1365.54 	 	 0 
104 	 3 	 160  	 1365.54 	  	 1365.54 	 	 1365.54 	 	 0 
104 	 3 	 161  	 1365.54 	  	 1365.54 	 	 1365.54 	 	 0 
104 	 3 	 162  	 1365.54 	  	 1365.54 	 	 1365.54 	 	 0 
104 	 3 	 163  	 1365.54 	  	 1365.54 	 	 1365.54 	 	 0 
104 	 3 	 164  	 1365.54 	  	 1365.54 	 	 1365.54 	 	 0 
104 	 3 	 165  	 1365.54 	  	 1365.54 	 	 1365.54 	 	 0 
104 	 3 	 166  	 1365.54 	  	 1365.54 	 	 1365.54 	 	 0 
104 	 3 	 167  	 1365.54 	  	 1365.54 	 	 1365.54 	 	 0 
104 	 3 	 168  	 1365.54 	  	 1365.54 	 	 1365.54 	 	 0 
104 	 3 	 169  	 1365.54 	  	 1365.54 	 	 1365.54 	 	 0 
104 	 3 	 170  	 1365.54 	  	 1365.54 	 	 1365.54 	 	 0 
104 	 3 	 171  	 1365.54 	  	 1365.54 	 	 1365.54 	 	 0 
104 	 3 	 172  	 1365.54 	  	 1365.54 	 	 1365.54 	 	 0 
104 	 3 	 173  	 1365.54 	  	 1365.54 	 	 1365.54 	 	 0 
104 	 3 	 174  	 1365.54 	  	 1365.54 	 	 1365.54 	 	 0 
104 	 3 	 175  	 1365.54 	  	 1365.54 	 	 1365.54 	 	 0 
104 	 3 	 176  	 1365.54 	  	 1365.54 	 	 1365.54 	 	 0 
104 	 3 	 177  	 1365.54 	  	 1365.54 	 	 1365.54 	 	 0 
104 	 3 	 178  	 1365.54 	  	 1365.54 	 	 1365.54 	 	 0 
104 	 3 	 179  	 1365.54 	  	 1365.54 	 	 1365.54 	 	 0 
104 	 3 	 180  	 1365.54 	  	 1365.54 	 	 1365.54 	 	 0 
104 	 3 	 181  	 1365.54 	  	 1365.54 	 	 1365.54 	 	 0 
104 	 3 	 182  	 1365.54 	  	 1365.54 	 	 1365.54 	 	 0 
104 	 3 	 183  	 1365.54 	  	 1365.54 	 	 1365.54 	 	 0 
104 	 3 	 184  	 1365.54 	  	 1365.54 	 	 1365.54 	 	 0 
104 	 3 	 185  	 1365.54 	  	 1365.54 	 	 1365.54 	 	 0 
104 	 3 	 186  	 1365.54 	  	 1365.54 	 	 1365.54 	 	 0 
104 	 3 	 187  	 1365.54 	  	 1365.54 	 	 1365.54 	 	 0 
104 	 3 	 188  	 1365.54 	  	 1365.54 	 	 1365.54 	 	 0 
104 	 3 	 189  	 1365.54 	  	 1365.54 	 	 1365.54 	 	 0 
104 	 3 	 190  	 1365.54 	  	 1365.54 	 	 1365.54 	 	 0 
104 	 3 	 191  	 1365.54 	  	 1365.54 	 	 1365.54 	 	 0 
104 	 3 	 192  	 1365.54 	  	 1365.54 	 	 1365.54 	 	 0 
104 	 3 	 193  	 1365.54 	  	 1365.54 	 	 1365.54 	 	 0 
104 	 3 	 194  	 1365.54 	  	 1365.54 	 	 1365.54 	 	 0 
104 	 3 	 195  	 1365.54 	  	 1365.54 	 	 1365.54 	 	 0 
104 	 3 	 196  	 1365.54 	  	 1365.54 	 	 1365.54 	 	 0 
104 	 3 	 197  	 1365.54 	  	 1365.54 	 	 1365.54 	 	 0 
104 	 3 	 198  	 1365.54 	  	 1365.54 	 	 1365.54 	 	 0 
104 	 3 	 199  	 1365.54 	  	 1365.54 	 	 1365.54 	 	 0 
104 	 3 	 200  	 1365.54 	  	 1365.54 	 	 1365.54 	 	 0 
104 	 3 	 201  	 1365.54 	  	 1365.54 	 	 1365.54 	 	 0 
104 	 3 	 202  	 1365.54 	  	 1365.54 	 	 1365.54 	 	 0 
104 	 3 	 203  	 1365.54 	  	 1365.54 	 	 1365.54 	 	 0 
104 	 3 	 204  	 1365.54 	  	 1365.54 	 	 1365.54 	 	 0 
104 	 3 	 205  	 1365.54 	  	 1365.54 	 	 1365.54 	 	 0 
104 	 3 	 206  	 1365.54 	  	 1365.54 	 	 1365.54 	 	 0 
104 	 3 	 207  	 1365.54 	  	 1365.54 	 	 1365.54 	 	 0 
104 	 3 	 208  	 1365.54 	  	 1365.54 	 	 1365.54 	 	 0 
104 	 3 	 209  	 1365.54 	  	 1365.54 	 	 1365.54 	 	 0 
104 	 3 	 210  	 1365.54 	  	 1365.54 	 	 1365.54 	 	 0 
104 	 3 	 211  	 1365.54 	  	 1365.54 	 	 1365.54 	 	 0 
104 	 3 	 212  	 1365.54 	  	 1365.54 	 	 1365.54 	 	 0 
104 	 3 	 213  	 1365.54 	  	 1365.54 	 	 1365.54 	 	 0 
104 	 3 	 214  	 1365.54 	  	 1365.54 	 	 1365.54 	 	 0 
104 	 3 	 215  	 1365.54 	  	 1365.54 	 	 1365.54 	 	 0 
104 	 3 	 216  	 1365.54 	  	 1365.54 	 	 1365.54 	 	 0 
104 	 3 	 217  	 1365.54 	  	 1365.54 	 	 1365.54 	 	 0 
104 	 3 	 218  	 1365.54 	  	 1365.54 	 	 1365.54 	 	 0 
104 	 3 	 219  	 1365.54 	  	 1365.54 	 	 1365.54 	 	 0 
104 	 3 	 220  	 1365.54 	  	 1365.54 	 	 1365.54 	 	 0 
104 	 3 	 221  	 1365.54 	  	 1365.54 	 	 1365.54 	 	 0 
104 	 3 	 222  	 1365.54 	  	 1365.54 	 	 1365.54 	 	 0 
104 	 3 	 223  	 1365.54 	  	 1365.54 	 	 1365.54 	 	 0 
104 	 3 	 224  	 1365.54 	  	 1365.54 	 	 1365.54 	 	 0 
104 	 3 	 225  	 1365.54 	  	 1365.54 	 	 1365.54 	 	 0 
104 	 3 	 226  	 1365.54 	  	 1365.54 	 	 1365.54 	 	 0 
104 	 3 	 227  	 1365.54 	  	 1365.54 	 	 1365.54 	 	 0 
104 	 3 	 228  	 1365.54 	  	 1365.54 	 	 1365.54 	 	 0 
104 	 3 	 229  	 1365.54 	  	 1365.54 	 	 1365.54 	 	 0 
104 	 3 	 230  	 1365.54 	  	 1365.54 	 	 1365.54 	 	 0 
104 	 3 	 231  	 1365.54 	  	 1365.54 	 	 1365.54 	 	 0 
104 	 3 	 232  	 1365.54 	  	 1365.54 	 	 1365.54 	 	 0 
104 	 3 	 233  	 1365.54 	  	 1365.54 	 	 1365.54 	 	 0 
104 	 3 	 234  	 1365.54 	  	 1365.54 	 	 1365.54 	 	 0 
104 	 3 	 235  	 1365.54 	  	 1365.54 	 	 1365.54 	 	 0 
104 	 3 	 236  	 1365.54 	  	 1365.54 	 	 1365.54 	 	 0 
104 	 3 	 237  	 1365.54 	  	 1365.54 	 	 1365.54 	 	 0 
104 	 3 	 238  	 1365.54 	  	 1365.54 	 	 1365.54 	 	 0 
104 	 3 	 239  	 1365.54 	  	 1365.54 	 	 1365.54 	 	 0 
104 	 3 	 240  	 1365.54 	  	 1365.54 	 	 1365.54 	 	 0 
104 	 3 	 241  	 1365.54 	  	 1365.54 	 	 1365.54 	 	 0 
104 	 3 	 242  	 1365.54 	  	 1365.54 	 	 1365.54 	 	 0 
104 	 3 	 243  	 1365.54 	  	 1365.54 	 	 1365.54 	 	 0 
104 	 3 	 244  	 1365.54 	  	 1365.54 	 	 1365.54 	 	 0 
104 	 3 	 245  	 1365.54 	  	 1365.54 	 	 1365.54 	 	 0 
104 	 3 	 246  	 1365.54 	  	 1365.54 	 	 1365.54 	 	 0 
104 	 3 	 247  	 1365.54 	  	 1365.54 	 	 1365.54 	 	 0 
104 	 3 	 248  	 1365.54 	  	 1365.54 	 	 1365.54 	 	 0 
104 	 3 	 249  	 1365.54 	  	 1365.54 	 	 1365.54 	 	 0 
104 	 3 	 250  	 1365.54 	  	 1365.54 	 	 1365.54 	 	 0 
104 	 3 	 251  	 1365.54 	  	 1365.54 	 	 1365.54 	 	 0 
104 	 3 	 252  	 1365.54 	  	 1365.54 	 	 1365.54 	 	 0 
104 	 3 	 253  	 1365.54 	  	 1365.54 	 	 1365.54 	 	 0 
104 	 3 	 254  	 1365.54 	  	 1365.54 	 	 1365.54 	 	 0 
104 	 3 	 255  	 1365.54 	  	 1365.54 	 	 1365.54 	 	 0 
104 	 3 	 256  	 1365.54 	  	 1365.54 	 	 1365.54 	 	 0 
104 	 3 	 257  	 1365.54 	  	 1365.54 	 	 1365.54 	 	 0 
104 	 3 	 258  	 1365.54 	  	 1365.54 	 	 1365.54 	 	 0 
104 	 3 	 259  	 1365.54 	  	 1365.54 	 	 1365.54 	 	 0 
104 	 3 	 260  	 1365.54 	  	 1365.54 	 	 1365.54 	 	 0 
104 	 3 	 261  	 1365.54 	  	 1365.54 	 	 1365.54 	 	 0 
104 	 3 	 262  	 1365.54 	  	 1365.54 	 	 1365.54 	 	 0 
104 	 3 	 263  	 1365.54 	  	 1365.54 	 	 1365.54 	 	 0 
104 	 3 	 264  	 1365.54 	  	 1365.54 	 	 1365.54 	 	 0 
104 	 3 	 265  	 1365.54 	  	 1365.54 	 	 1365.54 	 	 0 
104 	 3 	 266  	 1365.54 	  	 1365.54 	 	 1365.54 	 	 0 
104 	 3 	 267  	 1365.54 	  	 1365.54 	 	 1365.54 	 	 0 
104 	 3 	 268  	 1365.54 	  	 1365.54 	 	 1365.54 	 	 0 
104 	 3 	 269  	 1365.54 	  	 1365.54 	 	 1365.54 	 	 0 
104 	 3 	 270  	 1365.54 	  	 1365.54 	 	 1365.54 	 	 0 
104 	 3 	 271  	 1365.54 	  	 1365.54 	 	 1365.54 	 	 0 
104 	 3 	 272  	 1365.54 	  	 1365.54 	 	 1365.54 	 	 0 
104 	 3 	 273  	 1365.54 	  	 1365.54 	 	 1365.54 	 	 0 
104 	 3 	 274  	 1365.54 	  	 1365.54 	 	 1365.54 	 	 0 
104 	 3 	 275  	 1365.54 	  	 1365.54 	 	 1365.54 	 	 0 
104 	 3 	 276  	 1365.54 	  	 1365.54 	 	 1365.54 	 	 0 
104 	 3 	 277  	 1365.54 	  	 1365.54 	 	 1365.54 	 	 0 
104 	 3 	 278  	 1365.54 	  	 1365.54 	 	 1365.54 	 	 0 
104 	 3 	 279  	 1365.54 	  	 1365.54 	 	 1365.54 	 	 0 
104 	 3 	 280  	 1365.54 	  	 1365.54 	 	 1365.54 	 	 0 
104 	 3 	 281  	 1365.54 	  	 1365.54 	 	 1365.54 	 	 0 
104 	 3 	 282  	 1365.54 	  	 1365.54 	 	 1365.54 	 	 0 
104 	 3 	 283  	 1365.54 	  	 1365.54 	 	 1365.54 	 	 0 
104 	 3 	 284  	 1365.54 	  	 1365.54 	 	 1365.54 	 	 0 
104 	 3 	 285  	 1365.54 	  	 1365.54 	 	 1365.54 	 	 0 
104 	 3 	 286  	 1365.54 	  	 1365.54 	 	 1365.54 	 	 0 
104 	 3 	 287  	 1365.54 	  	 1365.54 	 	 1365.54 	 	 0 
104 	 3 	 288  	 1365.54 	  	 1365.54 	 	 1365.54 	 	 0 
104 	 3 	 289  	 1365.54 	  	 1365.54 	 	 1365.54 	 	 0 
104 	 3 	 290  	 1365.54 	  	 1365.54 	 	 1365.54 	 	 0 
104 	 3 	 291  	 1365.54 	  	 1365.54 	 	 1365.54 	 	 0 
104 	 3 	 292  	 1365.54 	  	 1365.54 	 	 1365.54 	 	 0 
104 	 3 	 293  	 1365.54 	  	 1365.54 	 	 1365.54 	 	 0 
104 	 3 	 294  	 1365.54 	  	 1365.54 	 	 1365.54 	 	 0 
104 	 3 	 295  	 1365.54 	  	 1365.54 	 	 1365.54 	 	 0 
104 	 3 	 296  	 1365.54 	  	 1365.54 	 	 1365.54 	 	 0 
104 	 3 	 297  	 1365.54 	  	 1365.54 	 	 1365.54 	 	 0 
104 	 3 	 298  	 1365.54 	  	 1365.54 	 	 1365.54 	 	 0 
104 	 3 	 299  	 1365.54 	  	 1365.54 	 	 1365.54 	 	 0 
104 	 3 	 300  	 1365.54 	  	 1365.54 	 	 1365.54 	 	 0 
104 	 3 	 301  	 1365.54 	  	 1365.54 	 	 1365.54 	 	 0 
104 	 3 	 302  	 1365.54 	  	 1365.54 	 	 1365.54 	 	 0 
104 	 3 	 303  	 1365.54 	  	 1365.54 	 	 1365.54 	 	 0 
104 	 3 	 304  	 1365.54 	  	 1365.54 	 	 1365.54 	 	 0 
104 	 3 	 305  	 1365.54 	  	 1365.54 	 	 1365.54 	 	 0 
104 	 3 	 306  	 1365.54 	  	 1365.54 	 	 1365.54 	 	 0 
104 	 3 	 307  	 1365.54 	  	 1365.54 	 	 1365.54 	 	 0 
104 	 3 	 308  	 1365.54 	  	 1365.54 	 	 1365.54 	 	 0 
104 	 3 	 309  	 1365.54 	  	 1365.54 	 	 1365.54 	 	 0 
104 	 3 	 310  	 1365.54 	  	 1365.54 	 	 1365.54 	 	 0 
104 	 3 	 311  	 1365.54 	  	 1365.54 	 	 1365.54 	 	 0 
104 	 3 	 312  	 1365.54 	  	 1365.54 	 	 1365.54 	 	 0 
104 	 3 	 313  	 1365.54 	  	 1365.54 	 	 1365.54 	 	 0 
104 	 3 	 314  	 1365.54 	  	 1365.54 	 	 1365.54 	 	 0 
104 	 3 	 315  	 1365.54 	  	 1365.54 	 	 1365.54 	 	 0 
104 	 3 	 316  	 1365.54 	  	 1365.54 	 	 1365.54 	 	 0 
104 	 3 	 317  	 1365.54 	  	 1365.54 	 	 1365.54 	 	 0 
104 	 3 	 318  	 1365.54 	  	 1365.54 	 	 1365.54 	 	 0 
104 	 3 	 319  	 1365.54 	  	 1365.54 	 	 1365.54 	 	 0 
104 	 3 	 320  	 1365.54 	  	 1365.54 	 	 1365.54 	 	 0 
104 	 3 	 321  	 1365.54 	  	 1365.54 	 	 1365.54 	 	 0 
104 	 3 	 322  	 1365.54 	  	 1365.54 	 	 1365.54 	 	 0 
104 	 3 	 323  	 1365.54 	  	 1365.54 	 	 1365.54 	 	 0 
104 	 3 	 324  	 1365.54 	  	 1365.54 	 	 1365.54 	 	 0 
104 	 3 	 325  	 1365.54 	  	 1365.54 	 	 1365.54 	 	 0 
104 	 3 	 326  	 1365.54 	  	 1365.54 	 	 1365.54 	 	 0 
104 	 3 	 327  	 1365.54 	  	 1365.54 	 	 1365.54 	 	 0 
104 	 3 	 328  	 1365.54 	  	 1365.54 	 	 1365.54 	 	 0 
104 	 3 	 329  	 1365.54 	  	 1365.54 	 	 1365.54 	 	 0 
104 	 3 	 330  	 1365.54 	  	 1365.54 	 	 1365.54 	 	 0 
104 	 3 	 331  	 1365.54 	  	 1365.54 	 	 1365.54 	 	 0 
104 	 3 	 332  	 1365.54 	  	 1365.54 	 	 1365.54 	 	 0 
104 	 3 	 333  	 1365.54 	  	 1365.54 	 	 1365.54 	 	 0 
104 	 3 	 334  	 1365.54 	  	 1365.54 	 	 1365.54 	 	 0 
104 	 3 	 335  	 1365.54 	  	 1365.54 	 	 1365.54 	 	 0 
104 	 3 	 336  	 1365.54 	  	 1365.54 	 	 1365.54 	 	 0 
104 	 3 	 337  	 1365.54 	  	 1365.54 	 	 1365.54 	 	 0 
104 	 3 	 338  	 1365.54 	  	 1365.54 	 	 1365.54 	 	 0 
104 	 3 	 339  	 1365.54 	  	 1365.54 	 	 1365.54 	 	 0 
104 	 3 	 340  	 1365.54 	  	 1365.54 	 	 1365.54 	 	 0 
104 	 3 	 341  	 1365.54 	  	 1365.54 	 	 1365.54 	 	 0 
104 	 3 	 342  	 1365.54 	  	 1365.54 	 	 1365.54 	 	 0 
104 	 3 	 343  	 1365.54 	  	 1365.54 	 	 1365.54 	 	 0 
104 	 3 	 344  	 1365.54 	  	 1365.54 	 	 1365.54 	 	 0 
104 	 3 	 345  	 1365.54 	  	 1365.54 	 	 1365.54 	 	 0 
104 	 3 	 346  	 1365.54 	  	 1365.54 	 	 1365.54 	 	 0 
104 	 3 	 347  	 1365.54 	  	 1365.54 	 	 1365.54 	 	 0 
104 	 3 	 348  	 1365.54 	  	 1365.54 	 	 1365.54 	 	 0 
104 	 3 	 349  	 1365.54 	  	 1365.54 	 	 1365.54 	 	 0 
104 	 3 	 350  	 1365.54 	  	 1365.54 	 	 1365.54 	 	 0 
104 	 3 	 351  	 1365.54 	  	 1365.54 	 	 1365.54 	 	 0 
104 	 3 	 352  	 1365.54 	  	 1365.54 	 	 1365.54 	 	 0 
104 	 3 	 353  	 1365.54 	  	 1365.54 	 	 1365.54 	 	 0 
104 	 3 	 354  	 1365.54 	  	 1365.54 	 	 1365.54 	 	 0 
104 	 3 	 355  	 1365.54 	  	 1365.54 	 	 1365.54 	 	 0 
104 	 3 	 356  	 1365.54 	  	 1365.54 	 	 1365.54 	 	 0 
104 	 3 	 357  	 1365.54 	  	 1365.54 	 	 1365.54 	 	 0 
104 	 3 	 358  	 1365.54 	  	 1365.54 	 	 1365.54 	 	 0 
104 	 3 	 359  	 1365.54 	  	 1365.54 	 	 1365.54 	 	 0 
104 	 3 	 360  	 1365.54 	  	 1365.54 	 	 1365.54 	 	 0 
104 	 3 	 361  	 1365.54 	  	 1365.54 	 	 1365.54 	 	 0 
104 	 3 	 362  	 1365.54 	  	 1365.54 	 	 1365.54 	 	 0 
104 	 3 	 363  	 1365.54 	  	 1365.54 	 	 1365.54 	 	 0 
104 	 3 	 364  	 1365.54 	  	 1365.54 	 	 1365.54 	 	 0 
104 	 3 	 365  	 1365.54 	  	 1365.54 	 	 1365.54 	 	 0 
104 	 3 	 366  	 1365.54 	  	 1365.54 	 	 1365.54 	 	 0 
104 	 3 	 367  	 1365.54 	  	 1365.54 	 	 1365.54 	 	 0 
104 	 3 	 368  	 1365.54 	  	 1365.54 	 	 1365.54 	 	 0 
104 	 3 	 369  	 1365.54 	  	 1365.54 	 	 1365.54 	 	 0 
104 	 3 	 370  	 1365.54 	  	 1365.54 	 	 1365.54 	 	 0 
104 	 3 	 371  	 1365.54 	  	 1365.54 	 	 1365.54 	 	 0 
104 	 3 	 372  	 1365.54 	  	 1365.54 	 	 1365.54 	 	 0 
104 	 3 	 373  	 1365.54 	  	 1365.54 	 	 1365.54 	 	 0 
104 	 3 	 374  	 1365.54 	  	 1365.54 	 	 1365.54 	 	 0 
104 	 3 	 375  	 1365.54 	  	 1365.54 	 	 1365.54 	 	 0 
104 	 3 	 376  	 1365.54 	  	 1365.54 	 	 1365.54 	 	 0 
104 	 3 	 377  	 1365.54 	  	 1365.54 	 	 1365.54 	 	 0 
104 	 3 	 378  	 1365.54 	  	 1365.54 	 	 1365.54 	 	 0 
104 	 3 	 379  	 1365.54 	  	 1365.54 	 	 1365.54 	 	 0 
104 	 3 	 380  	 1365.54 	  	 1365.54 	 	 1365.54 	 	 0 
104 	 3 	 381  	 1365.54 	  	 1365.54 	 	 1365.54 	 	 0 
104 	 3 	 382  	 1365.54 	  	 1365.54 	 	 1365.54 	 	 0 
104 	 3 	 383  	 1365.54 	  	 1365.54 	 	 1365.54 	 	 0 
104 	 3 	 384  	 1365.54 	  	 1365.54 	 	 1365.54 	 	 0 
104 	 3 	 385  	 1365.54 	  	 1365.54 	 	 1365.54 	 	 0 
104 	 3 	 386  	 1365.54 	  	 1365.54 	 	 1365.54 	 	 0 
104 	 3 	 387  	 1365.54 	  	 1365.54 	 	 1365.54 	 	 0 
104 	 3 	 388  	 1365.54 	  	 1365.54 	 	 1365.54 	 	 0 
104 	 3 	 389  	 1365.54 	  	 1365.54 	 	 1365.54 	 	 0 
104 	 3 	 390  	 1365.54 	  	 1365.54 	 	 1365.54 	 	 0 
104 	 3 	 391  	 1365.54 	  	 1365.54 	 	 1365.54 	 	 0 
104 	 3 	 392  	 1365.54 	  	 1365.54 	 	 1365.54 	 	 0 
104 	 3 	 393  	 1365.54 	  	 1365.54 	 	 1365.54 	 	 0 
104 	 3 	 394  	 1365.54 	  	 1365.54 	 	 1365.54 	 	 0 
104 	 3 	 395  	 1365.54 	  	 1365.54 	 	 1365.54 	 	 0 
104 	 3 	 396  	 1365.54 	  	 1365.54 	 	 1365.54 	 	 0 
104 	 3 	 397  	 1365.54 	  	 1365.54 	 	 1365.54 	 	 0 
104 	 3 	 398  	 1365.54 	  	 1365.54 	 	 1365.54 	 	 0 
104 	 3 	 399  	 1365.54 	  	 1365.54 	 	 1365.54 	 	 0 
104 	 3 	 400  	 1365.54 	  	 1365.54 	 	 1365.54 	 	 0 
104 	 3 	 401  	 1365.54 	  	 1365.54 	 	 1365.54 	 	 0 
104 	 3 	 402  	 1365.54 	  	 1365.54 	 	 1365.54 	 	 0 
104 	 3 	 403  	 1365.54 	  	 1365.54 	 	 1365.54 	 	 0 
104 	 3 	 404  	 1365.54 	  	 1365.54 	 	 1365.54 	 	 0 
104 	 3 	 405  	 1365.54 	  	 1365.54 	 	 1365.54 	 	 0 
104 	 3 	 406  	 1365.54 	  	 1365.54 	 	 1365.54 	 	 0 
104 	 3 	 407  	 1365.54 	  	 1365.54 	 	 1365.54 	 	 0 
104 	 3 	 408  	 1365.54 	  	 1365.54 	 	 1365.54 	 	 0 
104 	 3 	 409  	 1365.54 	  	 1365.54 	 	 1365.54 	 	 0 
104 	 3 	 410  	 1365.54 	  	 1365.54 	 	 1365.54 	 	 0 
104 	 3 	 411  	 1365.54 	  	 1365.54 	 	 1365.54 	 	 0 
104 	 3 	 412  	 1365.54 	  	 1365.54 	 	 1365.54 	 	 0 
104 	 3 	 413  	 1365.54 	  	 1365.54 	 	 1365.54 	 	 0 
104 	 3 	 414  	 1365.54 	  	 1365.54 	 	 1365.54 	 	 0 
104 	 3 	 415  	 1365.54 	  	 1365.54 	 	 1365.54 	 	 0 
104 	 3 	 416  	 1365.54 	  	 1365.54 	 	 1365.54 	 	 0 
104 	 3 	 417  	 1365.54 	  	 1365.54 	 	 1365.54 	 	 0 
104 	 3 	 418  	 1365.54 	  	 1365.54 	 	 1365.54 	 	 0 
104 	 3 	 419  	 1365.54 	  	 1365.54 	 	 1365.54 	 	 0 
104 	 3 	 420  	 1365.54 	  	 1365.54 	 	 1365.54 	 	 0 
104 	 3 	 421  	 1365.54 	  	 1365.54 	 	 1365.54 	 	 0 
104 	 3 	 422  	 1365.54 	  	 1365.54 	 	 1365.54 	 	 0 
104 	 3 	 423  	 1365.54 	  	 1365.54 	 	 1365.54 	 	 0 
104 	 3 	 424  	 1365.54 	  	 1365.54 	 	 1365.54 	 	 0 
104 	 3 	 425  	 1365.54 	  	 1365.54 	 	 1365.54 	 	 0 
104 	 3 	 426  	 1365.54 	  	 1365.54 	 	 1365.54 	 	 0 
104 	 3 	 427  	 1365.54 	  	 1365.54 	 	 1365.54 	 	 0 
104 	 3 	 428  	 1365.54 	  	 1365.54 	 	 1365.54 	 	 0 
104 	 3 	 429  	 1365.54 	  	 1365.54 	 	 1365.54 	 	 0 
104 	 3 	 430  	 1365.54 	  	 1365.54 	 	 1365.54 	 	 0 
104 	 3 	 431  	 1365.54 	  	 1365.54 	 	 1365.54 	 	 0 
104 	 3 	 432  	 1365.54 	  	 1365.54 	 	 1365.54 	 	 0 
104 	 3 	 433  	 1365.54 	  	 1365.54 	 	 1365.54 	 	 0 
104 	 3 	 434  	 1365.54 	  	 1365.54 	 	 1365.54 	 	 0 
104 	 3 	 435  	 1365.54 	  	 1365.54 	 	 1365.54 	 	 0 
104 	 3 	 436  	 1365.54 	  	 1365.54 	 	 1365.54 	 	 0 
104 	 3 	 437  	 1365.54 	  	 1365.54 	 	 1365.54 	 	 0 
104 	 3 	 438  	 1365.54 	  	 1365.54 	 	 1365.54 	 	 0 
104 	 3 	 439  	 1365.54 	  	 1365.54 	 	 1365.54 	 	 0 
104 	 3 	 440  	 1365.54 	  	 1365.54 	 	 1365.54 	 	 0 
104 	 3 	 441  	 1365.54 	  	 1365.54 	 	 1365.54 	 	 0 
104 	 3 	 442  	 1365.54 	  	 1365.54 	 	 1365.54 	 	 0 
104 	 3 	 443  	 1365.54 	  	 1365.54 	 	 1365.54 	 	 0 
104 	 3 	 444  	 1365.54 	  	 1365.54 	 	 1365.54 	 	 0 
104 	 3 	 445  	 1365.54 	  	 1365.54 	 	 1365.54 	 	 0 
104 	 3 	 446  	 1365.54 	  	 1365.54 	 	 1365.54 	 	 0 
104 	 3 	 447  	 1365.54 	  	 1365.54 	 	 1365.54 	 	 0 
104 	 3 	 448  	 1365.54 	  	 1365.54 	 	 1365.54 	 	 0 
104 	 3 	 449  	 1365.54 	  	 1365.54 	 	 1365.54 	 	 0 
104 	 3 	 450  	 1365.54 	  	 1365.54 	 	 1365.54 	 	 0 
104 	 3 	 451  	 1365.54 	  	 1365.54 	 	 1365.54 	 	 0 
104 	 3 	 452  	 1365.54 	  	 1365.54 	 	 1365.54 	 	 0 
104 	 3 	 453  	 1365.54 	  	 1365.54 	 	 1365.54 	 	 0 
104 	 3 	 454  	 1365.54 	  	 1365.54 	 	 1365.54 	 	 0 
104 	 3 	 455  	 1365.54 	  	 1365.54 	 	 1365.54 	 	 0 
104 	 3 	 456  	 1365.54 	  	 1365.54 	 	 1365.54 	 	 0 
104 	 3 	 457  	 1365.54 	  	 1365.54 	 	 1365.54 	 	 0 
104 	 3 	 458  	 1365.54 	  	 1365.54 	 	 1365.54 	 	 0 
104 	 3 	 459  	 1365.54 	  	 1365.54 	 	 1365.54 	 	 0 
104 	 3 	 460  	 1365.54 	  	 1365.54 	 	 1365.54 	 	 0 
104 	 3 	 461  	 1365.54 	  	 1365.54 	 	 1365.54 	 	 0 
104 	 3 	 462  	 1365.54 	  	 1365.54 	 	 1365.54 	 	 0 
104 	 3 	 463  	 1365.54 	  	 1365.54 	 	 1365.54 	 	 0 
104 	 3 	 464  	 1365.54 	  	 1365.54 	 	 1365.54 	 	 0 
104 	 3 	 465  	 1365.54 	  	 1365.54 	 	 1365.54 	 	 0 
104 	 3 	 466  	 1365.54 	  	 1365.54 	 	 1365.54 	 	 0 
104 	 3 	 467  	 1365.54 	  	 1365.54 	 	 1365.54 	 	 0 
104 	 3 	 468  	 1365.54 	  	 1365.54 	 	 1365.54 	 	 0 
104 	 3 	 469  	 1365.54 	  	 1365.54 	 	 1365.54 	 	 0 
104 	 3 	 470  	 1365.54 	  	 1365.54 	 	 1365.54 	 	 0 
104 	 3 	 471  	 1365.54 	  	 1365.54 	 	 1365.54 	 	 0 
104 	 3 	 472  	 1365.54 	  	 1365.54 	 	 1365.54 	 	 0 
104 	 3 	 473  	 1365.54 	  	 1365.54 	 	 1365.54 	 	 0 
104 	 3 	 474  	 1365.54 	  	 1365.54 	 	 1365.54 	 	 0 
104 	 3 	 475  	 1365.54 	  	 1365.54 	 	 1365.54 	 	 0 
104 	 3 	 476  	 1365.54 	  	 1365.54 	 	 1365.54 	 	 0 
104 	 3 	 477  	 1365.54 	  	 1365.54 	 	 1365.54 	 	 0 
104 	 3 	 478  	 1365.54 	  	 1365.54 	 	 1365.54 	 	 0 
104 	 3 	 479  	 1365.54 	  	 1365.54 	 	 1365.54 	 	 0 
104 	 3 	 480  	 1365.54 	  	 1365.54 	 	 1365.54 	 	 0 
104 	 3 	 481  	 1365.54 	  	 1365.54 	 	 1365.54 	 	 0 
104 	 3 	 482  	 1365.54 	  	 1365.54 	 	 1365.54 	 	 0 
104 	 3 	 483  	 1365.54 	  	 1365.54 	 	 1365.54 	 	 0 
104 	 3 	 484  	 1365.54 	  	 1365.54 	 	 1365.54 	 	 0 
104 	 3 	 485  	 1365.54 	  	 1365.54 	 	 1365.54 	 	 0 
104 	 3 	 486  	 1365.54 	  	 1365.54 	 	 1365.54 	 	 0 
104 	 3 	 487  	 1365.54 	  	 1365.54 	 	 1365.54 	 	 0 
104 	 3 	 488  	 1365.54 	  	 1365.54 	 	 1365.54 	 	 0 
104 	 3 	 489  	 1365.54 	  	 1365.54 	 	 1365.54 	 	 0 
104 	 3 	 490  	 1365.54 	  	 1365.54 	 	 1365.54 	 	 0 
104 	 3 	 491  	 1365.54 	  	 1365.54 	 	 1365.54 	 	 0 
104 	 3 	 492  	 1365.54 	  	 1365.54 	 	 1365.54 	 	 0 
104 	 3 	 493  	 1365.54 	  	 1365.54 	 	 1365.54 	 	 0 
104 	 3 	 494  	 1365.54 	  	 1365.54 	 	 1365.54 	 	 0 
104 	 3 	 495  	 1365.54 	  	 1365.54 	 	 1365.54 	 	 0 
104 	 3 	 496  	 1365.54 	  	 1365.54 	 	 1365.54 	 	 0 
104 	 3 	 497  	 1365.54 	  	 1365.54 	 	 1365.54 	 	 0 
104 	 3 	 498  	 1365.54 	  	 1365.54 	 	 1365.54 	 	 0 
104 	 3 	 499  	 1365.54 	  	 1365.54 	 	 1365.54 	 	 0 
104 	 3 	 500  	 1365.54 	  	 1365.54 	 	 1365.54 	 	 0 
104 	 3 	 501  	 1365.54 	  	 1365.54 	 	 1365.54 	 	 0 
104 	 3 	 502  	 1365.54 	  	 1365.54 	 	 1365.54 	 	 0 
104 	 3 	 503  	 1365.54 	  	 1365.54 	 	 1365.54 	 	 0 
104 	 3 	 504  	 1365.54 	  	 1365.54 	 	 1365.54 	 	 0 
104 	 3 	 505  	 1365.54 	  	 1365.54 	 	 1365.54 	 	 0 
104 	 3 	 506  	 1365.54 	  	 1365.54 	 	 1365.54 	 	 0 
104 	 3 	 507  	 1365.54 	  	 1365.54 	 	 1365.54 	 	 0 
104 	 3 	 508  	 1365.54 	  	 1365.54 	 	 1365.54 	 	 0 
104 	 3 	 509  	 1365.54 	  	 1365.54 	 	 1365.54 	 	 0 
104 	 3 	 510  	 1365.54 	  	 1365.54 	 	 1365.54 	 	 0 
104 	 3 	 511  	 1365.54 	  	 1365.54 	 	 1365.54 	 	 0 
104 	 3 	 512  	 1365.54 	  	 1365.54 	 	 1365.54 	 	 0 
104 	 3 	 513  	 1365.54 	  	 1365.54 	 	 1365.54 	 	 0 
104 	 3 	 514  	 1365.54 	  	 1365.54 	 	 1365.54 	 	 0 
104 	 3 	 515  	 1365.54 	  	 1365.54 	 	 1365.54 	 	 0 
104 	 3 	 516  	 1365.54 	  	 1365.54 	 	 1365.54 	 	 0 
104 	 3 	 517  	 1365.54 	  	 1365.54 	 	 1365.54 	 	 0 
104 	 3 	 518  	 1365.54 	  	 1365.54 	 	 1365.54 	 	 0 
104 	 3 	 519  	 1365.54 	  	 1365.54 	 	 1365.54 	 	 0 
104 	 3 	 520  	 1365.54 	  	 1365.54 	 	 1365.54 	 	 0 
104 	 3 	 521  	 1365.54 	  	 1365.54 	 	 1365.54 	 	 0 
104 	 3 	 522  	 1365.54 	  	 1365.54 	 	 1365.54 	 	 0 
104 	 3 	 523  	 1365.54 	  	 1365.54 	 	 1365.54 	 	 0 
104 	 3 	 524  	 1365.54 	  	 1365.54 	 	 1365.54 	 	 0 
104 	 3 	 525  	 1365.54 	  	 1365.54 	 	 1365.54 	 	 0 
104 	 3 	 526  	 1365.54 	  	 1365.54 	 	 1365.54 	 	 0 
104 	 3 	 527  	 1365.54 	  	 1365.54 	 	 1365.54 	 	 0 
104 	 3 	 528  	 1365.54 	  	 1365.54 	 	 1365.54 	 	 0 
104 	 3 	 529  	 1365.54 	  	 1365.54 	 	 1365.54 	 	 0 
104 	 3 	 530  	 1365.54 	  	 1365.54 	 	 1365.54 	 	 0 
104 	 3 	 531  	 1365.54 	  	 1365.54 	 	 1365.54 	 	 0 
104 	 3 	 532  	 1365.54 	  	 1365.54 	 	 1365.54 	 	 0 
104 	 3 	 533  	 1365.54 	  	 1365.54 	 	 1365.54 	 	 0 
104 	 3 	 534  	 1365.54 	  	 1365.54 	 	 1365.54 	 	 0 
104 	 3 	 535  	 1365.54 	  	 1365.54 	 	 1365.54 	 	 0 
104 	 3 	 536  	 1365.54 	  	 1365.54 	 	 1365.54 	 	 0 
104 	 3 	 537  	 1365.54 	  	 1365.54 	 	 1365.54 	 	 0 
104 	 3 	 538  	 1365.54 	  	 1365.54 	 	 1365.54 	 	 0 
104 	 3 	 539  	 1365.54 	  	 1365.54 	 	 1365.54 	 	 0 
104 	 3 	 540  	 1365.54 	  	 1365.54 	 	 1365.54 	 	 0 
104 	 3 	 541  	 1365.54 	  	 1365.54 	 	 1365.54 	 	 0 
104 	 3 	 542  	 1365.54 	  	 1365.54 	 	 1365.54 	 	 0 
104 	 3 	 543  	 1365.54 	  	 1365.54 	 	 1365.54 	 	 0 
104 	 3 	 544  	 1365.54 	  	 1365.54 	 	 1365.54 	 	 0 
104 	 3 	 545  	 1365.54 	  	 1365.54 	 	 1365.54 	 	 0 
104 	 3 	 546  	 1365.54 	  	 1365.54 	 	 1365.54 	 	 0 
104 	 3 	 547  	 1365.54 	  	 1365.54 	 	 1365.54 	 	 0 
104 	 3 	 548  	 1365.54 	  	 1365.54 	 	 1365.54 	 	 0 
104 	 3 	 549  	 1365.54 	  	 1365.54 	 	 1365.54 	 	 0 
104 	 3 	 550  	 1365.54 	  	 1365.54 	 	 1365.54 	 	 0 
104 	 3 	 551  	 1365.54 	  	 1365.54 	 	 1365.54 	 	 0 
104 	 3 	 552  	 1365.54 	  	 1365.54 	 	 1365.54 	 	 0 
104 	 3 	 553  	 1365.54 	  	 1365.54 	 	 1365.54 	 	 0 
104 	 3 	 554  	 1365.54 	  	 1365.54 	 	 1365.54 	 	 0 
104 	 3 	 555  	 1365.54 	  	 1365.54 	 	 1365.54 	 	 0 
104 	 3 	 556  	 1365.54 	  	 1365.54 	 	 1365.54 	 	 0 
104 	 3 	 557  	 1365.54 	  	 1365.54 	 	 1365.54 	 	 0 
104 	 3 	 558  	 1365.54 	  	 1365.54 	 	 1365.54 	 	 0 
104 	 3 	 559  	 1365.54 	  	 1365.54 	 	 1365.54 	 	 0 
104 	 3 	 560  	 1365.54 	  	 1365.54 	 	 1365.54 	 	 0 
104 	 3 	 561  	 1365.54 	  	 1365.54 	 	 1365.54 	 	 0 
104 	 3 	 562  	 1365.54 	  	 1365.54 	 	 1365.54 	 	 0 
104 	 3 	 563  	 1365.54 	  	 1365.54 	 	 1365.54 	 	 0 
104 	 3 	 564  	 1365.54 	  	 1365.54 	 	 1365.54 	 	 0 
104 	 3 	 565  	 1365.54 	  	 1365.54 	 	 1365.54 	 	 0 
104 	 3 	 566  	 1365.54 	  	 1365.54 	 	 1365.54 	 	 0 
104 	 3 	 567  	 1365.54 	  	 1365.54 	 	 1365.54 	 	 0 
104 	 3 	 568  	 1365.54 	  	 1365.54 	 	 1365.54 	 	 0 
104 	 3 	 569  	 1365.54 	  	 1365.54 	 	 1365.54 	 	 0 
104 	 3 	 570  	 1365.54 	  	 1365.54 	 	 1365.54 	 	 0 
104 	 3 	 571  	 1365.54 	  	 1365.54 	 	 1365.54 	 	 0 
104 	 3 	 572  	 1365.54 	  	 1365.54 	 	 1365.54 	 	 0 
104 	 3 	 573  	 1365.54 	  	 1365.54 	 	 1365.54 	 	 0 
104 	 3 	 574  	 1365.54 	  	 1365.54 	 	 1365.54 	 	 0 
104 	 3 	 575  	 1365.54 	  	 1365.54 	 	 1365.54 	 	 0 
104 	 3 	 576  	 1365.54 	  	 1365.54 	 	 1365.54 	 	 0 
104 	 3 	 577  	 1365.54 	  	 1365.54 	 	 1365.54 	 	 0 
104 	 3 	 578  	 1365.54 	  	 1365.54 	 	 1365.54 	 	 0 
104 	 3 	 579  	 1365.54 	  	 1365.54 	 	 1365.54 	 	 0 
104 	 3 	 580  	 1365.54 	  	 1365.54 	 	 1365.54 	 	 0 
104 	 3 	 581  	 1365.54 	  	 1365.54 	 	 1365.54 	 	 0 
104 	 3 	 582  	 1365.54 	  	 1365.54 	 	 1365.54 	 	 0 
104 	 3 	 583  	 1365.54 	  	 1365.54 	 	 1365.54 	 	 0 
104 	 3 	 584  	 1365.54 	  	 1365.54 	 	 1365.54 	 	 0 
104 	 3 	 585  	 1365.54 	  	 1365.54 	 	 1365.54 	 	 0 
104 	 3 	 586  	 1365.54 	  	 1365.54 	 	 1365.54 	 	 0 
104 	 3 	 587  	 1365.54 	  	 1365.54 	 	 1365.54 	 	 0 
104 	 3 	 588  	 1365.54 	  	 1365.54 	 	 1365.54 	 	 0 
104 	 3 	 589  	 1365.54 	  	 1365.54 	 	 1365.54 	 	 0 
104 	 3 	 590  	 1365.54 	  	 1365.54 	 	 1365.54 	 	 0 
104 	 3 	 591  	 1365.54 	  	 1365.54 	 	 1365.54 	 	 0 
104 	 3 	 592  	 1365.54 	  	 1365.54 	 	 1365.54 	 	 0 
104 	 3 	 593  	 1365.54 	  	 1365.54 	 	 1365.54 	 	 0 
104 	 3 	 594  	 1365.54 	  	 1365.54 	 	 1365.54 	 	 0 
104 	 3 	 595  	 1365.54 	  	 1365.54 	 	 1365.54 	 	 0 
104 	 3 	 596  	 1365.54 	  	 1365.54 	 	 1365.54 	 	 0 
104 	 3 	 597  	 1365.54 	  	 1365.54 	 	 1365.54 	 	 0 
104 	 3 	 598  	 1365.54 	  	 1365.54 	 	 1365.54 	 	 0 
104 	 3 	 599  	 1365.54 	  	 1365.54 	 	 1365.54 	 	 0 
104 	 3 	 600  	 1365.54 	  	 1365.54 	 	 1365.54 	 	 0 
104 	 3 	 601  	 1365.54 	  	 1365.54 	 	 1365.54 	 	 0 
104 	 3 	 602  	 1365.54 	  	 1365.54 	 	 1365.54 	 	 0 
104 	 3 	 603  	 1365.54 	  	 1365.54 	 	 1365.54 	 	 0 
104 	 3 	 604  	 1365.54 	  	 1365.54 	 	 1365.54 	 	 0 
104 	 3 	 605  	 1365.54 	  	 1365.54 	 	 1365.54 	 	 0 
104 	 3 	 606  	 1365.54 	  	 1365.54 	 	 1365.54 	 	 0 
104 	 3 	 607  	 1365.54 	  	 1365.54 	 	 1365.54 	 	 0 
104 	 3 	 608  	 1365.54 	  	 1365.54 	 	 1365.54 	 	 0 
104 	 3 	 609  	 1365.54 	  	 1365.54 	 	 1365.54 	 	 0 
104 	 3 	 610  	 1365.54 	  	 1365.54 	 	 1365.54 	 	 0 
104 	 3 	 611  	 1365.54 	  	 1365.54 	 	 1365.54 	 	 0 
104 	 3 	 612  	 1365.54 	  	 1365.54 	 	 1365.54 	 	 0 
104 	 3 	 613  	 1365.54 	  	 1365.54 	 	 1365.54 	 	 0 
104 	 3 	 614  	 1365.54 	  	 1365.54 	 	 1365.54 	 	 0 
104 	 3 	 615  	 1365.54 	  	 1365.54 	 	 1365.54 	 	 0 
104 	 3 	 616  	 1365.54 	  	 1365.54 	 	 1365.54 	 	 0 
104 	 3 	 617  	 1365.54 	  	 1365.54 	 	 1365.54 	 	 0 
104 	 3 	 618  	 1365.54 	  	 1365.54 	 	 1365.54 	 	 0 
104 	 3 	 619  	 1365.54 	  	 1365.54 	 	 1365.54 	 	 0 
104 	 3 	 620  	 1365.54 	  	 1365.54 	 	 1365.54 	 	 0 
104 	 3 	 621  	 1365.54 	  	 1365.54 	 	 1365.54 	 	 0 
104 	 3 	 622  	 1365.54 	  	 1365.54 	 	 1365.54 	 	 0 
104 	 3 	 623  	 1365.54 	  	 1365.54 	 	 1365.54 	 	 0 
104 	 3 	 624  	 1365.54 	  	 1365.54 	 	 1365.54 	 	 0 
104 	 3 	 625  	 1365.54 	  	 1365.54 	 	 1365.54 	 	 0 
104 	 3 	 626  	 1365.54 	  	 1365.54 	 	 1365.54 	 	 0 
104 	 3 	 627  	 1365.54 	  	 1365.54 	 	 1365.54 	 	 0 
104 	 3 	 628  	 1365.54 	  	 1365.54 	 	 1365.54 	 	 0 
104 	 3 	 629  	 1365.54 	  	 1365.54 	 	 1365.54 	 	 0 
104 	 3 	 630  	 1365.54 	  	 1365.54 	 	 1365.54 	 	 0 
104 	 3 	 631  	 1365.54 	  	 1365.54 	 	 1365.54 	 	 0 
104 	 3 	 632  	 1365.54 	  	 1365.54 	 	 1365.54 	 	 0 
104 	 3 	 633  	 1365.54 	  	 1365.54 	 	 1365.54 	 	 0 
104 	 3 	 634  	 1365.54 	  	 1365.54 	 	 1365.54 	 	 0 
104 	 3 	 635  	 1365.54 	  	 1365.54 	 	 1365.54 	 	 0 
104 	 3 	 636  	 1365.54 	  	 1365.54 	 	 1365.54 	 	 0 
104 	 3 	 637  	 1365.54 	  	 1365.54 	 	 1365.54 	 	 0 
104 	 3 	 638  	 1365.54 	  	 1365.54 	 	 1365.54 	 	 0 
104 	 3 	 639  	 1365.54 	  	 1365.54 	 	 1365.54 	 	 0 
104 	 3 	 640  	 1365.54 	  	 1365.54 	 	 1365.54 	 	 0 
104 	 3 	 641  	 1365.54 	  	 1365.54 	 	 1365.54 	 	 0 
104 	 3 	 642  	 1365.54 	  	 1365.54 	 	 1365.54 	 	 0 
104 	 3 	 643  	 1365.54 	  	 1365.54 	 	 1365.54 	 	 0 
104 	 3 	 644  	 1365.54 	  	 1365.54 	 	 1365.54 	 	 0 
104 	 3 	 645  	 1365.54 	  	 1365.54 	 	 1365.54 	 	 0 
104 	 3 	 646  	 1365.54 	  	 1365.54 	 	 1365.54 	 	 0 
104 	 3 	 647  	 1365.54 	  	 1365.54 	 	 1365.54 	 	 0 
104 	 3 	 648  	 1365.54 	  	 1365.54 	 	 1365.54 	 	 0 
104 	 3 	 649  	 1365.54 	  	 1365.54 	 	 1365.54 	 	 0 
104 	 3 	 650  	 1365.54 	  	 1365.54 	 	 1365.54 	 	 0 
104 	 3 	 651  	 1365.54 	  	 1365.54 	 	 1365.54 	 	 0 
104 	 3 	 652  	 1365.54 	  	 1365.54 	 	 1365.54 	 	 0 
104 	 3 	 653  	 1365.54 	  	 1365.54 	 	 1365.54 	 	 0 
104 	 3 	 654  	 1365.54 	  	 1365.54 	 	 1365.54 	 	 0 
104 	 3 	 655  	 1365.54 	  	 1365.54 	 	 1365.54 	 	 0 
104 	 3 	 656  	 1365.54 	  	 1365.54 	 	 1365.54 	 	 0 
104 	 3 	 657  	 1365.54 	  	 1365.54 	 	 1365.54 	 	 0 
104 	 3 	 658  	 1365.54 	  	 1365.54 	 	 1365.54 	 	 0 
104 	 3 	 659  	 1365.54 	  	 1365.54 	 	 1365.54 	 	 0 
104 	 3 	 660  	 1365.54 	  	 1365.54 	 	 1365.54 	 	 0 
104 	 3 	 661  	 1365.54 	  	 1365.54 	 	 1365.54 	 	 0 
104 	 3 	 662  	 1365.54 	  	 1365.54 	 	 1365.54 	 	 0 
104 	 3 	 663  	 1365.54 	  	 1365.54 	 	 1365.54 	 	 0 
104 	 3 	 664  	 1365.54 	  	 1365.54 	 	 1365.54 	 	 0 
104 	 3 	 665  	 1365.54 	  	 1365.54 	 	 1365.54 	 	 0 
104 	 3 	 666  	 1365.54 	  	 1365.54 	 	 1365.54 	 	 0 
104 	 3 	 667  	 1365.54 	  	 1365.54 	 	 1365.54 	 	 0 
104 	 3 	 668  	 1365.54 	  	 1365.54 	 	 1365.54 	 	 0 
104 	 3 	 669  	 1365.54 	  	 1365.54 	 	 1365.54 	 	 0 
104 	 3 	 670  	 1365.54 	  	 1365.54 	 	 1365.54 	 	 0 
104 	 3 	 671  	 1365.54 	  	 1365.54 	 	 1365.54 	 	 0 
104 	 3 	 672  	 1365.54 	  	 1365.54 	 	 1365.54 	 	 0 
104 	 3 	 673  	 1365.54 	  	 1365.54 	 	 1365.54 	 	 0 
104 	 3 	 674  	 1365.54 	  	 1365.54 	 	 1365.54 	 	 0 
104 	 3 	 675  	 1365.54 	  	 1365.54 	 	 1365.54 	 	 0 
104 	 3 	 676  	 1365.54 	  	 1365.54 	 	 1365.54 	 	 0 
104 	 3 	 677  	 1365.54 	  	 1365.54 	 	 1365.54 	 	 0 
104 	 3 	 678  	 1365.54 	  	 1365.54 	 	 1365.54 	 	 0 
104 	 3 	 679  	 1365.54 	  	 1365.54 	 	 1365.54 	 	 0 
104 	 3 	 680  	 1365.54 	  	 1365.54 	 	 1365.54 	 	 0 
104 	 3 	 681  	 1365.54 	  	 1365.54 	 	 1365.54 	 	 0 
104 	 3 	 682  	 1365.54 	  	 1365.54 	 	 1365.54 	 	 0 
104 	 3 	 683  	 1365.54 	  	 1365.54 	 	 1365.54 	 	 0 
104 	 3 	 684  	 1365.54 	  	 1365.54 	 	 1365.54 	 	 0 
104 	 3 	 685  	 1365.54 	  	 1365.54 	 	 1365.54 	 	 0 
104 	 3 	 686  	 1365.54 	  	 1365.54 	 	 1365.54 	 	 0 
104 	 3 	 687  	 1365.54 	  	 1365.54 	 	 1365.54 	 	 0 
104 	 3 	 688  	 1365.54 	  	 1365.54 	 	 1365.54 	 	 0 
104 	 3 	 689  	 1365.54 	  	 1365.54 	 	 1365.54 	 	 0 
104 	 3 	 690  	 1365.54 	  	 1365.54 	 	 1365.54 	 	 0 
104 	 3 	 691  	 1365.54 	  	 1365.54 	 	 1365.54 	 	 0 
104 	 3 	 692  	 1365.54 	  	 1365.54 	 	 1365.54 	 	 0 
104 	 3 	 693  	 1365.54 	  	 1365.54 	 	 1365.54 	 	 0 
104 	 3 	 694  	 1365.54 	  	 1365.54 	 	 1365.54 	 	 0 
104 	 3 	 695  	 1365.54 	  	 1365.54 	 	 1365.54 	 	 0 
104 	 3 	 696  	 1365.54 	  	 1365.54 	 	 1365.54 	 	 0 
104 	 3 	 697  	 1365.54 	  	 1365.54 	 	 1365.54 	 	 0 
104 	 3 	 698  	 1365.54 	  	 1365.54 	 	 1365.54 	 	 0 
104 	 3 	 699  	 1365.54 	  	 1365.54 	 	 1365.54 	 	 0 
104 	 3 	 700  	 1365.54 	  	 1365.54 	 	 1365.54 	 	 0 
104 	 3 	 701  	 1365.54 	  	 1365.54 	 	 1365.54 	 	 0 
104 	 3 	 702  	 1365.54 	  	 1365.54 	 	 1365.54 	 	 0 
104 	 3 	 703  	 1365.54 	  	 1365.54 	 	 1365.54 	 	 0 
104 	 3 	 704  	 1365.54 	  	 1365.54 	 	 1365.54 	 	 0 
104 	 3 	 705  	 1365.54 	  	 1365.54 	 	 1365.54 	 	 0 
104 	 3 	 706  	 1365.54 	  	 1365.54 	 	 1365.54 	 	 0 
104 	 3 	 707  	 1365.54 	  	 1365.54 	 	 1365.54 	 	 0 
104 	 3 	 708  	 1365.54 	  	 1365.54 	 	 1365.54 	 	 0 
104 	 3 	 709  	 1365.54 	  	 1365.54 	 	 1365.54 	 	 0 
104 	 3 	 710  	 1365.54 	  	 1365.54 	 	 1365.54 	 	 0 
104 	 3 	 711  	 1365.54 	  	 1365.54 	 	 1365.54 	 	 0 
104 	 3 	 712  	 1365.54 	  	 1365.54 	 	 1365.54 	 	 0 
104 	 3 	 713  	 1365.54 	  	 1365.54 	 	 1365.54 	 	 0 
104 	 3 	 714  	 1365.54 	  	 1365.54 	 	 1365.54 	 	 0 
104 	 3 	 715  	 1365.54 	  	 1365.54 	 	 1365.54 	 	 0 
104 	 3 	 716  	 1365.54 	  	 1365.54 	 	 1365.54 	 	 0 
104 	 3 	 717  	 1365.54 	  	 1365.54 	 	 1365.54 	 	 0 
104 	 3 	 718  	 1365.54 	  	 1365.54 	 	 1365.54 	 	 0 
104 	 3 	 719  	 1365.54 	  	 1365.54 	 	 1365.54 	 	 0 
104 	 3 	 720  	 1365.54 	  	 1365.54 	 	 1365.54 	 	 0 
104 	 3 	 721  	 1365.54 	  	 1365.54 	 	 1365.54 	 	 0 
104 	 3 	 722  	 1365.54 	  	 1365.54 	 	 1365.54 	 	 0 
104 	 3 	 723  	 1365.54 	  	 1365.54 	 	 1365.54 	 	 0 
104 	 3 	 724  	 1365.54 	  	 1365.54 	 	 1365.54 	 	 0 
104 	 3 	 725  	 1365.54 	  	 1365.54 	 	 1365.54 	 	 0 
104 	 3 	 726  	 1365.54 	  	 1365.54 	 	 1365.54 	 	 0 
104 	 3 	 727  	 1365.54 	  	 1365.54 	 	 1365.54 	 	 0 
104 	 3 	 728  	 1365.54 	  	 1365.54 	 	 1365.54 	 	 0 
