1 	 1 	 1  	 173832 	  	 173832 	 	 0 	 	 173832  
1 	 2 	 2  	 72726 	  	 72726 	 	 0 	 	 72726 
1 	 3 	 3  	 337.858 	  	 337.858 	 	 0 	 	 337.858 
1 	 4 	 4  	 99132.3 	  	 99132.3 	 	 0 	 	 99132.3 
1 	 5 	 5  	 354745 	  	 354745 	 	 0 	 	 354745 
1 	 6 	 6  	 44186.9 	  	 44186.9 	 	 0 	 	 44186.9 
1 	 7 	 7  	 33787.8 	  	 33787.8 	 	 0 	 	 33787.8 
2 	 1 	 8  	 176266 	  	 176266 	 	 173832 	 	 2433.67 
2 	 2 	 9  	 72730.7 	  	 72730.7 	 	 72726 	 	 4.69995 
2 	 3 	 10  	 1331.93 	  	 1331.93 	 	 337.858 	 	 994.075 
2 	 4 	 11  	 100180 	  	 100180 	 	 99132.3 	 	 1047.65 
2 	 5 	 12  	 357590 	  	 357590 	 	 354745 	 	 2845.42 
2 	 6 	 13  	 45919.6 	  	 45919.6 	 	 44186.9 	 	 1732.73 
2 	 7 	 14  	 33787.8 	  	 33787.8 	 	 33787.8 	 	 0 
3 	 1 	 15  	 176475 	  	 176475 	 	 176266 	 	 209.188 
3 	 2 	 16  	 73141.9 	  	 73141.9 	 	 72730.7 	 	 411.222 
3 	 3 	 17  	 1365.54 	  	 1365.54 	 	 1331.93 	 	 33.6067 
3 	 4 	 18  	 100402 	  	 100402 	 	 100180 	 	 222.438 
3 	 5 	 19  	 359392 	  	 359392 	 	 357590 	 	 1802.16 
3 	 6 	 20  	 47095.9 	  	 47095.9 	 	 45919.6 	 	 1176.26 
3 	 7 	 21  	 34559.3 	  	 34559.3 	 	 33787.8 	 	 771.532 
4 	 1 	 22  	 176475 	  	 176475 	 	 176475 	 	 0 
4 	 2 	 23  	 73141.9 	  	 73141.9 	 	 73141.9 	 	 0 
4 	 3 	 24  	 1365.54 	  	 1365.54 	 	 1365.54 	 	 0 
4 	 4 	 25  	 100402 	  	 100402 	 	 100402 	 	 0 
4 	 5 	 26  	 360975 	  	 360975 	 	 359392 	 	 1582.95 
4 	 6 	 27  	 47095.9 	  	 47095.9 	 	 47095.9 	 	 0 
4 	 7 	 28  	 34559.3 	  	 34559.3 	 	 34559.3 	 	 0 
5 	 1 	 29  	 176475 	  	 176475 	 	 176475 	 	 0 
5 	 2 	 30  	 73141.9 	  	 73141.9 	 	 73141.9 	 	 0 
5 	 3 	 31  	 1365.54 	  	 1365.54 	 	 1365.54 	 	 0 
5 	 4 	 32  	 100402 	  	 100402 	 	 100402 	 	 0 
5 	 5 	 33  	 360975 	  	 360975 	 	 360975 	 	 0 
5 	 6 	 34  	 47095.9 	  	 47095.9 	 	 47095.9 	 	 0 
5 	 7 	 35  	 34559.3 	  	 34559.3 	 	 34559.3 	 	 0 
6 	 1 	 36  	 176475 	  	 176475 	 	 176475 	 	 0 
6 	 2 	 37  	 73141.9 	  	 73141.9 	 	 73141.9 	 	 0 
6 	 3 	 38  	 1365.54 	  	 1365.54 	 	 1365.54 	 	 0 
6 	 4 	 39  	 100402 	  	 100402 	 	 100402 	 	 0 
6 	 5 	 40  	 360975 	  	 360975 	 	 360975 	 	 0 
6 	 6 	 41  	 47095.9 	  	 47095.9 	 	 47095.9 	 	 0 
6 	 7 	 42  	 34559.3 	  	 34559.3 	 	 34559.3 	 	 0 
7 	 1 	 43  	 176475 	  	 176475 	 	 176475 	 	 0 
7 	 2 	 44  	 73141.9 	  	 73141.9 	 	 73141.9 	 	 0 
7 	 3 	 45  	 1365.54 	  	 1365.54 	 	 1365.54 	 	 0 
7 	 4 	 46  	 100402 	  	 100402 	 	 100402 	 	 0 
7 	 5 	 47  	 360975 	  	 360975 	 	 360975 	 	 0 
7 	 6 	 48  	 47095.9 	  	 47095.9 	 	 47095.9 	 	 0 
7 	 7 	 49  	 34559.3 	  	 34559.3 	 	 34559.3 	 	 0 
8 	 1 	 50  	 176475 	  	 176475 	 	 176475 	 	 0 
8 	 2 	 51  	 73141.9 	  	 73141.9 	 	 73141.9 	 	 0 
8 	 3 	 52  	 1365.54 	  	 1365.54 	 	 1365.54 	 	 0 
8 	 4 	 53  	 100402 	  	 100402 	 	 100402 	 	 0 
8 	 5 	 54  	 360975 	  	 360975 	 	 360975 	 	 0 
8 	 6 	 55  	 47095.9 	  	 47095.9 	 	 47095.9 	 	 0 
8 	 7 	 56  	 34559.3 	  	 34559.3 	 	 34559.3 	 	 0 
9 	 1 	 57  	 176475 	  	 176475 	 	 176475 	 	 0 
9 	 2 	 58  	 73141.9 	  	 73141.9 	 	 73141.9 	 	 0 
9 	 3 	 59  	 1365.54 	  	 1365.54 	 	 1365.54 	 	 0 
9 	 4 	 60  	 100402 	  	 100402 	 	 100402 	 	 0 
9 	 5 	 61  	 360975 	  	 360975 	 	 360975 	 	 0 
9 	 6 	 62  	 47095.9 	  	 47095.9 	 	 47095.9 	 	 0 
9 	 7 	 63  	 34559.3 	  	 34559.3 	 	 34559.3 	 	 0 
10 	 1 	 64  	 176475 	  	 176475 	 	 176475 	 	 0 
10 	 2 	 65  	 73141.9 	  	 73141.9 	 	 73141.9 	 	 0 
10 	 3 	 66  	 1365.54 	  	 1365.54 	 	 1365.54 	 	 0 
10 	 4 	 67  	 100402 	  	 100402 	 	 100402 	 	 0 
10 	 5 	 68  	 360975 	  	 360975 	 	 360975 	 	 0 
10 	 6 	 69  	 47095.9 	  	 47095.9 	 	 47095.9 	 	 0 
10 	 7 	 70  	 34559.3 	  	 34559.3 	 	 34559.3 	 	 0 
11 	 1 	 71  	 176475 	  	 176475 	 	 176475 	 	 0 
11 	 2 	 72  	 73141.9 	  	 73141.9 	 	 73141.9 	 	 0 
11 	 3 	 73  	 1365.54 	  	 1365.54 	 	 1365.54 	 	 0 
11 	 4 	 74  	 100402 	  	 100402 	 	 100402 	 	 0 
11 	 5 	 75  	 360975 	  	 360975 	 	 360975 	 	 0 
11 	 6 	 76  	 47095.9 	  	 47095.9 	 	 47095.9 	 	 0 
11 	 7 	 77  	 34559.3 	  	 34559.3 	 	 34559.3 	 	 0 
12 	 1 	 78  	 176475 	  	 176475 	 	 176475 	 	 0 
12 	 2 	 79  	 73141.9 	  	 73141.9 	 	 73141.9 	 	 0 
12 	 3 	 80  	 1365.54 	  	 1365.54 	 	 1365.54 	 	 0 
12 	 4 	 81  	 100402 	  	 100402 	 	 100402 	 	 0 
12 	 5 	 82  	 360975 	  	 360975 	 	 360975 	 	 0 
12 	 6 	 83  	 47095.9 	  	 47095.9 	 	 47095.9 	 	 0 
12 	 7 	 84  	 34559.3 	  	 34559.3 	 	 34559.3 	 	 0 
13 	 1 	 85  	 176475 	  	 176475 	 	 176475 	 	 0 
13 	 2 	 86  	 73141.9 	  	 73141.9 	 	 73141.9 	 	 0 
13 	 3 	 87  	 1365.54 	  	 1365.54 	 	 1365.54 	 	 0 
13 	 4 	 88  	 100402 	  	 100402 	 	 100402 	 	 0 
13 	 5 	 89  	 360975 	  	 360975 	 	 360975 	 	 0 
13 	 6 	 90  	 47095.9 	  	 47095.9 	 	 47095.9 	 	 0 
13 	 7 	 91  	 34559.3 	  	 34559.3 	 	 34559.3 	 	 0 
14 	 1 	 92  	 176475 	  	 176475 	 	 176475 	 	 0 
14 	 2 	 93  	 73141.9 	  	 73141.9 	 	 73141.9 	 	 0 
14 	 3 	 94  	 1365.54 	  	 1365.54 	 	 1365.54 	 	 0 
14 	 4 	 95  	 100402 	  	 100402 	 	 100402 	 	 0 
14 	 5 	 96  	 360975 	  	 360975 	 	 360975 	 	 0 
14 	 6 	 97  	 47095.9 	  	 47095.9 	 	 47095.9 	 	 0 
14 	 7 	 98  	 34559.3 	  	 34559.3 	 	 34559.3 	 	 0 
15 	 1 	 99  	 176475 	  	 176475 	 	 176475 	 	 0 
15 	 2 	 100  	 73141.9 	  	 73141.9 	 	 73141.9 	 	 0 
15 	 3 	 101  	 1365.54 	  	 1365.54 	 	 1365.54 	 	 0 
15 	 4 	 102  	 100402 	  	 100402 	 	 100402 	 	 0 
15 	 5 	 103  	 360975 	  	 360975 	 	 360975 	 	 0 
15 	 6 	 104  	 47095.9 	  	 47095.9 	 	 47095.9 	 	 0 
15 	 7 	 105  	 34559.3 	  	 34559.3 	 	 34559.3 	 	 0 
16 	 1 	 106  	 176475 	  	 176475 	 	 176475 	 	 0 
16 	 2 	 107  	 73141.9 	  	 73141.9 	 	 73141.9 	 	 0 
16 	 3 	 108  	 1365.54 	  	 1365.54 	 	 1365.54 	 	 0 
16 	 4 	 109  	 100402 	  	 100402 	 	 100402 	 	 0 
16 	 5 	 110  	 360975 	  	 360975 	 	 360975 	 	 0 
16 	 6 	 111  	 47095.9 	  	 47095.9 	 	 47095.9 	 	 0 
16 	 7 	 112  	 34559.3 	  	 34559.3 	 	 34559.3 	 	 0 
17 	 1 	 113  	 176475 	  	 176475 	 	 176475 	 	 0 
17 	 2 	 114  	 73141.9 	  	 73141.9 	 	 73141.9 	 	 0 
17 	 3 	 115  	 1365.54 	  	 1365.54 	 	 1365.54 	 	 0 
17 	 4 	 116  	 100402 	  	 100402 	 	 100402 	 	 0 
17 	 5 	 117  	 360975 	  	 360975 	 	 360975 	 	 0 
17 	 6 	 118  	 47095.9 	  	 47095.9 	 	 47095.9 	 	 0 
17 	 7 	 119  	 34559.3 	  	 34559.3 	 	 34559.3 	 	 0 
18 	 1 	 120  	 176475 	  	 176475 	 	 176475 	 	 0 
18 	 2 	 121  	 73141.9 	  	 73141.9 	 	 73141.9 	 	 0 
18 	 3 	 122  	 1365.54 	  	 1365.54 	 	 1365.54 	 	 0 
18 	 4 	 123  	 100402 	  	 100402 	 	 100402 	 	 0 
18 	 5 	 124  	 360975 	  	 360975 	 	 360975 	 	 0 
18 	 6 	 125  	 47095.9 	  	 47095.9 	 	 47095.9 	 	 0 
18 	 7 	 126  	 34559.3 	  	 34559.3 	 	 34559.3 	 	 0 
19 	 1 	 127  	 176475 	  	 176475 	 	 176475 	 	 0 
19 	 2 	 128  	 73141.9 	  	 73141.9 	 	 73141.9 	 	 0 
19 	 3 	 129  	 1365.54 	  	 1365.54 	 	 1365.54 	 	 0 
19 	 4 	 130  	 100402 	  	 100402 	 	 100402 	 	 0 
19 	 5 	 131  	 360975 	  	 360975 	 	 360975 	 	 0 
19 	 6 	 132  	 47095.9 	  	 47095.9 	 	 47095.9 	 	 0 
19 	 7 	 133  	 34559.3 	  	 34559.3 	 	 34559.3 	 	 0 
20 	 1 	 134  	 176475 	  	 176475 	 	 176475 	 	 0 
20 	 2 	 135  	 73141.9 	  	 73141.9 	 	 73141.9 	 	 0 
20 	 3 	 136  	 1365.54 	  	 1365.54 	 	 1365.54 	 	 0 
20 	 4 	 137  	 100402 	  	 100402 	 	 100402 	 	 0 
20 	 5 	 138  	 360975 	  	 360975 	 	 360975 	 	 0 
20 	 6 	 139  	 47095.9 	  	 47095.9 	 	 47095.9 	 	 0 
20 	 7 	 140  	 34559.3 	  	 34559.3 	 	 34559.3 	 	 0 
21 	 1 	 141  	 176475 	  	 176475 	 	 176475 	 	 0 
21 	 2 	 142  	 73141.9 	  	 73141.9 	 	 73141.9 	 	 0 
21 	 3 	 143  	 1365.54 	  	 1365.54 	 	 1365.54 	 	 0 
21 	 4 	 144  	 100402 	  	 100402 	 	 100402 	 	 0 
21 	 5 	 145  	 360975 	  	 360975 	 	 360975 	 	 0 
21 	 6 	 146  	 47095.9 	  	 47095.9 	 	 47095.9 	 	 0 
21 	 7 	 147  	 34559.3 	  	 34559.3 	 	 34559.3 	 	 0 
22 	 1 	 148  	 176475 	  	 176475 	 	 176475 	 	 0 
22 	 2 	 149  	 73141.9 	  	 73141.9 	 	 73141.9 	 	 0 
22 	 3 	 150  	 1365.54 	  	 1365.54 	 	 1365.54 	 	 0 
22 	 4 	 151  	 100402 	  	 100402 	 	 100402 	 	 0 
22 	 5 	 152  	 360975 	  	 360975 	 	 360975 	 	 0 
22 	 6 	 153  	 47095.9 	  	 47095.9 	 	 47095.9 	 	 0 
22 	 7 	 154  	 34559.3 	  	 34559.3 	 	 34559.3 	 	 0 
23 	 1 	 155  	 176475 	  	 176475 	 	 176475 	 	 0 
23 	 2 	 156  	 73141.9 	  	 73141.9 	 	 73141.9 	 	 0 
23 	 3 	 157  	 1365.54 	  	 1365.54 	 	 1365.54 	 	 0 
23 	 4 	 158  	 100402 	  	 100402 	 	 100402 	 	 0 
23 	 5 	 159  	 360975 	  	 360975 	 	 360975 	 	 0 
23 	 6 	 160  	 47095.9 	  	 47095.9 	 	 47095.9 	 	 0 
23 	 7 	 161  	 34559.3 	  	 34559.3 	 	 34559.3 	 	 0 
24 	 1 	 162  	 176475 	  	 176475 	 	 176475 	 	 0 
24 	 2 	 163  	 73141.9 	  	 73141.9 	 	 73141.9 	 	 0 
24 	 3 	 164  	 1365.54 	  	 1365.54 	 	 1365.54 	 	 0 
24 	 4 	 165  	 100402 	  	 100402 	 	 100402 	 	 0 
24 	 5 	 166  	 360975 	  	 360975 	 	 360975 	 	 0 
24 	 6 	 167  	 47095.9 	  	 47095.9 	 	 47095.9 	 	 0 
24 	 7 	 168  	 34559.3 	  	 34559.3 	 	 34559.3 	 	 0 
25 	 1 	 169  	 176475 	  	 176475 	 	 176475 	 	 0 
25 	 2 	 170  	 73141.9 	  	 73141.9 	 	 73141.9 	 	 0 
25 	 3 	 171  	 1365.54 	  	 1365.54 	 	 1365.54 	 	 0 
25 	 4 	 172  	 100402 	  	 100402 	 	 100402 	 	 0 
25 	 5 	 173  	 360975 	  	 360975 	 	 360975 	 	 0 
25 	 6 	 174  	 47095.9 	  	 47095.9 	 	 47095.9 	 	 0 
25 	 7 	 175  	 34559.3 	  	 34559.3 	 	 34559.3 	 	 0 
26 	 1 	 176  	 176475 	  	 176475 	 	 176475 	 	 0 
26 	 2 	 177  	 73141.9 	  	 73141.9 	 	 73141.9 	 	 0 
26 	 3 	 178  	 1365.54 	  	 1365.54 	 	 1365.54 	 	 0 
26 	 4 	 179  	 100402 	  	 100402 	 	 100402 	 	 0 
26 	 5 	 180  	 360975 	  	 360975 	 	 360975 	 	 0 
26 	 6 	 181  	 47095.9 	  	 47095.9 	 	 47095.9 	 	 0 
26 	 7 	 182  	 34559.3 	  	 34559.3 	 	 34559.3 	 	 0 
27 	 1 	 183  	 176475 	  	 176475 	 	 176475 	 	 0 
27 	 2 	 184  	 73141.9 	  	 73141.9 	 	 73141.9 	 	 0 
27 	 3 	 185  	 1365.54 	  	 1365.54 	 	 1365.54 	 	 0 
27 	 4 	 186  	 100402 	  	 100402 	 	 100402 	 	 0 
27 	 5 	 187  	 360975 	  	 360975 	 	 360975 	 	 0 
27 	 6 	 188  	 47095.9 	  	 47095.9 	 	 47095.9 	 	 0 
27 	 7 	 189  	 34559.3 	  	 34559.3 	 	 34559.3 	 	 0 
28 	 1 	 190  	 176475 	  	 176475 	 	 176475 	 	 0 
28 	 2 	 191  	 73141.9 	  	 73141.9 	 	 73141.9 	 	 0 
28 	 3 	 192  	 1365.54 	  	 1365.54 	 	 1365.54 	 	 0 
28 	 4 	 193  	 100402 	  	 100402 	 	 100402 	 	 0 
28 	 5 	 194  	 360975 	  	 360975 	 	 360975 	 	 0 
28 	 6 	 195  	 47095.9 	  	 47095.9 	 	 47095.9 	 	 0 
28 	 7 	 196  	 34559.3 	  	 34559.3 	 	 34559.3 	 	 0 
29 	 1 	 197  	 176475 	  	 176475 	 	 176475 	 	 0 
29 	 2 	 198  	 73141.9 	  	 73141.9 	 	 73141.9 	 	 0 
29 	 3 	 199  	 1365.54 	  	 1365.54 	 	 1365.54 	 	 0 
29 	 4 	 200  	 100402 	  	 100402 	 	 100402 	 	 0 
29 	 5 	 201  	 360975 	  	 360975 	 	 360975 	 	 0 
29 	 6 	 202  	 47095.9 	  	 47095.9 	 	 47095.9 	 	 0 
29 	 7 	 203  	 34559.3 	  	 34559.3 	 	 34559.3 	 	 0 
30 	 1 	 204  	 176475 	  	 176475 	 	 176475 	 	 0 
30 	 2 	 205  	 73141.9 	  	 73141.9 	 	 73141.9 	 	 0 
30 	 3 	 206  	 1365.54 	  	 1365.54 	 	 1365.54 	 	 0 
30 	 4 	 207  	 100402 	  	 100402 	 	 100402 	 	 0 
30 	 5 	 208  	 360975 	  	 360975 	 	 360975 	 	 0 
30 	 6 	 209  	 47095.9 	  	 47095.9 	 	 47095.9 	 	 0 
30 	 7 	 210  	 34559.3 	  	 34559.3 	 	 34559.3 	 	 0 
31 	 1 	 211  	 176475 	  	 176475 	 	 176475 	 	 0 
31 	 2 	 212  	 73141.9 	  	 73141.9 	 	 73141.9 	 	 0 
31 	 3 	 213  	 1365.54 	  	 1365.54 	 	 1365.54 	 	 0 
31 	 4 	 214  	 100402 	  	 100402 	 	 100402 	 	 0 
31 	 5 	 215  	 360975 	  	 360975 	 	 360975 	 	 0 
31 	 6 	 216  	 47095.9 	  	 47095.9 	 	 47095.9 	 	 0 
31 	 7 	 217  	 34559.3 	  	 34559.3 	 	 34559.3 	 	 0 
32 	 1 	 218  	 176475 	  	 176475 	 	 176475 	 	 0 
32 	 2 	 219  	 73141.9 	  	 73141.9 	 	 73141.9 	 	 0 
32 	 3 	 220  	 1365.54 	  	 1365.54 	 	 1365.54 	 	 0 
32 	 4 	 221  	 100402 	  	 100402 	 	 100402 	 	 0 
32 	 5 	 222  	 360975 	  	 360975 	 	 360975 	 	 0 
32 	 6 	 223  	 47095.9 	  	 47095.9 	 	 47095.9 	 	 0 
32 	 7 	 224  	 34559.3 	  	 34559.3 	 	 34559.3 	 	 0 
33 	 1 	 225  	 176475 	  	 176475 	 	 176475 	 	 0 
33 	 2 	 226  	 73141.9 	  	 73141.9 	 	 73141.9 	 	 0 
33 	 3 	 227  	 1365.54 	  	 1365.54 	 	 1365.54 	 	 0 
33 	 4 	 228  	 100402 	  	 100402 	 	 100402 	 	 0 
33 	 5 	 229  	 360975 	  	 360975 	 	 360975 	 	 0 
33 	 6 	 230  	 47095.9 	  	 47095.9 	 	 47095.9 	 	 0 
33 	 7 	 231  	 34559.3 	  	 34559.3 	 	 34559.3 	 	 0 
34 	 1 	 232  	 176475 	  	 176475 	 	 176475 	 	 0 
34 	 2 	 233  	 73141.9 	  	 73141.9 	 	 73141.9 	 	 0 
34 	 3 	 234  	 1365.54 	  	 1365.54 	 	 1365.54 	 	 0 
34 	 4 	 235  	 100402 	  	 100402 	 	 100402 	 	 0 
34 	 5 	 236  	 360975 	  	 360975 	 	 360975 	 	 0 
34 	 6 	 237  	 47095.9 	  	 47095.9 	 	 47095.9 	 	 0 
34 	 7 	 238  	 34559.3 	  	 34559.3 	 	 34559.3 	 	 0 
35 	 1 	 239  	 176475 	  	 176475 	 	 176475 	 	 0 
35 	 2 	 240  	 73141.9 	  	 73141.9 	 	 73141.9 	 	 0 
35 	 3 	 241  	 1365.54 	  	 1365.54 	 	 1365.54 	 	 0 
35 	 4 	 242  	 100402 	  	 100402 	 	 100402 	 	 0 
35 	 5 	 243  	 360975 	  	 360975 	 	 360975 	 	 0 
35 	 6 	 244  	 47095.9 	  	 47095.9 	 	 47095.9 	 	 0 
35 	 7 	 245  	 34559.3 	  	 34559.3 	 	 34559.3 	 	 0 
36 	 1 	 246  	 176475 	  	 176475 	 	 176475 	 	 0 
36 	 2 	 247  	 73141.9 	  	 73141.9 	 	 73141.9 	 	 0 
36 	 3 	 248  	 1365.54 	  	 1365.54 	 	 1365.54 	 	 0 
36 	 4 	 249  	 100402 	  	 100402 	 	 100402 	 	 0 
36 	 5 	 250  	 360975 	  	 360975 	 	 360975 	 	 0 
36 	 6 	 251  	 47095.9 	  	 47095.9 	 	 47095.9 	 	 0 
36 	 7 	 252  	 34559.3 	  	 34559.3 	 	 34559.3 	 	 0 
37 	 1 	 253  	 176475 	  	 176475 	 	 176475 	 	 0 
37 	 2 	 254  	 73141.9 	  	 73141.9 	 	 73141.9 	 	 0 
37 	 3 	 255  	 1365.54 	  	 1365.54 	 	 1365.54 	 	 0 
37 	 4 	 256  	 100402 	  	 100402 	 	 100402 	 	 0 
37 	 5 	 257  	 360975 	  	 360975 	 	 360975 	 	 0 
37 	 6 	 258  	 47095.9 	  	 47095.9 	 	 47095.9 	 	 0 
37 	 7 	 259  	 34559.3 	  	 34559.3 	 	 34559.3 	 	 0 
38 	 1 	 260  	 176475 	  	 176475 	 	 176475 	 	 0 
38 	 2 	 261  	 73141.9 	  	 73141.9 	 	 73141.9 	 	 0 
38 	 3 	 262  	 1365.54 	  	 1365.54 	 	 1365.54 	 	 0 
38 	 4 	 263  	 100402 	  	 100402 	 	 100402 	 	 0 
38 	 5 	 264  	 360975 	  	 360975 	 	 360975 	 	 0 
38 	 6 	 265  	 47095.9 	  	 47095.9 	 	 47095.9 	 	 0 
38 	 7 	 266  	 34559.3 	  	 34559.3 	 	 34559.3 	 	 0 
39 	 1 	 267  	 176475 	  	 176475 	 	 176475 	 	 0 
39 	 2 	 268  	 73141.9 	  	 73141.9 	 	 73141.9 	 	 0 
39 	 3 	 269  	 1365.54 	  	 1365.54 	 	 1365.54 	 	 0 
39 	 4 	 270  	 100402 	  	 100402 	 	 100402 	 	 0 
39 	 5 	 271  	 360975 	  	 360975 	 	 360975 	 	 0 
39 	 6 	 272  	 47095.9 	  	 47095.9 	 	 47095.9 	 	 0 
39 	 7 	 273  	 34559.3 	  	 34559.3 	 	 34559.3 	 	 0 
40 	 1 	 274  	 176475 	  	 176475 	 	 176475 	 	 0 
40 	 2 	 275  	 73141.9 	  	 73141.9 	 	 73141.9 	 	 0 
40 	 3 	 276  	 1365.54 	  	 1365.54 	 	 1365.54 	 	 0 
40 	 4 	 277  	 100402 	  	 100402 	 	 100402 	 	 0 
40 	 5 	 278  	 360975 	  	 360975 	 	 360975 	 	 0 
40 	 6 	 279  	 47095.9 	  	 47095.9 	 	 47095.9 	 	 0 
40 	 7 	 280  	 34559.3 	  	 34559.3 	 	 34559.3 	 	 0 
41 	 1 	 281  	 176475 	  	 176475 	 	 176475 	 	 0 
41 	 2 	 282  	 73141.9 	  	 73141.9 	 	 73141.9 	 	 0 
41 	 3 	 283  	 1365.54 	  	 1365.54 	 	 1365.54 	 	 0 
41 	 4 	 284  	 100402 	  	 100402 	 	 100402 	 	 0 
41 	 5 	 285  	 360975 	  	 360975 	 	 360975 	 	 0 
41 	 6 	 286  	 47095.9 	  	 47095.9 	 	 47095.9 	 	 0 
41 	 7 	 287  	 34559.3 	  	 34559.3 	 	 34559.3 	 	 0 
42 	 1 	 288  	 176475 	  	 176475 	 	 176475 	 	 0 
42 	 2 	 289  	 73141.9 	  	 73141.9 	 	 73141.9 	 	 0 
42 	 3 	 290  	 1365.54 	  	 1365.54 	 	 1365.54 	 	 0 
42 	 4 	 291  	 100402 	  	 100402 	 	 100402 	 	 0 
42 	 5 	 292  	 360975 	  	 360975 	 	 360975 	 	 0 
42 	 6 	 293  	 47095.9 	  	 47095.9 	 	 47095.9 	 	 0 
42 	 7 	 294  	 34559.3 	  	 34559.3 	 	 34559.3 	 	 0 
43 	 1 	 295  	 176475 	  	 176475 	 	 176475 	 	 0 
43 	 2 	 296  	 73141.9 	  	 73141.9 	 	 73141.9 	 	 0 
43 	 3 	 297  	 1365.54 	  	 1365.54 	 	 1365.54 	 	 0 
43 	 4 	 298  	 100402 	  	 100402 	 	 100402 	 	 0 
43 	 5 	 299  	 360975 	  	 360975 	 	 360975 	 	 0 
43 	 6 	 300  	 47095.9 	  	 47095.9 	 	 47095.9 	 	 0 
43 	 7 	 301  	 34559.3 	  	 34559.3 	 	 34559.3 	 	 0 
44 	 1 	 302  	 176475 	  	 176475 	 	 176475 	 	 0 
44 	 2 	 303  	 73141.9 	  	 73141.9 	 	 73141.9 	 	 0 
44 	 3 	 304  	 1365.54 	  	 1365.54 	 	 1365.54 	 	 0 
44 	 4 	 305  	 100402 	  	 100402 	 	 100402 	 	 0 
44 	 5 	 306  	 360975 	  	 360975 	 	 360975 	 	 0 
44 	 6 	 307  	 47095.9 	  	 47095.9 	 	 47095.9 	 	 0 
44 	 7 	 308  	 34559.3 	  	 34559.3 	 	 34559.3 	 	 0 
45 	 1 	 309  	 176475 	  	 176475 	 	 176475 	 	 0 
45 	 2 	 310  	 73141.9 	  	 73141.9 	 	 73141.9 	 	 0 
45 	 3 	 311  	 1365.54 	  	 1365.54 	 	 1365.54 	 	 0 
45 	 4 	 312  	 100402 	  	 100402 	 	 100402 	 	 0 
45 	 5 	 313  	 360975 	  	 360975 	 	 360975 	 	 0 
45 	 6 	 314  	 47095.9 	  	 47095.9 	 	 47095.9 	 	 0 
45 	 7 	 315  	 34559.3 	  	 34559.3 	 	 34559.3 	 	 0 
46 	 1 	 316  	 176475 	  	 176475 	 	 176475 	 	 0 
46 	 2 	 317  	 73141.9 	  	 73141.9 	 	 73141.9 	 	 0 
46 	 3 	 318  	 1365.54 	  	 1365.54 	 	 1365.54 	 	 0 
46 	 4 	 319  	 100402 	  	 100402 	 	 100402 	 	 0 
46 	 5 	 320  	 360975 	  	 360975 	 	 360975 	 	 0 
46 	 6 	 321  	 47095.9 	  	 47095.9 	 	 47095.9 	 	 0 
46 	 7 	 322  	 34559.3 	  	 34559.3 	 	 34559.3 	 	 0 
47 	 1 	 323  	 176475 	  	 176475 	 	 176475 	 	 0 
47 	 2 	 324  	 73141.9 	  	 73141.9 	 	 73141.9 	 	 0 
47 	 3 	 325  	 1365.54 	  	 1365.54 	 	 1365.54 	 	 0 
47 	 4 	 326  	 100402 	  	 100402 	 	 100402 	 	 0 
47 	 5 	 327  	 360975 	  	 360975 	 	 360975 	 	 0 
47 	 6 	 328  	 47095.9 	  	 47095.9 	 	 47095.9 	 	 0 
47 	 7 	 329  	 34559.3 	  	 34559.3 	 	 34559.3 	 	 0 
48 	 1 	 330  	 176475 	  	 176475 	 	 176475 	 	 0 
48 	 2 	 331  	 73141.9 	  	 73141.9 	 	 73141.9 	 	 0 
48 	 3 	 332  	 1365.54 	  	 1365.54 	 	 1365.54 	 	 0 
48 	 4 	 333  	 100402 	  	 100402 	 	 100402 	 	 0 
48 	 5 	 334  	 360975 	  	 360975 	 	 360975 	 	 0 
48 	 6 	 335  	 47095.9 	  	 47095.9 	 	 47095.9 	 	 0 
48 	 7 	 336  	 34559.3 	  	 34559.3 	 	 34559.3 	 	 0 
49 	 1 	 337  	 176475 	  	 176475 	 	 176475 	 	 0 
49 	 2 	 338  	 73141.9 	  	 73141.9 	 	 73141.9 	 	 0 
49 	 3 	 339  	 1365.54 	  	 1365.54 	 	 1365.54 	 	 0 
49 	 4 	 340  	 100402 	  	 100402 	 	 100402 	 	 0 
49 	 5 	 341  	 360975 	  	 360975 	 	 360975 	 	 0 
49 	 6 	 342  	 47095.9 	  	 47095.9 	 	 47095.9 	 	 0 
49 	 7 	 343  	 34559.3 	  	 34559.3 	 	 34559.3 	 	 0 
50 	 1 	 344  	 176475 	  	 176475 	 	 176475 	 	 0 
50 	 2 	 345  	 73141.9 	  	 73141.9 	 	 73141.9 	 	 0 
50 	 3 	 346  	 1365.54 	  	 1365.54 	 	 1365.54 	 	 0 
50 	 4 	 347  	 100402 	  	 100402 	 	 100402 	 	 0 
50 	 5 	 348  	 360975 	  	 360975 	 	 360975 	 	 0 
50 	 6 	 349  	 47095.9 	  	 47095.9 	 	 47095.9 	 	 0 
50 	 7 	 350  	 34559.3 	  	 34559.3 	 	 34559.3 	 	 0 
51 	 1 	 351  	 176475 	  	 176475 	 	 176475 	 	 0 
51 	 2 	 352  	 73141.9 	  	 73141.9 	 	 73141.9 	 	 0 
51 	 3 	 353  	 1365.54 	  	 1365.54 	 	 1365.54 	 	 0 
51 	 4 	 354  	 100402 	  	 100402 	 	 100402 	 	 0 
51 	 5 	 355  	 360975 	  	 360975 	 	 360975 	 	 0 
51 	 6 	 356  	 47095.9 	  	 47095.9 	 	 47095.9 	 	 0 
51 	 7 	 357  	 34559.3 	  	 34559.3 	 	 34559.3 	 	 0 
52 	 1 	 358  	 176475 	  	 176475 	 	 176475 	 	 0 
52 	 2 	 359  	 73141.9 	  	 73141.9 	 	 73141.9 	 	 0 
52 	 3 	 360  	 1365.54 	  	 1365.54 	 	 1365.54 	 	 0 
52 	 4 	 361  	 100402 	  	 100402 	 	 100402 	 	 0 
52 	 5 	 362  	 360975 	  	 360975 	 	 360975 	 	 0 
52 	 6 	 363  	 47095.9 	  	 47095.9 	 	 47095.9 	 	 0 
52 	 7 	 364  	 34559.3 	  	 34559.3 	 	 34559.3 	 	 0 
53 	 1 	 365  	 176475 	  	 176475 	 	 176475 	 	 0 
53 	 2 	 366  	 73141.9 	  	 73141.9 	 	 73141.9 	 	 0 
53 	 3 	 367  	 1365.54 	  	 1365.54 	 	 1365.54 	 	 0 
53 	 4 	 368  	 100402 	  	 100402 	 	 100402 	 	 0 
53 	 5 	 369  	 360975 	  	 360975 	 	 360975 	 	 0 
53 	 6 	 370  	 47095.9 	  	 47095.9 	 	 47095.9 	 	 0 
53 	 7 	 371  	 34559.3 	  	 34559.3 	 	 34559.3 	 	 0 
54 	 1 	 372  	 176475 	  	 176475 	 	 176475 	 	 0 
54 	 2 	 373  	 73141.9 	  	 73141.9 	 	 73141.9 	 	 0 
54 	 3 	 374  	 1365.54 	  	 1365.54 	 	 1365.54 	 	 0 
54 	 4 	 375  	 100402 	  	 100402 	 	 100402 	 	 0 
54 	 5 	 376  	 360975 	  	 360975 	 	 360975 	 	 0 
54 	 6 	 377  	 47095.9 	  	 47095.9 	 	 47095.9 	 	 0 
54 	 7 	 378  	 34559.3 	  	 34559.3 	 	 34559.3 	 	 0 
55 	 1 	 379  	 176475 	  	 176475 	 	 176475 	 	 0 
55 	 2 	 380  	 73141.9 	  	 73141.9 	 	 73141.9 	 	 0 
55 	 3 	 381  	 1365.54 	  	 1365.54 	 	 1365.54 	 	 0 
55 	 4 	 382  	 100402 	  	 100402 	 	 100402 	 	 0 
55 	 5 	 383  	 360975 	  	 360975 	 	 360975 	 	 0 
55 	 6 	 384  	 47095.9 	  	 47095.9 	 	 47095.9 	 	 0 
55 	 7 	 385  	 34559.3 	  	 34559.3 	 	 34559.3 	 	 0 
56 	 1 	 386  	 176475 	  	 176475 	 	 176475 	 	 0 
56 	 2 	 387  	 73141.9 	  	 73141.9 	 	 73141.9 	 	 0 
56 	 3 	 388  	 1365.54 	  	 1365.54 	 	 1365.54 	 	 0 
56 	 4 	 389  	 100402 	  	 100402 	 	 100402 	 	 0 
56 	 5 	 390  	 360975 	  	 360975 	 	 360975 	 	 0 
56 	 6 	 391  	 47095.9 	  	 47095.9 	 	 47095.9 	 	 0 
56 	 7 	 392  	 34559.3 	  	 34559.3 	 	 34559.3 	 	 0 
57 	 1 	 393  	 176475 	  	 176475 	 	 176475 	 	 0 
57 	 2 	 394  	 73141.9 	  	 73141.9 	 	 73141.9 	 	 0 
57 	 3 	 395  	 1365.54 	  	 1365.54 	 	 1365.54 	 	 0 
57 	 4 	 396  	 100402 	  	 100402 	 	 100402 	 	 0 
57 	 5 	 397  	 360975 	  	 360975 	 	 360975 	 	 0 
57 	 6 	 398  	 47095.9 	  	 47095.9 	 	 47095.9 	 	 0 
57 	 7 	 399  	 34559.3 	  	 34559.3 	 	 34559.3 	 	 0 
58 	 1 	 400  	 176475 	  	 176475 	 	 176475 	 	 0 
58 	 2 	 401  	 73141.9 	  	 73141.9 	 	 73141.9 	 	 0 
58 	 3 	 402  	 1365.54 	  	 1365.54 	 	 1365.54 	 	 0 
58 	 4 	 403  	 100402 	  	 100402 	 	 100402 	 	 0 
58 	 5 	 404  	 360975 	  	 360975 	 	 360975 	 	 0 
58 	 6 	 405  	 47095.9 	  	 47095.9 	 	 47095.9 	 	 0 
58 	 7 	 406  	 34559.3 	  	 34559.3 	 	 34559.3 	 	 0 
59 	 1 	 407  	 176475 	  	 176475 	 	 176475 	 	 0 
59 	 2 	 408  	 73141.9 	  	 73141.9 	 	 73141.9 	 	 0 
59 	 3 	 409  	 1365.54 	  	 1365.54 	 	 1365.54 	 	 0 
59 	 4 	 410  	 100402 	  	 100402 	 	 100402 	 	 0 
59 	 5 	 411  	 360975 	  	 360975 	 	 360975 	 	 0 
59 	 6 	 412  	 47095.9 	  	 47095.9 	 	 47095.9 	 	 0 
59 	 7 	 413  	 34559.3 	  	 34559.3 	 	 34559.3 	 	 0 
60 	 1 	 414  	 176475 	  	 176475 	 	 176475 	 	 0 
60 	 2 	 415  	 73141.9 	  	 73141.9 	 	 73141.9 	 	 0 
60 	 3 	 416  	 1365.54 	  	 1365.54 	 	 1365.54 	 	 0 
60 	 4 	 417  	 100402 	  	 100402 	 	 100402 	 	 0 
60 	 5 	 418  	 360975 	  	 360975 	 	 360975 	 	 0 
60 	 6 	 419  	 47095.9 	  	 47095.9 	 	 47095.9 	 	 0 
60 	 7 	 420  	 34559.3 	  	 34559.3 	 	 34559.3 	 	 0 
61 	 1 	 421  	 176475 	  	 176475 	 	 176475 	 	 0 
61 	 2 	 422  	 73141.9 	  	 73141.9 	 	 73141.9 	 	 0 
61 	 3 	 423  	 1365.54 	  	 1365.54 	 	 1365.54 	 	 0 
61 	 4 	 424  	 100402 	  	 100402 	 	 100402 	 	 0 
61 	 5 	 425  	 360975 	  	 360975 	 	 360975 	 	 0 
61 	 6 	 426  	 47095.9 	  	 47095.9 	 	 47095.9 	 	 0 
61 	 7 	 427  	 34559.3 	  	 34559.3 	 	 34559.3 	 	 0 
62 	 1 	 428  	 176475 	  	 176475 	 	 176475 	 	 0 
62 	 2 	 429  	 73141.9 	  	 73141.9 	 	 73141.9 	 	 0 
62 	 3 	 430  	 1365.54 	  	 1365.54 	 	 1365.54 	 	 0 
62 	 4 	 431  	 100402 	  	 100402 	 	 100402 	 	 0 
62 	 5 	 432  	 360975 	  	 360975 	 	 360975 	 	 0 
62 	 6 	 433  	 47095.9 	  	 47095.9 	 	 47095.9 	 	 0 
62 	 7 	 434  	 34559.3 	  	 34559.3 	 	 34559.3 	 	 0 
63 	 1 	 435  	 176475 	  	 176475 	 	 176475 	 	 0 
63 	 2 	 436  	 73141.9 	  	 73141.9 	 	 73141.9 	 	 0 
63 	 3 	 437  	 1365.54 	  	 1365.54 	 	 1365.54 	 	 0 
63 	 4 	 438  	 100402 	  	 100402 	 	 100402 	 	 0 
63 	 5 	 439  	 360975 	  	 360975 	 	 360975 	 	 0 
63 	 6 	 440  	 47095.9 	  	 47095.9 	 	 47095.9 	 	 0 
63 	 7 	 441  	 34559.3 	  	 34559.3 	 	 34559.3 	 	 0 
64 	 1 	 442  	 176475 	  	 176475 	 	 176475 	 	 0 
64 	 2 	 443  	 73141.9 	  	 73141.9 	 	 73141.9 	 	 0 
64 	 3 	 444  	 1365.54 	  	 1365.54 	 	 1365.54 	 	 0 
64 	 4 	 445  	 100402 	  	 100402 	 	 100402 	 	 0 
64 	 5 	 446  	 360975 	  	 360975 	 	 360975 	 	 0 
64 	 6 	 447  	 47095.9 	  	 47095.9 	 	 47095.9 	 	 0 
64 	 7 	 448  	 34559.3 	  	 34559.3 	 	 34559.3 	 	 0 
65 	 1 	 449  	 176475 	  	 176475 	 	 176475 	 	 0 
65 	 2 	 450  	 73141.9 	  	 73141.9 	 	 73141.9 	 	 0 
65 	 3 	 451  	 1365.54 	  	 1365.54 	 	 1365.54 	 	 0 
65 	 4 	 452  	 100402 	  	 100402 	 	 100402 	 	 0 
65 	 5 	 453  	 360975 	  	 360975 	 	 360975 	 	 0 
65 	 6 	 454  	 47095.9 	  	 47095.9 	 	 47095.9 	 	 0 
65 	 7 	 455  	 34559.3 	  	 34559.3 	 	 34559.3 	 	 0 
66 	 1 	 456  	 176475 	  	 176475 	 	 176475 	 	 0 
66 	 2 	 457  	 73141.9 	  	 73141.9 	 	 73141.9 	 	 0 
66 	 3 	 458  	 1365.54 	  	 1365.54 	 	 1365.54 	 	 0 
66 	 4 	 459  	 100402 	  	 100402 	 	 100402 	 	 0 
66 	 5 	 460  	 360975 	  	 360975 	 	 360975 	 	 0 
66 	 6 	 461  	 47095.9 	  	 47095.9 	 	 47095.9 	 	 0 
66 	 7 	 462  	 34559.3 	  	 34559.3 	 	 34559.3 	 	 0 
67 	 1 	 463  	 176475 	  	 176475 	 	 176475 	 	 0 
67 	 2 	 464  	 73141.9 	  	 73141.9 	 	 73141.9 	 	 0 
67 	 3 	 465  	 1365.54 	  	 1365.54 	 	 1365.54 	 	 0 
67 	 4 	 466  	 100402 	  	 100402 	 	 100402 	 	 0 
67 	 5 	 467  	 360975 	  	 360975 	 	 360975 	 	 0 
67 	 6 	 468  	 47095.9 	  	 47095.9 	 	 47095.9 	 	 0 
67 	 7 	 469  	 34559.3 	  	 34559.3 	 	 34559.3 	 	 0 
68 	 1 	 470  	 176475 	  	 176475 	 	 176475 	 	 0 
68 	 2 	 471  	 73141.9 	  	 73141.9 	 	 73141.9 	 	 0 
68 	 3 	 472  	 1365.54 	  	 1365.54 	 	 1365.54 	 	 0 
68 	 4 	 473  	 100402 	  	 100402 	 	 100402 	 	 0 
68 	 5 	 474  	 360975 	  	 360975 	 	 360975 	 	 0 
68 	 6 	 475  	 47095.9 	  	 47095.9 	 	 47095.9 	 	 0 
68 	 7 	 476  	 34559.3 	  	 34559.3 	 	 34559.3 	 	 0 
69 	 1 	 477  	 176475 	  	 176475 	 	 176475 	 	 0 
69 	 2 	 478  	 73141.9 	  	 73141.9 	 	 73141.9 	 	 0 
69 	 3 	 479  	 1365.54 	  	 1365.54 	 	 1365.54 	 	 0 
69 	 4 	 480  	 100402 	  	 100402 	 	 100402 	 	 0 
69 	 5 	 481  	 360975 	  	 360975 	 	 360975 	 	 0 
69 	 6 	 482  	 47095.9 	  	 47095.9 	 	 47095.9 	 	 0 
69 	 7 	 483  	 34559.3 	  	 34559.3 	 	 34559.3 	 	 0 
70 	 1 	 484  	 176475 	  	 176475 	 	 176475 	 	 0 
70 	 2 	 485  	 73141.9 	  	 73141.9 	 	 73141.9 	 	 0 
70 	 3 	 486  	 1365.54 	  	 1365.54 	 	 1365.54 	 	 0 
70 	 4 	 487  	 100402 	  	 100402 	 	 100402 	 	 0 
70 	 5 	 488  	 360975 	  	 360975 	 	 360975 	 	 0 
70 	 6 	 489  	 47095.9 	  	 47095.9 	 	 47095.9 	 	 0 
70 	 7 	 490  	 34559.3 	  	 34559.3 	 	 34559.3 	 	 0 
71 	 1 	 491  	 176475 	  	 176475 	 	 176475 	 	 0 
71 	 2 	 492  	 73141.9 	  	 73141.9 	 	 73141.9 	 	 0 
71 	 3 	 493  	 1365.54 	  	 1365.54 	 	 1365.54 	 	 0 
71 	 4 	 494  	 100402 	  	 100402 	 	 100402 	 	 0 
71 	 5 	 495  	 360975 	  	 360975 	 	 360975 	 	 0 
71 	 6 	 496  	 47095.9 	  	 47095.9 	 	 47095.9 	 	 0 
71 	 7 	 497  	 34559.3 	  	 34559.3 	 	 34559.3 	 	 0 
72 	 1 	 498  	 176475 	  	 176475 	 	 176475 	 	 0 
72 	 2 	 499  	 73141.9 	  	 73141.9 	 	 73141.9 	 	 0 
72 	 3 	 500  	 1365.54 	  	 1365.54 	 	 1365.54 	 	 0 
72 	 4 	 501  	 100402 	  	 100402 	 	 100402 	 	 0 
72 	 5 	 502  	 360975 	  	 360975 	 	 360975 	 	 0 
72 	 6 	 503  	 47095.9 	  	 47095.9 	 	 47095.9 	 	 0 
72 	 7 	 504  	 34559.3 	  	 34559.3 	 	 34559.3 	 	 0 
73 	 1 	 505  	 176475 	  	 176475 	 	 176475 	 	 0 
73 	 2 	 506  	 73141.9 	  	 73141.9 	 	 73141.9 	 	 0 
73 	 3 	 507  	 1365.54 	  	 1365.54 	 	 1365.54 	 	 0 
73 	 4 	 508  	 100402 	  	 100402 	 	 100402 	 	 0 
73 	 5 	 509  	 360975 	  	 360975 	 	 360975 	 	 0 
73 	 6 	 510  	 47095.9 	  	 47095.9 	 	 47095.9 	 	 0 
73 	 7 	 511  	 34559.3 	  	 34559.3 	 	 34559.3 	 	 0 
74 	 1 	 512  	 176475 	  	 176475 	 	 176475 	 	 0 
74 	 2 	 513  	 73141.9 	  	 73141.9 	 	 73141.9 	 	 0 
74 	 3 	 514  	 1365.54 	  	 1365.54 	 	 1365.54 	 	 0 
74 	 4 	 515  	 100402 	  	 100402 	 	 100402 	 	 0 
74 	 5 	 516  	 360975 	  	 360975 	 	 360975 	 	 0 
74 	 6 	 517  	 47095.9 	  	 47095.9 	 	 47095.9 	 	 0 
74 	 7 	 518  	 34559.3 	  	 34559.3 	 	 34559.3 	 	 0 
75 	 1 	 519  	 176475 	  	 176475 	 	 176475 	 	 0 
75 	 2 	 520  	 73141.9 	  	 73141.9 	 	 73141.9 	 	 0 
75 	 3 	 521  	 1365.54 	  	 1365.54 	 	 1365.54 	 	 0 
75 	 4 	 522  	 100402 	  	 100402 	 	 100402 	 	 0 
75 	 5 	 523  	 360975 	  	 360975 	 	 360975 	 	 0 
75 	 6 	 524  	 47095.9 	  	 47095.9 	 	 47095.9 	 	 0 
75 	 7 	 525  	 34559.3 	  	 34559.3 	 	 34559.3 	 	 0 
76 	 1 	 526  	 176475 	  	 176475 	 	 176475 	 	 0 
76 	 2 	 527  	 73141.9 	  	 73141.9 	 	 73141.9 	 	 0 
76 	 3 	 528  	 1365.54 	  	 1365.54 	 	 1365.54 	 	 0 
76 	 4 	 529  	 100402 	  	 100402 	 	 100402 	 	 0 
76 	 5 	 530  	 360975 	  	 360975 	 	 360975 	 	 0 
76 	 6 	 531  	 47095.9 	  	 47095.9 	 	 47095.9 	 	 0 
76 	 7 	 532  	 34559.3 	  	 34559.3 	 	 34559.3 	 	 0 
77 	 1 	 533  	 176475 	  	 176475 	 	 176475 	 	 0 
77 	 2 	 534  	 73141.9 	  	 73141.9 	 	 73141.9 	 	 0 
77 	 3 	 535  	 1365.54 	  	 1365.54 	 	 1365.54 	 	 0 
77 	 4 	 536  	 100402 	  	 100402 	 	 100402 	 	 0 
77 	 5 	 537  	 360975 	  	 360975 	 	 360975 	 	 0 
77 	 6 	 538  	 47095.9 	  	 47095.9 	 	 47095.9 	 	 0 
77 	 7 	 539  	 34559.3 	  	 34559.3 	 	 34559.3 	 	 0 
78 	 1 	 540  	 176475 	  	 176475 	 	 176475 	 	 0 
78 	 2 	 541  	 73141.9 	  	 73141.9 	 	 73141.9 	 	 0 
78 	 3 	 542  	 1365.54 	  	 1365.54 	 	 1365.54 	 	 0 
78 	 4 	 543  	 100402 	  	 100402 	 	 100402 	 	 0 
78 	 5 	 544  	 360975 	  	 360975 	 	 360975 	 	 0 
78 	 6 	 545  	 47095.9 	  	 47095.9 	 	 47095.9 	 	 0 
78 	 7 	 546  	 34559.3 	  	 34559.3 	 	 34559.3 	 	 0 
79 	 1 	 547  	 176475 	  	 176475 	 	 176475 	 	 0 
79 	 2 	 548  	 73141.9 	  	 73141.9 	 	 73141.9 	 	 0 
79 	 3 	 549  	 1365.54 	  	 1365.54 	 	 1365.54 	 	 0 
79 	 4 	 550  	 100402 	  	 100402 	 	 100402 	 	 0 
79 	 5 	 551  	 360975 	  	 360975 	 	 360975 	 	 0 
79 	 6 	 552  	 47095.9 	  	 47095.9 	 	 47095.9 	 	 0 
79 	 7 	 553  	 34559.3 	  	 34559.3 	 	 34559.3 	 	 0 
80 	 1 	 554  	 176475 	  	 176475 	 	 176475 	 	 0 
80 	 2 	 555  	 73141.9 	  	 73141.9 	 	 73141.9 	 	 0 
80 	 3 	 556  	 1365.54 	  	 1365.54 	 	 1365.54 	 	 0 
80 	 4 	 557  	 100402 	  	 100402 	 	 100402 	 	 0 
80 	 5 	 558  	 360975 	  	 360975 	 	 360975 	 	 0 
80 	 6 	 559  	 47095.9 	  	 47095.9 	 	 47095.9 	 	 0 
80 	 7 	 560  	 34559.3 	  	 34559.3 	 	 34559.3 	 	 0 
81 	 1 	 561  	 176475 	  	 176475 	 	 176475 	 	 0 
81 	 2 	 562  	 73141.9 	  	 73141.9 	 	 73141.9 	 	 0 
81 	 3 	 563  	 1365.54 	  	 1365.54 	 	 1365.54 	 	 0 
81 	 4 	 564  	 100402 	  	 100402 	 	 100402 	 	 0 
81 	 5 	 565  	 360975 	  	 360975 	 	 360975 	 	 0 
81 	 6 	 566  	 47095.9 	  	 47095.9 	 	 47095.9 	 	 0 
81 	 7 	 567  	 34559.3 	  	 34559.3 	 	 34559.3 	 	 0 
82 	 1 	 568  	 176475 	  	 176475 	 	 176475 	 	 0 
82 	 2 	 569  	 73141.9 	  	 73141.9 	 	 73141.9 	 	 0 
82 	 3 	 570  	 1365.54 	  	 1365.54 	 	 1365.54 	 	 0 
82 	 4 	 571  	 100402 	  	 100402 	 	 100402 	 	 0 
82 	 5 	 572  	 360975 	  	 360975 	 	 360975 	 	 0 
82 	 6 	 573  	 47095.9 	  	 47095.9 	 	 47095.9 	 	 0 
82 	 7 	 574  	 34559.3 	  	 34559.3 	 	 34559.3 	 	 0 
83 	 1 	 575  	 176475 	  	 176475 	 	 176475 	 	 0 
83 	 2 	 576  	 73141.9 	  	 73141.9 	 	 73141.9 	 	 0 
83 	 3 	 577  	 1365.54 	  	 1365.54 	 	 1365.54 	 	 0 
83 	 4 	 578  	 100402 	  	 100402 	 	 100402 	 	 0 
83 	 5 	 579  	 360975 	  	 360975 	 	 360975 	 	 0 
83 	 6 	 580  	 47095.9 	  	 47095.9 	 	 47095.9 	 	 0 
83 	 7 	 581  	 34559.3 	  	 34559.3 	 	 34559.3 	 	 0 
84 	 1 	 582  	 176475 	  	 176475 	 	 176475 	 	 0 
84 	 2 	 583  	 73141.9 	  	 73141.9 	 	 73141.9 	 	 0 
84 	 3 	 584  	 1365.54 	  	 1365.54 	 	 1365.54 	 	 0 
84 	 4 	 585  	 100402 	  	 100402 	 	 100402 	 	 0 
84 	 5 	 586  	 360975 	  	 360975 	 	 360975 	 	 0 
84 	 6 	 587  	 47095.9 	  	 47095.9 	 	 47095.9 	 	 0 
84 	 7 	 588  	 34559.3 	  	 34559.3 	 	 34559.3 	 	 0 
85 	 1 	 589  	 176475 	  	 176475 	 	 176475 	 	 0 
85 	 2 	 590  	 73141.9 	  	 73141.9 	 	 73141.9 	 	 0 
85 	 3 	 591  	 1365.54 	  	 1365.54 	 	 1365.54 	 	 0 
85 	 4 	 592  	 100402 	  	 100402 	 	 100402 	 	 0 
85 	 5 	 593  	 360975 	  	 360975 	 	 360975 	 	 0 
85 	 6 	 594  	 47095.9 	  	 47095.9 	 	 47095.9 	 	 0 
85 	 7 	 595  	 34559.3 	  	 34559.3 	 	 34559.3 	 	 0 
86 	 1 	 596  	 176475 	  	 176475 	 	 176475 	 	 0 
86 	 2 	 597  	 73141.9 	  	 73141.9 	 	 73141.9 	 	 0 
86 	 3 	 598  	 1365.54 	  	 1365.54 	 	 1365.54 	 	 0 
86 	 4 	 599  	 100402 	  	 100402 	 	 100402 	 	 0 
86 	 5 	 600  	 360975 	  	 360975 	 	 360975 	 	 0 
86 	 6 	 601  	 47095.9 	  	 47095.9 	 	 47095.9 	 	 0 
86 	 7 	 602  	 34559.3 	  	 34559.3 	 	 34559.3 	 	 0 
87 	 1 	 603  	 176475 	  	 176475 	 	 176475 	 	 0 
87 	 2 	 604  	 73141.9 	  	 73141.9 	 	 73141.9 	 	 0 
87 	 3 	 605  	 1365.54 	  	 1365.54 	 	 1365.54 	 	 0 
87 	 4 	 606  	 100402 	  	 100402 	 	 100402 	 	 0 
87 	 5 	 607  	 360975 	  	 360975 	 	 360975 	 	 0 
87 	 6 	 608  	 47095.9 	  	 47095.9 	 	 47095.9 	 	 0 
87 	 7 	 609  	 34559.3 	  	 34559.3 	 	 34559.3 	 	 0 
88 	 1 	 610  	 176475 	  	 176475 	 	 176475 	 	 0 
88 	 2 	 611  	 73141.9 	  	 73141.9 	 	 73141.9 	 	 0 
88 	 3 	 612  	 1365.54 	  	 1365.54 	 	 1365.54 	 	 0 
88 	 4 	 613  	 100402 	  	 100402 	 	 100402 	 	 0 
88 	 5 	 614  	 360975 	  	 360975 	 	 360975 	 	 0 
88 	 6 	 615  	 47095.9 	  	 47095.9 	 	 47095.9 	 	 0 
88 	 7 	 616  	 34559.3 	  	 34559.3 	 	 34559.3 	 	 0 
89 	 1 	 617  	 176475 	  	 176475 	 	 176475 	 	 0 
89 	 2 	 618  	 73141.9 	  	 73141.9 	 	 73141.9 	 	 0 
89 	 3 	 619  	 1365.54 	  	 1365.54 	 	 1365.54 	 	 0 
89 	 4 	 620  	 100402 	  	 100402 	 	 100402 	 	 0 
89 	 5 	 621  	 360975 	  	 360975 	 	 360975 	 	 0 
89 	 6 	 622  	 47095.9 	  	 47095.9 	 	 47095.9 	 	 0 
89 	 7 	 623  	 34559.3 	  	 34559.3 	 	 34559.3 	 	 0 
90 	 1 	 624  	 176475 	  	 176475 	 	 176475 	 	 0 
90 	 2 	 625  	 73141.9 	  	 73141.9 	 	 73141.9 	 	 0 
90 	 3 	 626  	 1365.54 	  	 1365.54 	 	 1365.54 	 	 0 
90 	 4 	 627  	 100402 	  	 100402 	 	 100402 	 	 0 
90 	 5 	 628  	 360975 	  	 360975 	 	 360975 	 	 0 
90 	 6 	 629  	 47095.9 	  	 47095.9 	 	 47095.9 	 	 0 
90 	 7 	 630  	 34559.3 	  	 34559.3 	 	 34559.3 	 	 0 
91 	 1 	 631  	 176475 	  	 176475 	 	 176475 	 	 0 
91 	 2 	 632  	 73141.9 	  	 73141.9 	 	 73141.9 	 	 0 
91 	 3 	 633  	 1365.54 	  	 1365.54 	 	 1365.54 	 	 0 
91 	 4 	 634  	 100402 	  	 100402 	 	 100402 	 	 0 
91 	 5 	 635  	 360975 	  	 360975 	 	 360975 	 	 0 
91 	 6 	 636  	 47095.9 	  	 47095.9 	 	 47095.9 	 	 0 
91 	 7 	 637  	 34559.3 	  	 34559.3 	 	 34559.3 	 	 0 
92 	 1 	 638  	 176475 	  	 176475 	 	 176475 	 	 0 
92 	 2 	 639  	 73141.9 	  	 73141.9 	 	 73141.9 	 	 0 
92 	 3 	 640  	 1365.54 	  	 1365.54 	 	 1365.54 	 	 0 
92 	 4 	 641  	 100402 	  	 100402 	 	 100402 	 	 0 
92 	 5 	 642  	 360975 	  	 360975 	 	 360975 	 	 0 
92 	 6 	 643  	 47095.9 	  	 47095.9 	 	 47095.9 	 	 0 
92 	 7 	 644  	 34559.3 	  	 34559.3 	 	 34559.3 	 	 0 
93 	 1 	 645  	 176475 	  	 176475 	 	 176475 	 	 0 
93 	 2 	 646  	 73141.9 	  	 73141.9 	 	 73141.9 	 	 0 
93 	 3 	 647  	 1365.54 	  	 1365.54 	 	 1365.54 	 	 0 
93 	 4 	 648  	 100402 	  	 100402 	 	 100402 	 	 0 
93 	 5 	 649  	 360975 	  	 360975 	 	 360975 	 	 0 
93 	 6 	 650  	 47095.9 	  	 47095.9 	 	 47095.9 	 	 0 
93 	 7 	 651  	 34559.3 	  	 34559.3 	 	 34559.3 	 	 0 
94 	 1 	 652  	 176475 	  	 176475 	 	 176475 	 	 0 
94 	 2 	 653  	 73141.9 	  	 73141.9 	 	 73141.9 	 	 0 
94 	 3 	 654  	 1365.54 	  	 1365.54 	 	 1365.54 	 	 0 
94 	 4 	 655  	 100402 	  	 100402 	 	 100402 	 	 0 
94 	 5 	 656  	 360975 	  	 360975 	 	 360975 	 	 0 
94 	 6 	 657  	 47095.9 	  	 47095.9 	 	 47095.9 	 	 0 
94 	 7 	 658  	 34559.3 	  	 34559.3 	 	 34559.3 	 	 0 
95 	 1 	 659  	 176475 	  	 176475 	 	 176475 	 	 0 
95 	 2 	 660  	 73141.9 	  	 73141.9 	 	 73141.9 	 	 0 
95 	 3 	 661  	 1365.54 	  	 1365.54 	 	 1365.54 	 	 0 
95 	 4 	 662  	 100402 	  	 100402 	 	 100402 	 	 0 
95 	 5 	 663  	 360975 	  	 360975 	 	 360975 	 	 0 
95 	 6 	 664  	 47095.9 	  	 47095.9 	 	 47095.9 	 	 0 
95 	 7 	 665  	 34559.3 	  	 34559.3 	 	 34559.3 	 	 0 
96 	 1 	 666  	 176475 	  	 176475 	 	 176475 	 	 0 
96 	 2 	 667  	 73141.9 	  	 73141.9 	 	 73141.9 	 	 0 
96 	 3 	 668  	 1365.54 	  	 1365.54 	 	 1365.54 	 	 0 
96 	 4 	 669  	 100402 	  	 100402 	 	 100402 	 	 0 
96 	 5 	 670  	 360975 	  	 360975 	 	 360975 	 	 0 
96 	 6 	 671  	 47095.9 	  	 47095.9 	 	 47095.9 	 	 0 
96 	 7 	 672  	 34559.3 	  	 34559.3 	 	 34559.3 	 	 0 
97 	 1 	 673  	 176475 	  	 176475 	 	 176475 	 	 0 
97 	 2 	 674  	 73141.9 	  	 73141.9 	 	 73141.9 	 	 0 
97 	 3 	 675  	 1365.54 	  	 1365.54 	 	 1365.54 	 	 0 
97 	 4 	 676  	 100402 	  	 100402 	 	 100402 	 	 0 
97 	 5 	 677  	 360975 	  	 360975 	 	 360975 	 	 0 
97 	 6 	 678  	 47095.9 	  	 47095.9 	 	 47095.9 	 	 0 
97 	 7 	 679  	 34559.3 	  	 34559.3 	 	 34559.3 	 	 0 
98 	 1 	 680  	 176475 	  	 176475 	 	 176475 	 	 0 
98 	 2 	 681  	 73141.9 	  	 73141.9 	 	 73141.9 	 	 0 
98 	 3 	 682  	 1365.54 	  	 1365.54 	 	 1365.54 	 	 0 
98 	 4 	 683  	 100402 	  	 100402 	 	 100402 	 	 0 
98 	 5 	 684  	 360975 	  	 360975 	 	 360975 	 	 0 
98 	 6 	 685  	 47095.9 	  	 47095.9 	 	 47095.9 	 	 0 
98 	 7 	 686  	 34559.3 	  	 34559.3 	 	 34559.3 	 	 0 
99 	 1 	 687  	 176475 	  	 176475 	 	 176475 	 	 0 
99 	 2 	 688  	 73141.9 	  	 73141.9 	 	 73141.9 	 	 0 
99 	 3 	 689  	 1365.54 	  	 1365.54 	 	 1365.54 	 	 0 
99 	 4 	 690  	 100402 	  	 100402 	 	 100402 	 	 0 
99 	 5 	 691  	 360975 	  	 360975 	 	 360975 	 	 0 
99 	 6 	 692  	 47095.9 	  	 47095.9 	 	 47095.9 	 	 0 
99 	 7 	 693  	 34559.3 	  	 34559.3 	 	 34559.3 	 	 0 
100 	 1 	 694  	 176475 	  	 176475 	 	 176475 	 	 0 
100 	 2 	 695  	 73141.9 	  	 73141.9 	 	 73141.9 	 	 0 
100 	 3 	 696  	 1365.54 	  	 1365.54 	 	 1365.54 	 	 0 
100 	 4 	 697  	 100402 	  	 100402 	 	 100402 	 	 0 
100 	 5 	 698  	 360975 	  	 360975 	 	 360975 	 	 0 
100 	 6 	 699  	 47095.9 	  	 47095.9 	 	 47095.9 	 	 0 
100 	 7 	 700  	 34559.3 	  	 34559.3 	 	 34559.3 	 	 0 
101 	 1 	 701  	 176475 	  	 176475 	 	 176475 	 	 0 
101 	 2 	 702  	 73141.9 	  	 73141.9 	 	 73141.9 	 	 0 
101 	 3 	 703  	 1365.54 	  	 1365.54 	 	 1365.54 	 	 0 
101 	 4 	 704  	 100402 	  	 100402 	 	 100402 	 	 0 
101 	 5 	 705  	 360975 	  	 360975 	 	 360975 	 	 0 
101 	 6 	 706  	 47095.9 	  	 47095.9 	 	 47095.9 	 	 0 
101 	 7 	 707  	 34559.3 	  	 34559.3 	 	 34559.3 	 	 0 
102 	 1 	 708  	 176475 	  	 176475 	 	 176475 	 	 0 
102 	 2 	 709  	 73141.9 	  	 73141.9 	 	 73141.9 	 	 0 
102 	 3 	 710  	 1365.54 	  	 1365.54 	 	 1365.54 	 	 0 
102 	 4 	 711  	 100402 	  	 100402 	 	 100402 	 	 0 
102 	 5 	 712  	 360975 	  	 360975 	 	 360975 	 	 0 
102 	 6 	 713  	 47095.9 	  	 47095.9 	 	 47095.9 	 	 0 
102 	 7 	 714  	 34559.3 	  	 34559.3 	 	 34559.3 	 	 0 
103 	 1 	 715  	 176475 	  	 176475 	 	 176475 	 	 0 
103 	 2 	 716  	 73141.9 	  	 73141.9 	 	 73141.9 	 	 0 
103 	 3 	 717  	 1365.54 	  	 1365.54 	 	 1365.54 	 	 0 
103 	 4 	 718  	 100402 	  	 100402 	 	 100402 	 	 0 
103 	 5 	 719  	 360975 	  	 360975 	 	 360975 	 	 0 
103 	 6 	 720  	 47095.9 	  	 47095.9 	 	 47095.9 	 	 0 
103 	 7 	 721  	 34559.3 	  	 34559.3 	 	 34559.3 	 	 0 
104 	 1 	 722  	 176475 	  	 176475 	 	 176475 	 	 0 
104 	 2 	 723  	 73141.9 	  	 73141.9 	 	 73141.9 	 	 0 
104 	 3 	 724  	 1365.54 	  	 1365.54 	 	 1365.54 	 	 0 
104 	 4 	 725  	 100402 	  	 100402 	 	 100402 	 	 0 
104 	 5 	 726  	 360975 	  	 360975 	 	 360975 	 	 0 
104 	 6 	 727  	 47095.9 	  	 47095.9 	 	 47095.9 	 	 0 
104 	 7 	 728  	 34559.3 	  	 34559.3 	 	 34559.3 	 	 0 
