104 	 6 	 1  	 47095.9 	  	 0 	 	 0 	 	 0 
104 	 6 	 2  	 47095.9 	  	 0 	 	 0 	 	 0 
104 	 6 	 3  	 47095.9 	  	 0 	 	 0 	 	 0 
104 	 6 	 4  	 47095.9 	  	 0 	 	 0 	 	 0 
104 	 6 	 5  	 47095.9 	  	 0 	 	 0 	 	 0 
104 	 6 	 6  	 47095.9 	  	 44186.9 	 	 0 	 	 0 
104 	 6 	 7  	 47095.9 	  	 44186.9 	 	 44186.9 	 	 0 
104 	 6 	 8  	 47095.9 	  	 44186.9 	 	 44186.9 	 	 0 
104 	 6 	 9  	 47095.9 	  	 44186.9 	 	 44186.9 	 	 0 
104 	 6 	 10  	 47095.9 	  	 44186.9 	 	 44186.9 	 	 0 
104 	 6 	 11  	 47095.9 	  	 44186.9 	 	 44186.9 	 	 0 
104 	 6 	 12  	 47095.9 	  	 44186.9 	 	 44186.9 	 	 0 
104 	 6 	 13  	 47095.9 	  	 45919.6 	 	 44186.9 	 	 0 
104 	 6 	 14  	 47095.9 	  	 45919.6 	 	 45919.6 	 	 0 
104 	 6 	 15  	 47095.9 	  	 45919.6 	 	 45919.6 	 	 0 
104 	 6 	 16  	 47095.9 	  	 45919.6 	 	 45919.6 	 	 0 
104 	 6 	 17  	 47095.9 	  	 45919.6 	 	 45919.6 	 	 0 
104 	 6 	 18  	 47095.9 	  	 45919.6 	 	 45919.6 	 	 0 
104 	 6 	 19  	 47095.9 	  	 45919.6 	 	 45919.6 	 	 0 
104 	 6 	 20  	 47095.9 	  	 47095.9 	 	 45919.6 	 	 0 
104 	 6 	 21  	 47095.9 	  	 47095.9 	 	 47095.9 	 	 0 
104 	 6 	 22  	 47095.9 	  	 47095.9 	 	 47095.9 	 	 0 
104 	 6 	 23  	 47095.9 	  	 47095.9 	 	 47095.9 	 	 0 
104 	 6 	 24  	 47095.9 	  	 47095.9 	 	 47095.9 	 	 0 
104 	 6 	 25  	 47095.9 	  	 47095.9 	 	 47095.9 	 	 0 
104 	 6 	 26  	 47095.9 	  	 47095.9 	 	 47095.9 	 	 0 
104 	 6 	 27  	 47095.9 	  	 47095.9 	 	 47095.9 	 	 0 
104 	 6 	 28  	 47095.9 	  	 47095.9 	 	 47095.9 	 	 0 
104 	 6 	 29  	 47095.9 	  	 47095.9 	 	 47095.9 	 	 0 
104 	 6 	 30  	 47095.9 	  	 47095.9 	 	 47095.9 	 	 0 
104 	 6 	 31  	 47095.9 	  	 47095.9 	 	 47095.9 	 	 0 
104 	 6 	 32  	 47095.9 	  	 47095.9 	 	 47095.9 	 	 0 
104 	 6 	 33  	 47095.9 	  	 47095.9 	 	 47095.9 	 	 0 
104 	 6 	 34  	 47095.9 	  	 47095.9 	 	 47095.9 	 	 0 
104 	 6 	 35  	 47095.9 	  	 47095.9 	 	 47095.9 	 	 0 
104 	 6 	 36  	 47095.9 	  	 47095.9 	 	 47095.9 	 	 0 
104 	 6 	 37  	 47095.9 	  	 47095.9 	 	 47095.9 	 	 0 
104 	 6 	 38  	 47095.9 	  	 47095.9 	 	 47095.9 	 	 0 
104 	 6 	 39  	 47095.9 	  	 47095.9 	 	 47095.9 	 	 0 
104 	 6 	 40  	 47095.9 	  	 47095.9 	 	 47095.9 	 	 0 
104 	 6 	 41  	 47095.9 	  	 47095.9 	 	 47095.9 	 	 0 
104 	 6 	 42  	 47095.9 	  	 47095.9 	 	 47095.9 	 	 0 
104 	 6 	 43  	 47095.9 	  	 47095.9 	 	 47095.9 	 	 0 
104 	 6 	 44  	 47095.9 	  	 47095.9 	 	 47095.9 	 	 0 
104 	 6 	 45  	 47095.9 	  	 47095.9 	 	 47095.9 	 	 0 
104 	 6 	 46  	 47095.9 	  	 47095.9 	 	 47095.9 	 	 0 
104 	 6 	 47  	 47095.9 	  	 47095.9 	 	 47095.9 	 	 0 
104 	 6 	 48  	 47095.9 	  	 47095.9 	 	 47095.9 	 	 0 
104 	 6 	 49  	 47095.9 	  	 47095.9 	 	 47095.9 	 	 0 
104 	 6 	 50  	 47095.9 	  	 47095.9 	 	 47095.9 	 	 0 
104 	 6 	 51  	 47095.9 	  	 47095.9 	 	 47095.9 	 	 0 
104 	 6 	 52  	 47095.9 	  	 47095.9 	 	 47095.9 	 	 0 
104 	 6 	 53  	 47095.9 	  	 47095.9 	 	 47095.9 	 	 0 
104 	 6 	 54  	 47095.9 	  	 47095.9 	 	 47095.9 	 	 0 
104 	 6 	 55  	 47095.9 	  	 47095.9 	 	 47095.9 	 	 0 
104 	 6 	 56  	 47095.9 	  	 47095.9 	 	 47095.9 	 	 0 
104 	 6 	 57  	 47095.9 	  	 47095.9 	 	 47095.9 	 	 0 
104 	 6 	 58  	 47095.9 	  	 47095.9 	 	 47095.9 	 	 0 
104 	 6 	 59  	 47095.9 	  	 47095.9 	 	 47095.9 	 	 0 
104 	 6 	 60  	 47095.9 	  	 47095.9 	 	 47095.9 	 	 0 
104 	 6 	 61  	 47095.9 	  	 47095.9 	 	 47095.9 	 	 0 
104 	 6 	 62  	 47095.9 	  	 47095.9 	 	 47095.9 	 	 0 
104 	 6 	 63  	 47095.9 	  	 47095.9 	 	 47095.9 	 	 0 
104 	 6 	 64  	 47095.9 	  	 47095.9 	 	 47095.9 	 	 0 
104 	 6 	 65  	 47095.9 	  	 47095.9 	 	 47095.9 	 	 0 
104 	 6 	 66  	 47095.9 	  	 47095.9 	 	 47095.9 	 	 0 
104 	 6 	 67  	 47095.9 	  	 47095.9 	 	 47095.9 	 	 0 
104 	 6 	 68  	 47095.9 	  	 47095.9 	 	 47095.9 	 	 0 
104 	 6 	 69  	 47095.9 	  	 47095.9 	 	 47095.9 	 	 0 
104 	 6 	 70  	 47095.9 	  	 47095.9 	 	 47095.9 	 	 0 
104 	 6 	 71  	 47095.9 	  	 47095.9 	 	 47095.9 	 	 0 
104 	 6 	 72  	 47095.9 	  	 47095.9 	 	 47095.9 	 	 0 
104 	 6 	 73  	 47095.9 	  	 47095.9 	 	 47095.9 	 	 0 
104 	 6 	 74  	 47095.9 	  	 47095.9 	 	 47095.9 	 	 0 
104 	 6 	 75  	 47095.9 	  	 47095.9 	 	 47095.9 	 	 0 
104 	 6 	 76  	 47095.9 	  	 47095.9 	 	 47095.9 	 	 0 
104 	 6 	 77  	 47095.9 	  	 47095.9 	 	 47095.9 	 	 0 
104 	 6 	 78  	 47095.9 	  	 47095.9 	 	 47095.9 	 	 0 
104 	 6 	 79  	 47095.9 	  	 47095.9 	 	 47095.9 	 	 0 
104 	 6 	 80  	 47095.9 	  	 47095.9 	 	 47095.9 	 	 0 
104 	 6 	 81  	 47095.9 	  	 47095.9 	 	 47095.9 	 	 0 
104 	 6 	 82  	 47095.9 	  	 47095.9 	 	 47095.9 	 	 0 
104 	 6 	 83  	 47095.9 	  	 47095.9 	 	 47095.9 	 	 0 
104 	 6 	 84  	 47095.9 	  	 47095.9 	 	 47095.9 	 	 0 
104 	 6 	 85  	 47095.9 	  	 47095.9 	 	 47095.9 	 	 0 
104 	 6 	 86  	 47095.9 	  	 47095.9 	 	 47095.9 	 	 0 
104 	 6 	 87  	 47095.9 	  	 47095.9 	 	 47095.9 	 	 0 
104 	 6 	 88  	 47095.9 	  	 47095.9 	 	 47095.9 	 	 0 
104 	 6 	 89  	 47095.9 	  	 47095.9 	 	 47095.9 	 	 0 
104 	 6 	 90  	 47095.9 	  	 47095.9 	 	 47095.9 	 	 0 
104 	 6 	 91  	 47095.9 	  	 47095.9 	 	 47095.9 	 	 0 
104 	 6 	 92  	 47095.9 	  	 47095.9 	 	 47095.9 	 	 0 
104 	 6 	 93  	 47095.9 	  	 47095.9 	 	 47095.9 	 	 0 
104 	 6 	 94  	 47095.9 	  	 47095.9 	 	 47095.9 	 	 0 
104 	 6 	 95  	 47095.9 	  	 47095.9 	 	 47095.9 	 	 0 
104 	 6 	 96  	 47095.9 	  	 47095.9 	 	 47095.9 	 	 0 
104 	 6 	 97  	 47095.9 	  	 47095.9 	 	 47095.9 	 	 0 
104 	 6 	 98  	 47095.9 	  	 47095.9 	 	 47095.9 	 	 0 
104 	 6 	 99  	 47095.9 	  	 47095.9 	 	 47095.9 	 	 0 
104 	 6 	 100  	 47095.9 	  	 47095.9 	 	 47095.9 	 	 0 
104 	 6 	 101  	 47095.9 	  	 47095.9 	 	 47095.9 	 	 0 
104 	 6 	 102  	 47095.9 	  	 47095.9 	 	 47095.9 	 	 0 
104 	 6 	 103  	 47095.9 	  	 47095.9 	 	 47095.9 	 	 0 
104 	 6 	 104  	 47095.9 	  	 47095.9 	 	 47095.9 	 	 0 
104 	 6 	 105  	 47095.9 	  	 47095.9 	 	 47095.9 	 	 0 
104 	 6 	 106  	 47095.9 	  	 47095.9 	 	 47095.9 	 	 0 
104 	 6 	 107  	 47095.9 	  	 47095.9 	 	 47095.9 	 	 0 
104 	 6 	 108  	 47095.9 	  	 47095.9 	 	 47095.9 	 	 0 
104 	 6 	 109  	 47095.9 	  	 47095.9 	 	 47095.9 	 	 0 
104 	 6 	 110  	 47095.9 	  	 47095.9 	 	 47095.9 	 	 0 
104 	 6 	 111  	 47095.9 	  	 47095.9 	 	 47095.9 	 	 0 
104 	 6 	 112  	 47095.9 	  	 47095.9 	 	 47095.9 	 	 0 
104 	 6 	 113  	 47095.9 	  	 47095.9 	 	 47095.9 	 	 0 
104 	 6 	 114  	 47095.9 	  	 47095.9 	 	 47095.9 	 	 0 
104 	 6 	 115  	 47095.9 	  	 47095.9 	 	 47095.9 	 	 0 
104 	 6 	 116  	 47095.9 	  	 47095.9 	 	 47095.9 	 	 0 
104 	 6 	 117  	 47095.9 	  	 47095.9 	 	 47095.9 	 	 0 
104 	 6 	 118  	 47095.9 	  	 47095.9 	 	 47095.9 	 	 0 
104 	 6 	 119  	 47095.9 	  	 47095.9 	 	 47095.9 	 	 0 
104 	 6 	 120  	 47095.9 	  	 47095.9 	 	 47095.9 	 	 0 
104 	 6 	 121  	 47095.9 	  	 47095.9 	 	 47095.9 	 	 0 
104 	 6 	 122  	 47095.9 	  	 47095.9 	 	 47095.9 	 	 0 
104 	 6 	 123  	 47095.9 	  	 47095.9 	 	 47095.9 	 	 0 
104 	 6 	 124  	 47095.9 	  	 47095.9 	 	 47095.9 	 	 0 
104 	 6 	 125  	 47095.9 	  	 47095.9 	 	 47095.9 	 	 0 
104 	 6 	 126  	 47095.9 	  	 47095.9 	 	 47095.9 	 	 0 
104 	 6 	 127  	 47095.9 	  	 47095.9 	 	 47095.9 	 	 0 
104 	 6 	 128  	 47095.9 	  	 47095.9 	 	 47095.9 	 	 0 
104 	 6 	 129  	 47095.9 	  	 47095.9 	 	 47095.9 	 	 0 
104 	 6 	 130  	 47095.9 	  	 47095.9 	 	 47095.9 	 	 0 
104 	 6 	 131  	 47095.9 	  	 47095.9 	 	 47095.9 	 	 0 
104 	 6 	 132  	 47095.9 	  	 47095.9 	 	 47095.9 	 	 0 
104 	 6 	 133  	 47095.9 	  	 47095.9 	 	 47095.9 	 	 0 
104 	 6 	 134  	 47095.9 	  	 47095.9 	 	 47095.9 	 	 0 
104 	 6 	 135  	 47095.9 	  	 47095.9 	 	 47095.9 	 	 0 
104 	 6 	 136  	 47095.9 	  	 47095.9 	 	 47095.9 	 	 0 
104 	 6 	 137  	 47095.9 	  	 47095.9 	 	 47095.9 	 	 0 
104 	 6 	 138  	 47095.9 	  	 47095.9 	 	 47095.9 	 	 0 
104 	 6 	 139  	 47095.9 	  	 47095.9 	 	 47095.9 	 	 0 
104 	 6 	 140  	 47095.9 	  	 47095.9 	 	 47095.9 	 	 0 
104 	 6 	 141  	 47095.9 	  	 47095.9 	 	 47095.9 	 	 0 
104 	 6 	 142  	 47095.9 	  	 47095.9 	 	 47095.9 	 	 0 
104 	 6 	 143  	 47095.9 	  	 47095.9 	 	 47095.9 	 	 0 
104 	 6 	 144  	 47095.9 	  	 47095.9 	 	 47095.9 	 	 0 
104 	 6 	 145  	 47095.9 	  	 47095.9 	 	 47095.9 	 	 0 
104 	 6 	 146  	 47095.9 	  	 47095.9 	 	 47095.9 	 	 0 
104 	 6 	 147  	 47095.9 	  	 47095.9 	 	 47095.9 	 	 0 
104 	 6 	 148  	 47095.9 	  	 47095.9 	 	 47095.9 	 	 0 
104 	 6 	 149  	 47095.9 	  	 47095.9 	 	 47095.9 	 	 0 
104 	 6 	 150  	 47095.9 	  	 47095.9 	 	 47095.9 	 	 0 
104 	 6 	 151  	 47095.9 	  	 47095.9 	 	 47095.9 	 	 0 
104 	 6 	 152  	 47095.9 	  	 47095.9 	 	 47095.9 	 	 0 
104 	 6 	 153  	 47095.9 	  	 47095.9 	 	 47095.9 	 	 0 
104 	 6 	 154  	 47095.9 	  	 47095.9 	 	 47095.9 	 	 0 
104 	 6 	 155  	 47095.9 	  	 47095.9 	 	 47095.9 	 	 0 
104 	 6 	 156  	 47095.9 	  	 47095.9 	 	 47095.9 	 	 0 
104 	 6 	 157  	 47095.9 	  	 47095.9 	 	 47095.9 	 	 0 
104 	 6 	 158  	 47095.9 	  	 47095.9 	 	 47095.9 	 	 0 
104 	 6 	 159  	 47095.9 	  	 47095.9 	 	 47095.9 	 	 0 
104 	 6 	 160  	 47095.9 	  	 47095.9 	 	 47095.9 	 	 0 
104 	 6 	 161  	 47095.9 	  	 47095.9 	 	 47095.9 	 	 0 
104 	 6 	 162  	 47095.9 	  	 47095.9 	 	 47095.9 	 	 0 
104 	 6 	 163  	 47095.9 	  	 47095.9 	 	 47095.9 	 	 0 
104 	 6 	 164  	 47095.9 	  	 47095.9 	 	 47095.9 	 	 0 
104 	 6 	 165  	 47095.9 	  	 47095.9 	 	 47095.9 	 	 0 
104 	 6 	 166  	 47095.9 	  	 47095.9 	 	 47095.9 	 	 0 
104 	 6 	 167  	 47095.9 	  	 47095.9 	 	 47095.9 	 	 0 
104 	 6 	 168  	 47095.9 	  	 47095.9 	 	 47095.9 	 	 0 
104 	 6 	 169  	 47095.9 	  	 47095.9 	 	 47095.9 	 	 0 
104 	 6 	 170  	 47095.9 	  	 47095.9 	 	 47095.9 	 	 0 
104 	 6 	 171  	 47095.9 	  	 47095.9 	 	 47095.9 	 	 0 
104 	 6 	 172  	 47095.9 	  	 47095.9 	 	 47095.9 	 	 0 
104 	 6 	 173  	 47095.9 	  	 47095.9 	 	 47095.9 	 	 0 
104 	 6 	 174  	 47095.9 	  	 47095.9 	 	 47095.9 	 	 0 
104 	 6 	 175  	 47095.9 	  	 47095.9 	 	 47095.9 	 	 0 
104 	 6 	 176  	 47095.9 	  	 47095.9 	 	 47095.9 	 	 0 
104 	 6 	 177  	 47095.9 	  	 47095.9 	 	 47095.9 	 	 0 
104 	 6 	 178  	 47095.9 	  	 47095.9 	 	 47095.9 	 	 0 
104 	 6 	 179  	 47095.9 	  	 47095.9 	 	 47095.9 	 	 0 
104 	 6 	 180  	 47095.9 	  	 47095.9 	 	 47095.9 	 	 0 
104 	 6 	 181  	 47095.9 	  	 47095.9 	 	 47095.9 	 	 0 
104 	 6 	 182  	 47095.9 	  	 47095.9 	 	 47095.9 	 	 0 
104 	 6 	 183  	 47095.9 	  	 47095.9 	 	 47095.9 	 	 0 
104 	 6 	 184  	 47095.9 	  	 47095.9 	 	 47095.9 	 	 0 
104 	 6 	 185  	 47095.9 	  	 47095.9 	 	 47095.9 	 	 0 
104 	 6 	 186  	 47095.9 	  	 47095.9 	 	 47095.9 	 	 0 
104 	 6 	 187  	 47095.9 	  	 47095.9 	 	 47095.9 	 	 0 
104 	 6 	 188  	 47095.9 	  	 47095.9 	 	 47095.9 	 	 0 
104 	 6 	 189  	 47095.9 	  	 47095.9 	 	 47095.9 	 	 0 
104 	 6 	 190  	 47095.9 	  	 47095.9 	 	 47095.9 	 	 0 
104 	 6 	 191  	 47095.9 	  	 47095.9 	 	 47095.9 	 	 0 
104 	 6 	 192  	 47095.9 	  	 47095.9 	 	 47095.9 	 	 0 
104 	 6 	 193  	 47095.9 	  	 47095.9 	 	 47095.9 	 	 0 
104 	 6 	 194  	 47095.9 	  	 47095.9 	 	 47095.9 	 	 0 
104 	 6 	 195  	 47095.9 	  	 47095.9 	 	 47095.9 	 	 0 
104 	 6 	 196  	 47095.9 	  	 47095.9 	 	 47095.9 	 	 0 
104 	 6 	 197  	 47095.9 	  	 47095.9 	 	 47095.9 	 	 0 
104 	 6 	 198  	 47095.9 	  	 47095.9 	 	 47095.9 	 	 0 
104 	 6 	 199  	 47095.9 	  	 47095.9 	 	 47095.9 	 	 0 
104 	 6 	 200  	 47095.9 	  	 47095.9 	 	 47095.9 	 	 0 
104 	 6 	 201  	 47095.9 	  	 47095.9 	 	 47095.9 	 	 0 
104 	 6 	 202  	 47095.9 	  	 47095.9 	 	 47095.9 	 	 0 
104 	 6 	 203  	 47095.9 	  	 47095.9 	 	 47095.9 	 	 0 
104 	 6 	 204  	 47095.9 	  	 47095.9 	 	 47095.9 	 	 0 
104 	 6 	 205  	 47095.9 	  	 47095.9 	 	 47095.9 	 	 0 
104 	 6 	 206  	 47095.9 	  	 47095.9 	 	 47095.9 	 	 0 
104 	 6 	 207  	 47095.9 	  	 47095.9 	 	 47095.9 	 	 0 
104 	 6 	 208  	 47095.9 	  	 47095.9 	 	 47095.9 	 	 0 
104 	 6 	 209  	 47095.9 	  	 47095.9 	 	 47095.9 	 	 0 
104 	 6 	 210  	 47095.9 	  	 47095.9 	 	 47095.9 	 	 0 
104 	 6 	 211  	 47095.9 	  	 47095.9 	 	 47095.9 	 	 0 
104 	 6 	 212  	 47095.9 	  	 47095.9 	 	 47095.9 	 	 0 
104 	 6 	 213  	 47095.9 	  	 47095.9 	 	 47095.9 	 	 0 
104 	 6 	 214  	 47095.9 	  	 47095.9 	 	 47095.9 	 	 0 
104 	 6 	 215  	 47095.9 	  	 47095.9 	 	 47095.9 	 	 0 
104 	 6 	 216  	 47095.9 	  	 47095.9 	 	 47095.9 	 	 0 
104 	 6 	 217  	 47095.9 	  	 47095.9 	 	 47095.9 	 	 0 
104 	 6 	 218  	 47095.9 	  	 47095.9 	 	 47095.9 	 	 0 
104 	 6 	 219  	 47095.9 	  	 47095.9 	 	 47095.9 	 	 0 
104 	 6 	 220  	 47095.9 	  	 47095.9 	 	 47095.9 	 	 0 
104 	 6 	 221  	 47095.9 	  	 47095.9 	 	 47095.9 	 	 0 
104 	 6 	 222  	 47095.9 	  	 47095.9 	 	 47095.9 	 	 0 
104 	 6 	 223  	 47095.9 	  	 47095.9 	 	 47095.9 	 	 0 
104 	 6 	 224  	 47095.9 	  	 47095.9 	 	 47095.9 	 	 0 
104 	 6 	 225  	 47095.9 	  	 47095.9 	 	 47095.9 	 	 0 
104 	 6 	 226  	 47095.9 	  	 47095.9 	 	 47095.9 	 	 0 
104 	 6 	 227  	 47095.9 	  	 47095.9 	 	 47095.9 	 	 0 
104 	 6 	 228  	 47095.9 	  	 47095.9 	 	 47095.9 	 	 0 
104 	 6 	 229  	 47095.9 	  	 47095.9 	 	 47095.9 	 	 0 
104 	 6 	 230  	 47095.9 	  	 47095.9 	 	 47095.9 	 	 0 
104 	 6 	 231  	 47095.9 	  	 47095.9 	 	 47095.9 	 	 0 
104 	 6 	 232  	 47095.9 	  	 47095.9 	 	 47095.9 	 	 0 
104 	 6 	 233  	 47095.9 	  	 47095.9 	 	 47095.9 	 	 0 
104 	 6 	 234  	 47095.9 	  	 47095.9 	 	 47095.9 	 	 0 
104 	 6 	 235  	 47095.9 	  	 47095.9 	 	 47095.9 	 	 0 
104 	 6 	 236  	 47095.9 	  	 47095.9 	 	 47095.9 	 	 0 
104 	 6 	 237  	 47095.9 	  	 47095.9 	 	 47095.9 	 	 0 
104 	 6 	 238  	 47095.9 	  	 47095.9 	 	 47095.9 	 	 0 
104 	 6 	 239  	 47095.9 	  	 47095.9 	 	 47095.9 	 	 0 
104 	 6 	 240  	 47095.9 	  	 47095.9 	 	 47095.9 	 	 0 
104 	 6 	 241  	 47095.9 	  	 47095.9 	 	 47095.9 	 	 0 
104 	 6 	 242  	 47095.9 	  	 47095.9 	 	 47095.9 	 	 0 
104 	 6 	 243  	 47095.9 	  	 47095.9 	 	 47095.9 	 	 0 
104 	 6 	 244  	 47095.9 	  	 47095.9 	 	 47095.9 	 	 0 
104 	 6 	 245  	 47095.9 	  	 47095.9 	 	 47095.9 	 	 0 
104 	 6 	 246  	 47095.9 	  	 47095.9 	 	 47095.9 	 	 0 
104 	 6 	 247  	 47095.9 	  	 47095.9 	 	 47095.9 	 	 0 
104 	 6 	 248  	 47095.9 	  	 47095.9 	 	 47095.9 	 	 0 
104 	 6 	 249  	 47095.9 	  	 47095.9 	 	 47095.9 	 	 0 
104 	 6 	 250  	 47095.9 	  	 47095.9 	 	 47095.9 	 	 0 
104 	 6 	 251  	 47095.9 	  	 47095.9 	 	 47095.9 	 	 0 
104 	 6 	 252  	 47095.9 	  	 47095.9 	 	 47095.9 	 	 0 
104 	 6 	 253  	 47095.9 	  	 47095.9 	 	 47095.9 	 	 0 
104 	 6 	 254  	 47095.9 	  	 47095.9 	 	 47095.9 	 	 0 
104 	 6 	 255  	 47095.9 	  	 47095.9 	 	 47095.9 	 	 0 
104 	 6 	 256  	 47095.9 	  	 47095.9 	 	 47095.9 	 	 0 
104 	 6 	 257  	 47095.9 	  	 47095.9 	 	 47095.9 	 	 0 
104 	 6 	 258  	 47095.9 	  	 47095.9 	 	 47095.9 	 	 0 
104 	 6 	 259  	 47095.9 	  	 47095.9 	 	 47095.9 	 	 0 
104 	 6 	 260  	 47095.9 	  	 47095.9 	 	 47095.9 	 	 0 
104 	 6 	 261  	 47095.9 	  	 47095.9 	 	 47095.9 	 	 0 
104 	 6 	 262  	 47095.9 	  	 47095.9 	 	 47095.9 	 	 0 
104 	 6 	 263  	 47095.9 	  	 47095.9 	 	 47095.9 	 	 0 
104 	 6 	 264  	 47095.9 	  	 47095.9 	 	 47095.9 	 	 0 
104 	 6 	 265  	 47095.9 	  	 47095.9 	 	 47095.9 	 	 0 
104 	 6 	 266  	 47095.9 	  	 47095.9 	 	 47095.9 	 	 0 
104 	 6 	 267  	 47095.9 	  	 47095.9 	 	 47095.9 	 	 0 
104 	 6 	 268  	 47095.9 	  	 47095.9 	 	 47095.9 	 	 0 
104 	 6 	 269  	 47095.9 	  	 47095.9 	 	 47095.9 	 	 0 
104 	 6 	 270  	 47095.9 	  	 47095.9 	 	 47095.9 	 	 0 
104 	 6 	 271  	 47095.9 	  	 47095.9 	 	 47095.9 	 	 0 
104 	 6 	 272  	 47095.9 	  	 47095.9 	 	 47095.9 	 	 0 
104 	 6 	 273  	 47095.9 	  	 47095.9 	 	 47095.9 	 	 0 
104 	 6 	 274  	 47095.9 	  	 47095.9 	 	 47095.9 	 	 0 
104 	 6 	 275  	 47095.9 	  	 47095.9 	 	 47095.9 	 	 0 
104 	 6 	 276  	 47095.9 	  	 47095.9 	 	 47095.9 	 	 0 
104 	 6 	 277  	 47095.9 	  	 47095.9 	 	 47095.9 	 	 0 
104 	 6 	 278  	 47095.9 	  	 47095.9 	 	 47095.9 	 	 0 
104 	 6 	 279  	 47095.9 	  	 47095.9 	 	 47095.9 	 	 0 
104 	 6 	 280  	 47095.9 	  	 47095.9 	 	 47095.9 	 	 0 
104 	 6 	 281  	 47095.9 	  	 47095.9 	 	 47095.9 	 	 0 
104 	 6 	 282  	 47095.9 	  	 47095.9 	 	 47095.9 	 	 0 
104 	 6 	 283  	 47095.9 	  	 47095.9 	 	 47095.9 	 	 0 
104 	 6 	 284  	 47095.9 	  	 47095.9 	 	 47095.9 	 	 0 
104 	 6 	 285  	 47095.9 	  	 47095.9 	 	 47095.9 	 	 0 
104 	 6 	 286  	 47095.9 	  	 47095.9 	 	 47095.9 	 	 0 
104 	 6 	 287  	 47095.9 	  	 47095.9 	 	 47095.9 	 	 0 
104 	 6 	 288  	 47095.9 	  	 47095.9 	 	 47095.9 	 	 0 
104 	 6 	 289  	 47095.9 	  	 47095.9 	 	 47095.9 	 	 0 
104 	 6 	 290  	 47095.9 	  	 47095.9 	 	 47095.9 	 	 0 
104 	 6 	 291  	 47095.9 	  	 47095.9 	 	 47095.9 	 	 0 
104 	 6 	 292  	 47095.9 	  	 47095.9 	 	 47095.9 	 	 0 
104 	 6 	 293  	 47095.9 	  	 47095.9 	 	 47095.9 	 	 0 
104 	 6 	 294  	 47095.9 	  	 47095.9 	 	 47095.9 	 	 0 
104 	 6 	 295  	 47095.9 	  	 47095.9 	 	 47095.9 	 	 0 
104 	 6 	 296  	 47095.9 	  	 47095.9 	 	 47095.9 	 	 0 
104 	 6 	 297  	 47095.9 	  	 47095.9 	 	 47095.9 	 	 0 
104 	 6 	 298  	 47095.9 	  	 47095.9 	 	 47095.9 	 	 0 
104 	 6 	 299  	 47095.9 	  	 47095.9 	 	 47095.9 	 	 0 
104 	 6 	 300  	 47095.9 	  	 47095.9 	 	 47095.9 	 	 0 
104 	 6 	 301  	 47095.9 	  	 47095.9 	 	 47095.9 	 	 0 
104 	 6 	 302  	 47095.9 	  	 47095.9 	 	 47095.9 	 	 0 
104 	 6 	 303  	 47095.9 	  	 47095.9 	 	 47095.9 	 	 0 
104 	 6 	 304  	 47095.9 	  	 47095.9 	 	 47095.9 	 	 0 
104 	 6 	 305  	 47095.9 	  	 47095.9 	 	 47095.9 	 	 0 
104 	 6 	 306  	 47095.9 	  	 47095.9 	 	 47095.9 	 	 0 
104 	 6 	 307  	 47095.9 	  	 47095.9 	 	 47095.9 	 	 0 
104 	 6 	 308  	 47095.9 	  	 47095.9 	 	 47095.9 	 	 0 
104 	 6 	 309  	 47095.9 	  	 47095.9 	 	 47095.9 	 	 0 
104 	 6 	 310  	 47095.9 	  	 47095.9 	 	 47095.9 	 	 0 
104 	 6 	 311  	 47095.9 	  	 47095.9 	 	 47095.9 	 	 0 
104 	 6 	 312  	 47095.9 	  	 47095.9 	 	 47095.9 	 	 0 
104 	 6 	 313  	 47095.9 	  	 47095.9 	 	 47095.9 	 	 0 
104 	 6 	 314  	 47095.9 	  	 47095.9 	 	 47095.9 	 	 0 
104 	 6 	 315  	 47095.9 	  	 47095.9 	 	 47095.9 	 	 0 
104 	 6 	 316  	 47095.9 	  	 47095.9 	 	 47095.9 	 	 0 
104 	 6 	 317  	 47095.9 	  	 47095.9 	 	 47095.9 	 	 0 
104 	 6 	 318  	 47095.9 	  	 47095.9 	 	 47095.9 	 	 0 
104 	 6 	 319  	 47095.9 	  	 47095.9 	 	 47095.9 	 	 0 
104 	 6 	 320  	 47095.9 	  	 47095.9 	 	 47095.9 	 	 0 
104 	 6 	 321  	 47095.9 	  	 47095.9 	 	 47095.9 	 	 0 
104 	 6 	 322  	 47095.9 	  	 47095.9 	 	 47095.9 	 	 0 
104 	 6 	 323  	 47095.9 	  	 47095.9 	 	 47095.9 	 	 0 
104 	 6 	 324  	 47095.9 	  	 47095.9 	 	 47095.9 	 	 0 
104 	 6 	 325  	 47095.9 	  	 47095.9 	 	 47095.9 	 	 0 
104 	 6 	 326  	 47095.9 	  	 47095.9 	 	 47095.9 	 	 0 
104 	 6 	 327  	 47095.9 	  	 47095.9 	 	 47095.9 	 	 0 
104 	 6 	 328  	 47095.9 	  	 47095.9 	 	 47095.9 	 	 0 
104 	 6 	 329  	 47095.9 	  	 47095.9 	 	 47095.9 	 	 0 
104 	 6 	 330  	 47095.9 	  	 47095.9 	 	 47095.9 	 	 0 
104 	 6 	 331  	 47095.9 	  	 47095.9 	 	 47095.9 	 	 0 
104 	 6 	 332  	 47095.9 	  	 47095.9 	 	 47095.9 	 	 0 
104 	 6 	 333  	 47095.9 	  	 47095.9 	 	 47095.9 	 	 0 
104 	 6 	 334  	 47095.9 	  	 47095.9 	 	 47095.9 	 	 0 
104 	 6 	 335  	 47095.9 	  	 47095.9 	 	 47095.9 	 	 0 
104 	 6 	 336  	 47095.9 	  	 47095.9 	 	 47095.9 	 	 0 
104 	 6 	 337  	 47095.9 	  	 47095.9 	 	 47095.9 	 	 0 
104 	 6 	 338  	 47095.9 	  	 47095.9 	 	 47095.9 	 	 0 
104 	 6 	 339  	 47095.9 	  	 47095.9 	 	 47095.9 	 	 0 
104 	 6 	 340  	 47095.9 	  	 47095.9 	 	 47095.9 	 	 0 
104 	 6 	 341  	 47095.9 	  	 47095.9 	 	 47095.9 	 	 0 
104 	 6 	 342  	 47095.9 	  	 47095.9 	 	 47095.9 	 	 0 
104 	 6 	 343  	 47095.9 	  	 47095.9 	 	 47095.9 	 	 0 
104 	 6 	 344  	 47095.9 	  	 47095.9 	 	 47095.9 	 	 0 
104 	 6 	 345  	 47095.9 	  	 47095.9 	 	 47095.9 	 	 0 
104 	 6 	 346  	 47095.9 	  	 47095.9 	 	 47095.9 	 	 0 
104 	 6 	 347  	 47095.9 	  	 47095.9 	 	 47095.9 	 	 0 
104 	 6 	 348  	 47095.9 	  	 47095.9 	 	 47095.9 	 	 0 
104 	 6 	 349  	 47095.9 	  	 47095.9 	 	 47095.9 	 	 0 
104 	 6 	 350  	 47095.9 	  	 47095.9 	 	 47095.9 	 	 0 
104 	 6 	 351  	 47095.9 	  	 47095.9 	 	 47095.9 	 	 0 
104 	 6 	 352  	 47095.9 	  	 47095.9 	 	 47095.9 	 	 0 
104 	 6 	 353  	 47095.9 	  	 47095.9 	 	 47095.9 	 	 0 
104 	 6 	 354  	 47095.9 	  	 47095.9 	 	 47095.9 	 	 0 
104 	 6 	 355  	 47095.9 	  	 47095.9 	 	 47095.9 	 	 0 
104 	 6 	 356  	 47095.9 	  	 47095.9 	 	 47095.9 	 	 0 
104 	 6 	 357  	 47095.9 	  	 47095.9 	 	 47095.9 	 	 0 
104 	 6 	 358  	 47095.9 	  	 47095.9 	 	 47095.9 	 	 0 
104 	 6 	 359  	 47095.9 	  	 47095.9 	 	 47095.9 	 	 0 
104 	 6 	 360  	 47095.9 	  	 47095.9 	 	 47095.9 	 	 0 
104 	 6 	 361  	 47095.9 	  	 47095.9 	 	 47095.9 	 	 0 
104 	 6 	 362  	 47095.9 	  	 47095.9 	 	 47095.9 	 	 0 
104 	 6 	 363  	 47095.9 	  	 47095.9 	 	 47095.9 	 	 0 
104 	 6 	 364  	 47095.9 	  	 47095.9 	 	 47095.9 	 	 0 
104 	 6 	 365  	 47095.9 	  	 47095.9 	 	 47095.9 	 	 0 
104 	 6 	 366  	 47095.9 	  	 47095.9 	 	 47095.9 	 	 0 
104 	 6 	 367  	 47095.9 	  	 47095.9 	 	 47095.9 	 	 0 
104 	 6 	 368  	 47095.9 	  	 47095.9 	 	 47095.9 	 	 0 
104 	 6 	 369  	 47095.9 	  	 47095.9 	 	 47095.9 	 	 0 
104 	 6 	 370  	 47095.9 	  	 47095.9 	 	 47095.9 	 	 0 
104 	 6 	 371  	 47095.9 	  	 47095.9 	 	 47095.9 	 	 0 
104 	 6 	 372  	 47095.9 	  	 47095.9 	 	 47095.9 	 	 0 
104 	 6 	 373  	 47095.9 	  	 47095.9 	 	 47095.9 	 	 0 
104 	 6 	 374  	 47095.9 	  	 47095.9 	 	 47095.9 	 	 0 
104 	 6 	 375  	 47095.9 	  	 47095.9 	 	 47095.9 	 	 0 
104 	 6 	 376  	 47095.9 	  	 47095.9 	 	 47095.9 	 	 0 
104 	 6 	 377  	 47095.9 	  	 47095.9 	 	 47095.9 	 	 0 
104 	 6 	 378  	 47095.9 	  	 47095.9 	 	 47095.9 	 	 0 
104 	 6 	 379  	 47095.9 	  	 47095.9 	 	 47095.9 	 	 0 
104 	 6 	 380  	 47095.9 	  	 47095.9 	 	 47095.9 	 	 0 
104 	 6 	 381  	 47095.9 	  	 47095.9 	 	 47095.9 	 	 0 
104 	 6 	 382  	 47095.9 	  	 47095.9 	 	 47095.9 	 	 0 
104 	 6 	 383  	 47095.9 	  	 47095.9 	 	 47095.9 	 	 0 
104 	 6 	 384  	 47095.9 	  	 47095.9 	 	 47095.9 	 	 0 
104 	 6 	 385  	 47095.9 	  	 47095.9 	 	 47095.9 	 	 0 
104 	 6 	 386  	 47095.9 	  	 47095.9 	 	 47095.9 	 	 0 
104 	 6 	 387  	 47095.9 	  	 47095.9 	 	 47095.9 	 	 0 
104 	 6 	 388  	 47095.9 	  	 47095.9 	 	 47095.9 	 	 0 
104 	 6 	 389  	 47095.9 	  	 47095.9 	 	 47095.9 	 	 0 
104 	 6 	 390  	 47095.9 	  	 47095.9 	 	 47095.9 	 	 0 
104 	 6 	 391  	 47095.9 	  	 47095.9 	 	 47095.9 	 	 0 
104 	 6 	 392  	 47095.9 	  	 47095.9 	 	 47095.9 	 	 0 
104 	 6 	 393  	 47095.9 	  	 47095.9 	 	 47095.9 	 	 0 
104 	 6 	 394  	 47095.9 	  	 47095.9 	 	 47095.9 	 	 0 
104 	 6 	 395  	 47095.9 	  	 47095.9 	 	 47095.9 	 	 0 
104 	 6 	 396  	 47095.9 	  	 47095.9 	 	 47095.9 	 	 0 
104 	 6 	 397  	 47095.9 	  	 47095.9 	 	 47095.9 	 	 0 
104 	 6 	 398  	 47095.9 	  	 47095.9 	 	 47095.9 	 	 0 
104 	 6 	 399  	 47095.9 	  	 47095.9 	 	 47095.9 	 	 0 
104 	 6 	 400  	 47095.9 	  	 47095.9 	 	 47095.9 	 	 0 
104 	 6 	 401  	 47095.9 	  	 47095.9 	 	 47095.9 	 	 0 
104 	 6 	 402  	 47095.9 	  	 47095.9 	 	 47095.9 	 	 0 
104 	 6 	 403  	 47095.9 	  	 47095.9 	 	 47095.9 	 	 0 
104 	 6 	 404  	 47095.9 	  	 47095.9 	 	 47095.9 	 	 0 
104 	 6 	 405  	 47095.9 	  	 47095.9 	 	 47095.9 	 	 0 
104 	 6 	 406  	 47095.9 	  	 47095.9 	 	 47095.9 	 	 0 
104 	 6 	 407  	 47095.9 	  	 47095.9 	 	 47095.9 	 	 0 
104 	 6 	 408  	 47095.9 	  	 47095.9 	 	 47095.9 	 	 0 
104 	 6 	 409  	 47095.9 	  	 47095.9 	 	 47095.9 	 	 0 
104 	 6 	 410  	 47095.9 	  	 47095.9 	 	 47095.9 	 	 0 
104 	 6 	 411  	 47095.9 	  	 47095.9 	 	 47095.9 	 	 0 
104 	 6 	 412  	 47095.9 	  	 47095.9 	 	 47095.9 	 	 0 
104 	 6 	 413  	 47095.9 	  	 47095.9 	 	 47095.9 	 	 0 
104 	 6 	 414  	 47095.9 	  	 47095.9 	 	 47095.9 	 	 0 
104 	 6 	 415  	 47095.9 	  	 47095.9 	 	 47095.9 	 	 0 
104 	 6 	 416  	 47095.9 	  	 47095.9 	 	 47095.9 	 	 0 
104 	 6 	 417  	 47095.9 	  	 47095.9 	 	 47095.9 	 	 0 
104 	 6 	 418  	 47095.9 	  	 47095.9 	 	 47095.9 	 	 0 
104 	 6 	 419  	 47095.9 	  	 47095.9 	 	 47095.9 	 	 0 
104 	 6 	 420  	 47095.9 	  	 47095.9 	 	 47095.9 	 	 0 
104 	 6 	 421  	 47095.9 	  	 47095.9 	 	 47095.9 	 	 0 
104 	 6 	 422  	 47095.9 	  	 47095.9 	 	 47095.9 	 	 0 
104 	 6 	 423  	 47095.9 	  	 47095.9 	 	 47095.9 	 	 0 
104 	 6 	 424  	 47095.9 	  	 47095.9 	 	 47095.9 	 	 0 
104 	 6 	 425  	 47095.9 	  	 47095.9 	 	 47095.9 	 	 0 
104 	 6 	 426  	 47095.9 	  	 47095.9 	 	 47095.9 	 	 0 
104 	 6 	 427  	 47095.9 	  	 47095.9 	 	 47095.9 	 	 0 
104 	 6 	 428  	 47095.9 	  	 47095.9 	 	 47095.9 	 	 0 
104 	 6 	 429  	 47095.9 	  	 47095.9 	 	 47095.9 	 	 0 
104 	 6 	 430  	 47095.9 	  	 47095.9 	 	 47095.9 	 	 0 
104 	 6 	 431  	 47095.9 	  	 47095.9 	 	 47095.9 	 	 0 
104 	 6 	 432  	 47095.9 	  	 47095.9 	 	 47095.9 	 	 0 
104 	 6 	 433  	 47095.9 	  	 47095.9 	 	 47095.9 	 	 0 
104 	 6 	 434  	 47095.9 	  	 47095.9 	 	 47095.9 	 	 0 
104 	 6 	 435  	 47095.9 	  	 47095.9 	 	 47095.9 	 	 0 
104 	 6 	 436  	 47095.9 	  	 47095.9 	 	 47095.9 	 	 0 
104 	 6 	 437  	 47095.9 	  	 47095.9 	 	 47095.9 	 	 0 
104 	 6 	 438  	 47095.9 	  	 47095.9 	 	 47095.9 	 	 0 
104 	 6 	 439  	 47095.9 	  	 47095.9 	 	 47095.9 	 	 0 
104 	 6 	 440  	 47095.9 	  	 47095.9 	 	 47095.9 	 	 0 
104 	 6 	 441  	 47095.9 	  	 47095.9 	 	 47095.9 	 	 0 
104 	 6 	 442  	 47095.9 	  	 47095.9 	 	 47095.9 	 	 0 
104 	 6 	 443  	 47095.9 	  	 47095.9 	 	 47095.9 	 	 0 
104 	 6 	 444  	 47095.9 	  	 47095.9 	 	 47095.9 	 	 0 
104 	 6 	 445  	 47095.9 	  	 47095.9 	 	 47095.9 	 	 0 
104 	 6 	 446  	 47095.9 	  	 47095.9 	 	 47095.9 	 	 0 
104 	 6 	 447  	 47095.9 	  	 47095.9 	 	 47095.9 	 	 0 
104 	 6 	 448  	 47095.9 	  	 47095.9 	 	 47095.9 	 	 0 
104 	 6 	 449  	 47095.9 	  	 47095.9 	 	 47095.9 	 	 0 
104 	 6 	 450  	 47095.9 	  	 47095.9 	 	 47095.9 	 	 0 
104 	 6 	 451  	 47095.9 	  	 47095.9 	 	 47095.9 	 	 0 
104 	 6 	 452  	 47095.9 	  	 47095.9 	 	 47095.9 	 	 0 
104 	 6 	 453  	 47095.9 	  	 47095.9 	 	 47095.9 	 	 0 
104 	 6 	 454  	 47095.9 	  	 47095.9 	 	 47095.9 	 	 0 
104 	 6 	 455  	 47095.9 	  	 47095.9 	 	 47095.9 	 	 0 
104 	 6 	 456  	 47095.9 	  	 47095.9 	 	 47095.9 	 	 0 
104 	 6 	 457  	 47095.9 	  	 47095.9 	 	 47095.9 	 	 0 
104 	 6 	 458  	 47095.9 	  	 47095.9 	 	 47095.9 	 	 0 
104 	 6 	 459  	 47095.9 	  	 47095.9 	 	 47095.9 	 	 0 
104 	 6 	 460  	 47095.9 	  	 47095.9 	 	 47095.9 	 	 0 
104 	 6 	 461  	 47095.9 	  	 47095.9 	 	 47095.9 	 	 0 
104 	 6 	 462  	 47095.9 	  	 47095.9 	 	 47095.9 	 	 0 
104 	 6 	 463  	 47095.9 	  	 47095.9 	 	 47095.9 	 	 0 
104 	 6 	 464  	 47095.9 	  	 47095.9 	 	 47095.9 	 	 0 
104 	 6 	 465  	 47095.9 	  	 47095.9 	 	 47095.9 	 	 0 
104 	 6 	 466  	 47095.9 	  	 47095.9 	 	 47095.9 	 	 0 
104 	 6 	 467  	 47095.9 	  	 47095.9 	 	 47095.9 	 	 0 
104 	 6 	 468  	 47095.9 	  	 47095.9 	 	 47095.9 	 	 0 
104 	 6 	 469  	 47095.9 	  	 47095.9 	 	 47095.9 	 	 0 
104 	 6 	 470  	 47095.9 	  	 47095.9 	 	 47095.9 	 	 0 
104 	 6 	 471  	 47095.9 	  	 47095.9 	 	 47095.9 	 	 0 
104 	 6 	 472  	 47095.9 	  	 47095.9 	 	 47095.9 	 	 0 
104 	 6 	 473  	 47095.9 	  	 47095.9 	 	 47095.9 	 	 0 
104 	 6 	 474  	 47095.9 	  	 47095.9 	 	 47095.9 	 	 0 
104 	 6 	 475  	 47095.9 	  	 47095.9 	 	 47095.9 	 	 0 
104 	 6 	 476  	 47095.9 	  	 47095.9 	 	 47095.9 	 	 0 
104 	 6 	 477  	 47095.9 	  	 47095.9 	 	 47095.9 	 	 0 
104 	 6 	 478  	 47095.9 	  	 47095.9 	 	 47095.9 	 	 0 
104 	 6 	 479  	 47095.9 	  	 47095.9 	 	 47095.9 	 	 0 
104 	 6 	 480  	 47095.9 	  	 47095.9 	 	 47095.9 	 	 0 
104 	 6 	 481  	 47095.9 	  	 47095.9 	 	 47095.9 	 	 0 
104 	 6 	 482  	 47095.9 	  	 47095.9 	 	 47095.9 	 	 0 
104 	 6 	 483  	 47095.9 	  	 47095.9 	 	 47095.9 	 	 0 
104 	 6 	 484  	 47095.9 	  	 47095.9 	 	 47095.9 	 	 0 
104 	 6 	 485  	 47095.9 	  	 47095.9 	 	 47095.9 	 	 0 
104 	 6 	 486  	 47095.9 	  	 47095.9 	 	 47095.9 	 	 0 
104 	 6 	 487  	 47095.9 	  	 47095.9 	 	 47095.9 	 	 0 
104 	 6 	 488  	 47095.9 	  	 47095.9 	 	 47095.9 	 	 0 
104 	 6 	 489  	 47095.9 	  	 47095.9 	 	 47095.9 	 	 0 
104 	 6 	 490  	 47095.9 	  	 47095.9 	 	 47095.9 	 	 0 
104 	 6 	 491  	 47095.9 	  	 47095.9 	 	 47095.9 	 	 0 
104 	 6 	 492  	 47095.9 	  	 47095.9 	 	 47095.9 	 	 0 
104 	 6 	 493  	 47095.9 	  	 47095.9 	 	 47095.9 	 	 0 
104 	 6 	 494  	 47095.9 	  	 47095.9 	 	 47095.9 	 	 0 
104 	 6 	 495  	 47095.9 	  	 47095.9 	 	 47095.9 	 	 0 
104 	 6 	 496  	 47095.9 	  	 47095.9 	 	 47095.9 	 	 0 
104 	 6 	 497  	 47095.9 	  	 47095.9 	 	 47095.9 	 	 0 
104 	 6 	 498  	 47095.9 	  	 47095.9 	 	 47095.9 	 	 0 
104 	 6 	 499  	 47095.9 	  	 47095.9 	 	 47095.9 	 	 0 
104 	 6 	 500  	 47095.9 	  	 47095.9 	 	 47095.9 	 	 0 
104 	 6 	 501  	 47095.9 	  	 47095.9 	 	 47095.9 	 	 0 
104 	 6 	 502  	 47095.9 	  	 47095.9 	 	 47095.9 	 	 0 
104 	 6 	 503  	 47095.9 	  	 47095.9 	 	 47095.9 	 	 0 
104 	 6 	 504  	 47095.9 	  	 47095.9 	 	 47095.9 	 	 0 
104 	 6 	 505  	 47095.9 	  	 47095.9 	 	 47095.9 	 	 0 
104 	 6 	 506  	 47095.9 	  	 47095.9 	 	 47095.9 	 	 0 
104 	 6 	 507  	 47095.9 	  	 47095.9 	 	 47095.9 	 	 0 
104 	 6 	 508  	 47095.9 	  	 47095.9 	 	 47095.9 	 	 0 
104 	 6 	 509  	 47095.9 	  	 47095.9 	 	 47095.9 	 	 0 
104 	 6 	 510  	 47095.9 	  	 47095.9 	 	 47095.9 	 	 0 
104 	 6 	 511  	 47095.9 	  	 47095.9 	 	 47095.9 	 	 0 
104 	 6 	 512  	 47095.9 	  	 47095.9 	 	 47095.9 	 	 0 
104 	 6 	 513  	 47095.9 	  	 47095.9 	 	 47095.9 	 	 0 
104 	 6 	 514  	 47095.9 	  	 47095.9 	 	 47095.9 	 	 0 
104 	 6 	 515  	 47095.9 	  	 47095.9 	 	 47095.9 	 	 0 
104 	 6 	 516  	 47095.9 	  	 47095.9 	 	 47095.9 	 	 0 
104 	 6 	 517  	 47095.9 	  	 47095.9 	 	 47095.9 	 	 0 
104 	 6 	 518  	 47095.9 	  	 47095.9 	 	 47095.9 	 	 0 
104 	 6 	 519  	 47095.9 	  	 47095.9 	 	 47095.9 	 	 0 
104 	 6 	 520  	 47095.9 	  	 47095.9 	 	 47095.9 	 	 0 
104 	 6 	 521  	 47095.9 	  	 47095.9 	 	 47095.9 	 	 0 
104 	 6 	 522  	 47095.9 	  	 47095.9 	 	 47095.9 	 	 0 
104 	 6 	 523  	 47095.9 	  	 47095.9 	 	 47095.9 	 	 0 
104 	 6 	 524  	 47095.9 	  	 47095.9 	 	 47095.9 	 	 0 
104 	 6 	 525  	 47095.9 	  	 47095.9 	 	 47095.9 	 	 0 
104 	 6 	 526  	 47095.9 	  	 47095.9 	 	 47095.9 	 	 0 
104 	 6 	 527  	 47095.9 	  	 47095.9 	 	 47095.9 	 	 0 
104 	 6 	 528  	 47095.9 	  	 47095.9 	 	 47095.9 	 	 0 
104 	 6 	 529  	 47095.9 	  	 47095.9 	 	 47095.9 	 	 0 
104 	 6 	 530  	 47095.9 	  	 47095.9 	 	 47095.9 	 	 0 
104 	 6 	 531  	 47095.9 	  	 47095.9 	 	 47095.9 	 	 0 
104 	 6 	 532  	 47095.9 	  	 47095.9 	 	 47095.9 	 	 0 
104 	 6 	 533  	 47095.9 	  	 47095.9 	 	 47095.9 	 	 0 
104 	 6 	 534  	 47095.9 	  	 47095.9 	 	 47095.9 	 	 0 
104 	 6 	 535  	 47095.9 	  	 47095.9 	 	 47095.9 	 	 0 
104 	 6 	 536  	 47095.9 	  	 47095.9 	 	 47095.9 	 	 0 
104 	 6 	 537  	 47095.9 	  	 47095.9 	 	 47095.9 	 	 0 
104 	 6 	 538  	 47095.9 	  	 47095.9 	 	 47095.9 	 	 0 
104 	 6 	 539  	 47095.9 	  	 47095.9 	 	 47095.9 	 	 0 
104 	 6 	 540  	 47095.9 	  	 47095.9 	 	 47095.9 	 	 0 
104 	 6 	 541  	 47095.9 	  	 47095.9 	 	 47095.9 	 	 0 
104 	 6 	 542  	 47095.9 	  	 47095.9 	 	 47095.9 	 	 0 
104 	 6 	 543  	 47095.9 	  	 47095.9 	 	 47095.9 	 	 0 
104 	 6 	 544  	 47095.9 	  	 47095.9 	 	 47095.9 	 	 0 
104 	 6 	 545  	 47095.9 	  	 47095.9 	 	 47095.9 	 	 0 
104 	 6 	 546  	 47095.9 	  	 47095.9 	 	 47095.9 	 	 0 
104 	 6 	 547  	 47095.9 	  	 47095.9 	 	 47095.9 	 	 0 
104 	 6 	 548  	 47095.9 	  	 47095.9 	 	 47095.9 	 	 0 
104 	 6 	 549  	 47095.9 	  	 47095.9 	 	 47095.9 	 	 0 
104 	 6 	 550  	 47095.9 	  	 47095.9 	 	 47095.9 	 	 0 
104 	 6 	 551  	 47095.9 	  	 47095.9 	 	 47095.9 	 	 0 
104 	 6 	 552  	 47095.9 	  	 47095.9 	 	 47095.9 	 	 0 
104 	 6 	 553  	 47095.9 	  	 47095.9 	 	 47095.9 	 	 0 
104 	 6 	 554  	 47095.9 	  	 47095.9 	 	 47095.9 	 	 0 
104 	 6 	 555  	 47095.9 	  	 47095.9 	 	 47095.9 	 	 0 
104 	 6 	 556  	 47095.9 	  	 47095.9 	 	 47095.9 	 	 0 
104 	 6 	 557  	 47095.9 	  	 47095.9 	 	 47095.9 	 	 0 
104 	 6 	 558  	 47095.9 	  	 47095.9 	 	 47095.9 	 	 0 
104 	 6 	 559  	 47095.9 	  	 47095.9 	 	 47095.9 	 	 0 
104 	 6 	 560  	 47095.9 	  	 47095.9 	 	 47095.9 	 	 0 
104 	 6 	 561  	 47095.9 	  	 47095.9 	 	 47095.9 	 	 0 
104 	 6 	 562  	 47095.9 	  	 47095.9 	 	 47095.9 	 	 0 
104 	 6 	 563  	 47095.9 	  	 47095.9 	 	 47095.9 	 	 0 
104 	 6 	 564  	 47095.9 	  	 47095.9 	 	 47095.9 	 	 0 
104 	 6 	 565  	 47095.9 	  	 47095.9 	 	 47095.9 	 	 0 
104 	 6 	 566  	 47095.9 	  	 47095.9 	 	 47095.9 	 	 0 
104 	 6 	 567  	 47095.9 	  	 47095.9 	 	 47095.9 	 	 0 
104 	 6 	 568  	 47095.9 	  	 47095.9 	 	 47095.9 	 	 0 
104 	 6 	 569  	 47095.9 	  	 47095.9 	 	 47095.9 	 	 0 
104 	 6 	 570  	 47095.9 	  	 47095.9 	 	 47095.9 	 	 0 
104 	 6 	 571  	 47095.9 	  	 47095.9 	 	 47095.9 	 	 0 
104 	 6 	 572  	 47095.9 	  	 47095.9 	 	 47095.9 	 	 0 
104 	 6 	 573  	 47095.9 	  	 47095.9 	 	 47095.9 	 	 0 
104 	 6 	 574  	 47095.9 	  	 47095.9 	 	 47095.9 	 	 0 
104 	 6 	 575  	 47095.9 	  	 47095.9 	 	 47095.9 	 	 0 
104 	 6 	 576  	 47095.9 	  	 47095.9 	 	 47095.9 	 	 0 
104 	 6 	 577  	 47095.9 	  	 47095.9 	 	 47095.9 	 	 0 
104 	 6 	 578  	 47095.9 	  	 47095.9 	 	 47095.9 	 	 0 
104 	 6 	 579  	 47095.9 	  	 47095.9 	 	 47095.9 	 	 0 
104 	 6 	 580  	 47095.9 	  	 47095.9 	 	 47095.9 	 	 0 
104 	 6 	 581  	 47095.9 	  	 47095.9 	 	 47095.9 	 	 0 
104 	 6 	 582  	 47095.9 	  	 47095.9 	 	 47095.9 	 	 0 
104 	 6 	 583  	 47095.9 	  	 47095.9 	 	 47095.9 	 	 0 
104 	 6 	 584  	 47095.9 	  	 47095.9 	 	 47095.9 	 	 0 
104 	 6 	 585  	 47095.9 	  	 47095.9 	 	 47095.9 	 	 0 
104 	 6 	 586  	 47095.9 	  	 47095.9 	 	 47095.9 	 	 0 
104 	 6 	 587  	 47095.9 	  	 47095.9 	 	 47095.9 	 	 0 
104 	 6 	 588  	 47095.9 	  	 47095.9 	 	 47095.9 	 	 0 
104 	 6 	 589  	 47095.9 	  	 47095.9 	 	 47095.9 	 	 0 
104 	 6 	 590  	 47095.9 	  	 47095.9 	 	 47095.9 	 	 0 
104 	 6 	 591  	 47095.9 	  	 47095.9 	 	 47095.9 	 	 0 
104 	 6 	 592  	 47095.9 	  	 47095.9 	 	 47095.9 	 	 0 
104 	 6 	 593  	 47095.9 	  	 47095.9 	 	 47095.9 	 	 0 
104 	 6 	 594  	 47095.9 	  	 47095.9 	 	 47095.9 	 	 0 
104 	 6 	 595  	 47095.9 	  	 47095.9 	 	 47095.9 	 	 0 
104 	 6 	 596  	 47095.9 	  	 47095.9 	 	 47095.9 	 	 0 
104 	 6 	 597  	 47095.9 	  	 47095.9 	 	 47095.9 	 	 0 
104 	 6 	 598  	 47095.9 	  	 47095.9 	 	 47095.9 	 	 0 
104 	 6 	 599  	 47095.9 	  	 47095.9 	 	 47095.9 	 	 0 
104 	 6 	 600  	 47095.9 	  	 47095.9 	 	 47095.9 	 	 0 
104 	 6 	 601  	 47095.9 	  	 47095.9 	 	 47095.9 	 	 0 
104 	 6 	 602  	 47095.9 	  	 47095.9 	 	 47095.9 	 	 0 
104 	 6 	 603  	 47095.9 	  	 47095.9 	 	 47095.9 	 	 0 
104 	 6 	 604  	 47095.9 	  	 47095.9 	 	 47095.9 	 	 0 
104 	 6 	 605  	 47095.9 	  	 47095.9 	 	 47095.9 	 	 0 
104 	 6 	 606  	 47095.9 	  	 47095.9 	 	 47095.9 	 	 0 
104 	 6 	 607  	 47095.9 	  	 47095.9 	 	 47095.9 	 	 0 
104 	 6 	 608  	 47095.9 	  	 47095.9 	 	 47095.9 	 	 0 
104 	 6 	 609  	 47095.9 	  	 47095.9 	 	 47095.9 	 	 0 
104 	 6 	 610  	 47095.9 	  	 47095.9 	 	 47095.9 	 	 0 
104 	 6 	 611  	 47095.9 	  	 47095.9 	 	 47095.9 	 	 0 
104 	 6 	 612  	 47095.9 	  	 47095.9 	 	 47095.9 	 	 0 
104 	 6 	 613  	 47095.9 	  	 47095.9 	 	 47095.9 	 	 0 
104 	 6 	 614  	 47095.9 	  	 47095.9 	 	 47095.9 	 	 0 
104 	 6 	 615  	 47095.9 	  	 47095.9 	 	 47095.9 	 	 0 
104 	 6 	 616  	 47095.9 	  	 47095.9 	 	 47095.9 	 	 0 
104 	 6 	 617  	 47095.9 	  	 47095.9 	 	 47095.9 	 	 0 
104 	 6 	 618  	 47095.9 	  	 47095.9 	 	 47095.9 	 	 0 
104 	 6 	 619  	 47095.9 	  	 47095.9 	 	 47095.9 	 	 0 
104 	 6 	 620  	 47095.9 	  	 47095.9 	 	 47095.9 	 	 0 
104 	 6 	 621  	 47095.9 	  	 47095.9 	 	 47095.9 	 	 0 
104 	 6 	 622  	 47095.9 	  	 47095.9 	 	 47095.9 	 	 0 
104 	 6 	 623  	 47095.9 	  	 47095.9 	 	 47095.9 	 	 0 
104 	 6 	 624  	 47095.9 	  	 47095.9 	 	 47095.9 	 	 0 
104 	 6 	 625  	 47095.9 	  	 47095.9 	 	 47095.9 	 	 0 
104 	 6 	 626  	 47095.9 	  	 47095.9 	 	 47095.9 	 	 0 
104 	 6 	 627  	 47095.9 	  	 47095.9 	 	 47095.9 	 	 0 
104 	 6 	 628  	 47095.9 	  	 47095.9 	 	 47095.9 	 	 0 
104 	 6 	 629  	 47095.9 	  	 47095.9 	 	 47095.9 	 	 0 
104 	 6 	 630  	 47095.9 	  	 47095.9 	 	 47095.9 	 	 0 
104 	 6 	 631  	 47095.9 	  	 47095.9 	 	 47095.9 	 	 0 
104 	 6 	 632  	 47095.9 	  	 47095.9 	 	 47095.9 	 	 0 
104 	 6 	 633  	 47095.9 	  	 47095.9 	 	 47095.9 	 	 0 
104 	 6 	 634  	 47095.9 	  	 47095.9 	 	 47095.9 	 	 0 
104 	 6 	 635  	 47095.9 	  	 47095.9 	 	 47095.9 	 	 0 
104 	 6 	 636  	 47095.9 	  	 47095.9 	 	 47095.9 	 	 0 
104 	 6 	 637  	 47095.9 	  	 47095.9 	 	 47095.9 	 	 0 
104 	 6 	 638  	 47095.9 	  	 47095.9 	 	 47095.9 	 	 0 
104 	 6 	 639  	 47095.9 	  	 47095.9 	 	 47095.9 	 	 0 
104 	 6 	 640  	 47095.9 	  	 47095.9 	 	 47095.9 	 	 0 
104 	 6 	 641  	 47095.9 	  	 47095.9 	 	 47095.9 	 	 0 
104 	 6 	 642  	 47095.9 	  	 47095.9 	 	 47095.9 	 	 0 
104 	 6 	 643  	 47095.9 	  	 47095.9 	 	 47095.9 	 	 0 
104 	 6 	 644  	 47095.9 	  	 47095.9 	 	 47095.9 	 	 0 
104 	 6 	 645  	 47095.9 	  	 47095.9 	 	 47095.9 	 	 0 
104 	 6 	 646  	 47095.9 	  	 47095.9 	 	 47095.9 	 	 0 
104 	 6 	 647  	 47095.9 	  	 47095.9 	 	 47095.9 	 	 0 
104 	 6 	 648  	 47095.9 	  	 47095.9 	 	 47095.9 	 	 0 
104 	 6 	 649  	 47095.9 	  	 47095.9 	 	 47095.9 	 	 0 
104 	 6 	 650  	 47095.9 	  	 47095.9 	 	 47095.9 	 	 0 
104 	 6 	 651  	 47095.9 	  	 47095.9 	 	 47095.9 	 	 0 
104 	 6 	 652  	 47095.9 	  	 47095.9 	 	 47095.9 	 	 0 
104 	 6 	 653  	 47095.9 	  	 47095.9 	 	 47095.9 	 	 0 
104 	 6 	 654  	 47095.9 	  	 47095.9 	 	 47095.9 	 	 0 
104 	 6 	 655  	 47095.9 	  	 47095.9 	 	 47095.9 	 	 0 
104 	 6 	 656  	 47095.9 	  	 47095.9 	 	 47095.9 	 	 0 
104 	 6 	 657  	 47095.9 	  	 47095.9 	 	 47095.9 	 	 0 
104 	 6 	 658  	 47095.9 	  	 47095.9 	 	 47095.9 	 	 0 
104 	 6 	 659  	 47095.9 	  	 47095.9 	 	 47095.9 	 	 0 
104 	 6 	 660  	 47095.9 	  	 47095.9 	 	 47095.9 	 	 0 
104 	 6 	 661  	 47095.9 	  	 47095.9 	 	 47095.9 	 	 0 
104 	 6 	 662  	 47095.9 	  	 47095.9 	 	 47095.9 	 	 0 
104 	 6 	 663  	 47095.9 	  	 47095.9 	 	 47095.9 	 	 0 
104 	 6 	 664  	 47095.9 	  	 47095.9 	 	 47095.9 	 	 0 
104 	 6 	 665  	 47095.9 	  	 47095.9 	 	 47095.9 	 	 0 
104 	 6 	 666  	 47095.9 	  	 47095.9 	 	 47095.9 	 	 0 
104 	 6 	 667  	 47095.9 	  	 47095.9 	 	 47095.9 	 	 0 
104 	 6 	 668  	 47095.9 	  	 47095.9 	 	 47095.9 	 	 0 
104 	 6 	 669  	 47095.9 	  	 47095.9 	 	 47095.9 	 	 0 
104 	 6 	 670  	 47095.9 	  	 47095.9 	 	 47095.9 	 	 0 
104 	 6 	 671  	 47095.9 	  	 47095.9 	 	 47095.9 	 	 0 
104 	 6 	 672  	 47095.9 	  	 47095.9 	 	 47095.9 	 	 0 
104 	 6 	 673  	 47095.9 	  	 47095.9 	 	 47095.9 	 	 0 
104 	 6 	 674  	 47095.9 	  	 47095.9 	 	 47095.9 	 	 0 
104 	 6 	 675  	 47095.9 	  	 47095.9 	 	 47095.9 	 	 0 
104 	 6 	 676  	 47095.9 	  	 47095.9 	 	 47095.9 	 	 0 
104 	 6 	 677  	 47095.9 	  	 47095.9 	 	 47095.9 	 	 0 
104 	 6 	 678  	 47095.9 	  	 47095.9 	 	 47095.9 	 	 0 
104 	 6 	 679  	 47095.9 	  	 47095.9 	 	 47095.9 	 	 0 
104 	 6 	 680  	 47095.9 	  	 47095.9 	 	 47095.9 	 	 0 
104 	 6 	 681  	 47095.9 	  	 47095.9 	 	 47095.9 	 	 0 
104 	 6 	 682  	 47095.9 	  	 47095.9 	 	 47095.9 	 	 0 
104 	 6 	 683  	 47095.9 	  	 47095.9 	 	 47095.9 	 	 0 
104 	 6 	 684  	 47095.9 	  	 47095.9 	 	 47095.9 	 	 0 
104 	 6 	 685  	 47095.9 	  	 47095.9 	 	 47095.9 	 	 0 
104 	 6 	 686  	 47095.9 	  	 47095.9 	 	 47095.9 	 	 0 
104 	 6 	 687  	 47095.9 	  	 47095.9 	 	 47095.9 	 	 0 
104 	 6 	 688  	 47095.9 	  	 47095.9 	 	 47095.9 	 	 0 
104 	 6 	 689  	 47095.9 	  	 47095.9 	 	 47095.9 	 	 0 
104 	 6 	 690  	 47095.9 	  	 47095.9 	 	 47095.9 	 	 0 
104 	 6 	 691  	 47095.9 	  	 47095.9 	 	 47095.9 	 	 0 
104 	 6 	 692  	 47095.9 	  	 47095.9 	 	 47095.9 	 	 0 
104 	 6 	 693  	 47095.9 	  	 47095.9 	 	 47095.9 	 	 0 
104 	 6 	 694  	 47095.9 	  	 47095.9 	 	 47095.9 	 	 0 
104 	 6 	 695  	 47095.9 	  	 47095.9 	 	 47095.9 	 	 0 
104 	 6 	 696  	 47095.9 	  	 47095.9 	 	 47095.9 	 	 0 
104 	 6 	 697  	 47095.9 	  	 47095.9 	 	 47095.9 	 	 0 
104 	 6 	 698  	 47095.9 	  	 47095.9 	 	 47095.9 	 	 0 
104 	 6 	 699  	 47095.9 	  	 47095.9 	 	 47095.9 	 	 0 
104 	 6 	 700  	 47095.9 	  	 47095.9 	 	 47095.9 	 	 0 
104 	 6 	 701  	 47095.9 	  	 47095.9 	 	 47095.9 	 	 0 
104 	 6 	 702  	 47095.9 	  	 47095.9 	 	 47095.9 	 	 0 
104 	 6 	 703  	 47095.9 	  	 47095.9 	 	 47095.9 	 	 0 
104 	 6 	 704  	 47095.9 	  	 47095.9 	 	 47095.9 	 	 0 
104 	 6 	 705  	 47095.9 	  	 47095.9 	 	 47095.9 	 	 0 
104 	 6 	 706  	 47095.9 	  	 47095.9 	 	 47095.9 	 	 0 
104 	 6 	 707  	 47095.9 	  	 47095.9 	 	 47095.9 	 	 0 
104 	 6 	 708  	 47095.9 	  	 47095.9 	 	 47095.9 	 	 0 
104 	 6 	 709  	 47095.9 	  	 47095.9 	 	 47095.9 	 	 0 
104 	 6 	 710  	 47095.9 	  	 47095.9 	 	 47095.9 	 	 0 
104 	 6 	 711  	 47095.9 	  	 47095.9 	 	 47095.9 	 	 0 
104 	 6 	 712  	 47095.9 	  	 47095.9 	 	 47095.9 	 	 0 
104 	 6 	 713  	 47095.9 	  	 47095.9 	 	 47095.9 	 	 0 
104 	 6 	 714  	 47095.9 	  	 47095.9 	 	 47095.9 	 	 0 
104 	 6 	 715  	 47095.9 	  	 47095.9 	 	 47095.9 	 	 0 
104 	 6 	 716  	 47095.9 	  	 47095.9 	 	 47095.9 	 	 0 
104 	 6 	 717  	 47095.9 	  	 47095.9 	 	 47095.9 	 	 0 
104 	 6 	 718  	 47095.9 	  	 47095.9 	 	 47095.9 	 	 0 
104 	 6 	 719  	 47095.9 	  	 47095.9 	 	 47095.9 	 	 0 
104 	 6 	 720  	 47095.9 	  	 47095.9 	 	 47095.9 	 	 0 
104 	 6 	 721  	 47095.9 	  	 47095.9 	 	 47095.9 	 	 0 
104 	 6 	 722  	 47095.9 	  	 47095.9 	 	 47095.9 	 	 0 
104 	 6 	 723  	 47095.9 	  	 47095.9 	 	 47095.9 	 	 0 
104 	 6 	 724  	 47095.9 	  	 47095.9 	 	 47095.9 	 	 0 
104 	 6 	 725  	 47095.9 	  	 47095.9 	 	 47095.9 	 	 0 
104 	 6 	 726  	 47095.9 	  	 47095.9 	 	 47095.9 	 	 0 
104 	 6 	 727  	 47095.9 	  	 47095.9 	 	 47095.9 	 	 0 
104 	 6 	 728  	 47095.9 	  	 47095.9 	 	 47095.9 	 	 0 
