104 	 4 	 1  	 100402 	  	 0 	 	 0 	 	 0 
104 	 4 	 2  	 100402 	  	 0 	 	 0 	 	 0 
104 	 4 	 3  	 100402 	  	 0 	 	 0 	 	 0 
104 	 4 	 4  	 100402 	  	 99132.3 	 	 0 	 	 0 
104 	 4 	 5  	 100402 	  	 99132.3 	 	 99132.3 	 	 0 
104 	 4 	 6  	 100402 	  	 99132.3 	 	 99132.3 	 	 0 
104 	 4 	 7  	 100402 	  	 99132.3 	 	 99132.3 	 	 0 
104 	 4 	 8  	 100402 	  	 99132.3 	 	 99132.3 	 	 0 
104 	 4 	 9  	 100402 	  	 99132.3 	 	 99132.3 	 	 0 
104 	 4 	 10  	 100402 	  	 99132.3 	 	 99132.3 	 	 0 
104 	 4 	 11  	 100402 	  	 100180 	 	 99132.3 	 	 0 
104 	 4 	 12  	 100402 	  	 100180 	 	 100180 	 	 0 
104 	 4 	 13  	 100402 	  	 100180 	 	 100180 	 	 0 
104 	 4 	 14  	 100402 	  	 100180 	 	 100180 	 	 0 
104 	 4 	 15  	 100402 	  	 100180 	 	 100180 	 	 0 
104 	 4 	 16  	 100402 	  	 100180 	 	 100180 	 	 0 
104 	 4 	 17  	 100402 	  	 100180 	 	 100180 	 	 0 
104 	 4 	 18  	 100402 	  	 100402 	 	 100180 	 	 0 
104 	 4 	 19  	 100402 	  	 100402 	 	 100402 	 	 0 
104 	 4 	 20  	 100402 	  	 100402 	 	 100402 	 	 0 
104 	 4 	 21  	 100402 	  	 100402 	 	 100402 	 	 0 
104 	 4 	 22  	 100402 	  	 100402 	 	 100402 	 	 0 
104 	 4 	 23  	 100402 	  	 100402 	 	 100402 	 	 0 
104 	 4 	 24  	 100402 	  	 100402 	 	 100402 	 	 0 
104 	 4 	 25  	 100402 	  	 100402 	 	 100402 	 	 0 
104 	 4 	 26  	 100402 	  	 100402 	 	 100402 	 	 0 
104 	 4 	 27  	 100402 	  	 100402 	 	 100402 	 	 0 
104 	 4 	 28  	 100402 	  	 100402 	 	 100402 	 	 0 
104 	 4 	 29  	 100402 	  	 100402 	 	 100402 	 	 0 
104 	 4 	 30  	 100402 	  	 100402 	 	 100402 	 	 0 
104 	 4 	 31  	 100402 	  	 100402 	 	 100402 	 	 0 
104 	 4 	 32  	 100402 	  	 100402 	 	 100402 	 	 0 
104 	 4 	 33  	 100402 	  	 100402 	 	 100402 	 	 0 
104 	 4 	 34  	 100402 	  	 100402 	 	 100402 	 	 0 
104 	 4 	 35  	 100402 	  	 100402 	 	 100402 	 	 0 
104 	 4 	 36  	 100402 	  	 100402 	 	 100402 	 	 0 
104 	 4 	 37  	 100402 	  	 100402 	 	 100402 	 	 0 
104 	 4 	 38  	 100402 	  	 100402 	 	 100402 	 	 0 
104 	 4 	 39  	 100402 	  	 100402 	 	 100402 	 	 0 
104 	 4 	 40  	 100402 	  	 100402 	 	 100402 	 	 0 
104 	 4 	 41  	 100402 	  	 100402 	 	 100402 	 	 0 
104 	 4 	 42  	 100402 	  	 100402 	 	 100402 	 	 0 
104 	 4 	 43  	 100402 	  	 100402 	 	 100402 	 	 0 
104 	 4 	 44  	 100402 	  	 100402 	 	 100402 	 	 0 
104 	 4 	 45  	 100402 	  	 100402 	 	 100402 	 	 0 
104 	 4 	 46  	 100402 	  	 100402 	 	 100402 	 	 0 
104 	 4 	 47  	 100402 	  	 100402 	 	 100402 	 	 0 
104 	 4 	 48  	 100402 	  	 100402 	 	 100402 	 	 0 
104 	 4 	 49  	 100402 	  	 100402 	 	 100402 	 	 0 
104 	 4 	 50  	 100402 	  	 100402 	 	 100402 	 	 0 
104 	 4 	 51  	 100402 	  	 100402 	 	 100402 	 	 0 
104 	 4 	 52  	 100402 	  	 100402 	 	 100402 	 	 0 
104 	 4 	 53  	 100402 	  	 100402 	 	 100402 	 	 0 
104 	 4 	 54  	 100402 	  	 100402 	 	 100402 	 	 0 
104 	 4 	 55  	 100402 	  	 100402 	 	 100402 	 	 0 
104 	 4 	 56  	 100402 	  	 100402 	 	 100402 	 	 0 
104 	 4 	 57  	 100402 	  	 100402 	 	 100402 	 	 0 
104 	 4 	 58  	 100402 	  	 100402 	 	 100402 	 	 0 
104 	 4 	 59  	 100402 	  	 100402 	 	 100402 	 	 0 
104 	 4 	 60  	 100402 	  	 100402 	 	 100402 	 	 0 
104 	 4 	 61  	 100402 	  	 100402 	 	 100402 	 	 0 
104 	 4 	 62  	 100402 	  	 100402 	 	 100402 	 	 0 
104 	 4 	 63  	 100402 	  	 100402 	 	 100402 	 	 0 
104 	 4 	 64  	 100402 	  	 100402 	 	 100402 	 	 0 
104 	 4 	 65  	 100402 	  	 100402 	 	 100402 	 	 0 
104 	 4 	 66  	 100402 	  	 100402 	 	 100402 	 	 0 
104 	 4 	 67  	 100402 	  	 100402 	 	 100402 	 	 0 
104 	 4 	 68  	 100402 	  	 100402 	 	 100402 	 	 0 
104 	 4 	 69  	 100402 	  	 100402 	 	 100402 	 	 0 
104 	 4 	 70  	 100402 	  	 100402 	 	 100402 	 	 0 
104 	 4 	 71  	 100402 	  	 100402 	 	 100402 	 	 0 
104 	 4 	 72  	 100402 	  	 100402 	 	 100402 	 	 0 
104 	 4 	 73  	 100402 	  	 100402 	 	 100402 	 	 0 
104 	 4 	 74  	 100402 	  	 100402 	 	 100402 	 	 0 
104 	 4 	 75  	 100402 	  	 100402 	 	 100402 	 	 0 
104 	 4 	 76  	 100402 	  	 100402 	 	 100402 	 	 0 
104 	 4 	 77  	 100402 	  	 100402 	 	 100402 	 	 0 
104 	 4 	 78  	 100402 	  	 100402 	 	 100402 	 	 0 
104 	 4 	 79  	 100402 	  	 100402 	 	 100402 	 	 0 
104 	 4 	 80  	 100402 	  	 100402 	 	 100402 	 	 0 
104 	 4 	 81  	 100402 	  	 100402 	 	 100402 	 	 0 
104 	 4 	 82  	 100402 	  	 100402 	 	 100402 	 	 0 
104 	 4 	 83  	 100402 	  	 100402 	 	 100402 	 	 0 
104 	 4 	 84  	 100402 	  	 100402 	 	 100402 	 	 0 
104 	 4 	 85  	 100402 	  	 100402 	 	 100402 	 	 0 
104 	 4 	 86  	 100402 	  	 100402 	 	 100402 	 	 0 
104 	 4 	 87  	 100402 	  	 100402 	 	 100402 	 	 0 
104 	 4 	 88  	 100402 	  	 100402 	 	 100402 	 	 0 
104 	 4 	 89  	 100402 	  	 100402 	 	 100402 	 	 0 
104 	 4 	 90  	 100402 	  	 100402 	 	 100402 	 	 0 
104 	 4 	 91  	 100402 	  	 100402 	 	 100402 	 	 0 
104 	 4 	 92  	 100402 	  	 100402 	 	 100402 	 	 0 
104 	 4 	 93  	 100402 	  	 100402 	 	 100402 	 	 0 
104 	 4 	 94  	 100402 	  	 100402 	 	 100402 	 	 0 
104 	 4 	 95  	 100402 	  	 100402 	 	 100402 	 	 0 
104 	 4 	 96  	 100402 	  	 100402 	 	 100402 	 	 0 
104 	 4 	 97  	 100402 	  	 100402 	 	 100402 	 	 0 
104 	 4 	 98  	 100402 	  	 100402 	 	 100402 	 	 0 
104 	 4 	 99  	 100402 	  	 100402 	 	 100402 	 	 0 
104 	 4 	 100  	 100402 	  	 100402 	 	 100402 	 	 0 
104 	 4 	 101  	 100402 	  	 100402 	 	 100402 	 	 0 
104 	 4 	 102  	 100402 	  	 100402 	 	 100402 	 	 0 
104 	 4 	 103  	 100402 	  	 100402 	 	 100402 	 	 0 
104 	 4 	 104  	 100402 	  	 100402 	 	 100402 	 	 0 
104 	 4 	 105  	 100402 	  	 100402 	 	 100402 	 	 0 
104 	 4 	 106  	 100402 	  	 100402 	 	 100402 	 	 0 
104 	 4 	 107  	 100402 	  	 100402 	 	 100402 	 	 0 
104 	 4 	 108  	 100402 	  	 100402 	 	 100402 	 	 0 
104 	 4 	 109  	 100402 	  	 100402 	 	 100402 	 	 0 
104 	 4 	 110  	 100402 	  	 100402 	 	 100402 	 	 0 
104 	 4 	 111  	 100402 	  	 100402 	 	 100402 	 	 0 
104 	 4 	 112  	 100402 	  	 100402 	 	 100402 	 	 0 
104 	 4 	 113  	 100402 	  	 100402 	 	 100402 	 	 0 
104 	 4 	 114  	 100402 	  	 100402 	 	 100402 	 	 0 
104 	 4 	 115  	 100402 	  	 100402 	 	 100402 	 	 0 
104 	 4 	 116  	 100402 	  	 100402 	 	 100402 	 	 0 
104 	 4 	 117  	 100402 	  	 100402 	 	 100402 	 	 0 
104 	 4 	 118  	 100402 	  	 100402 	 	 100402 	 	 0 
104 	 4 	 119  	 100402 	  	 100402 	 	 100402 	 	 0 
104 	 4 	 120  	 100402 	  	 100402 	 	 100402 	 	 0 
104 	 4 	 121  	 100402 	  	 100402 	 	 100402 	 	 0 
104 	 4 	 122  	 100402 	  	 100402 	 	 100402 	 	 0 
104 	 4 	 123  	 100402 	  	 100402 	 	 100402 	 	 0 
104 	 4 	 124  	 100402 	  	 100402 	 	 100402 	 	 0 
104 	 4 	 125  	 100402 	  	 100402 	 	 100402 	 	 0 
104 	 4 	 126  	 100402 	  	 100402 	 	 100402 	 	 0 
104 	 4 	 127  	 100402 	  	 100402 	 	 100402 	 	 0 
104 	 4 	 128  	 100402 	  	 100402 	 	 100402 	 	 0 
104 	 4 	 129  	 100402 	  	 100402 	 	 100402 	 	 0 
104 	 4 	 130  	 100402 	  	 100402 	 	 100402 	 	 0 
104 	 4 	 131  	 100402 	  	 100402 	 	 100402 	 	 0 
104 	 4 	 132  	 100402 	  	 100402 	 	 100402 	 	 0 
104 	 4 	 133  	 100402 	  	 100402 	 	 100402 	 	 0 
104 	 4 	 134  	 100402 	  	 100402 	 	 100402 	 	 0 
104 	 4 	 135  	 100402 	  	 100402 	 	 100402 	 	 0 
104 	 4 	 136  	 100402 	  	 100402 	 	 100402 	 	 0 
104 	 4 	 137  	 100402 	  	 100402 	 	 100402 	 	 0 
104 	 4 	 138  	 100402 	  	 100402 	 	 100402 	 	 0 
104 	 4 	 139  	 100402 	  	 100402 	 	 100402 	 	 0 
104 	 4 	 140  	 100402 	  	 100402 	 	 100402 	 	 0 
104 	 4 	 141  	 100402 	  	 100402 	 	 100402 	 	 0 
104 	 4 	 142  	 100402 	  	 100402 	 	 100402 	 	 0 
104 	 4 	 143  	 100402 	  	 100402 	 	 100402 	 	 0 
104 	 4 	 144  	 100402 	  	 100402 	 	 100402 	 	 0 
104 	 4 	 145  	 100402 	  	 100402 	 	 100402 	 	 0 
104 	 4 	 146  	 100402 	  	 100402 	 	 100402 	 	 0 
104 	 4 	 147  	 100402 	  	 100402 	 	 100402 	 	 0 
104 	 4 	 148  	 100402 	  	 100402 	 	 100402 	 	 0 
104 	 4 	 149  	 100402 	  	 100402 	 	 100402 	 	 0 
104 	 4 	 150  	 100402 	  	 100402 	 	 100402 	 	 0 
104 	 4 	 151  	 100402 	  	 100402 	 	 100402 	 	 0 
104 	 4 	 152  	 100402 	  	 100402 	 	 100402 	 	 0 
104 	 4 	 153  	 100402 	  	 100402 	 	 100402 	 	 0 
104 	 4 	 154  	 100402 	  	 100402 	 	 100402 	 	 0 
104 	 4 	 155  	 100402 	  	 100402 	 	 100402 	 	 0 
104 	 4 	 156  	 100402 	  	 100402 	 	 100402 	 	 0 
104 	 4 	 157  	 100402 	  	 100402 	 	 100402 	 	 0 
104 	 4 	 158  	 100402 	  	 100402 	 	 100402 	 	 0 
104 	 4 	 159  	 100402 	  	 100402 	 	 100402 	 	 0 
104 	 4 	 160  	 100402 	  	 100402 	 	 100402 	 	 0 
104 	 4 	 161  	 100402 	  	 100402 	 	 100402 	 	 0 
104 	 4 	 162  	 100402 	  	 100402 	 	 100402 	 	 0 
104 	 4 	 163  	 100402 	  	 100402 	 	 100402 	 	 0 
104 	 4 	 164  	 100402 	  	 100402 	 	 100402 	 	 0 
104 	 4 	 165  	 100402 	  	 100402 	 	 100402 	 	 0 
104 	 4 	 166  	 100402 	  	 100402 	 	 100402 	 	 0 
104 	 4 	 167  	 100402 	  	 100402 	 	 100402 	 	 0 
104 	 4 	 168  	 100402 	  	 100402 	 	 100402 	 	 0 
104 	 4 	 169  	 100402 	  	 100402 	 	 100402 	 	 0 
104 	 4 	 170  	 100402 	  	 100402 	 	 100402 	 	 0 
104 	 4 	 171  	 100402 	  	 100402 	 	 100402 	 	 0 
104 	 4 	 172  	 100402 	  	 100402 	 	 100402 	 	 0 
104 	 4 	 173  	 100402 	  	 100402 	 	 100402 	 	 0 
104 	 4 	 174  	 100402 	  	 100402 	 	 100402 	 	 0 
104 	 4 	 175  	 100402 	  	 100402 	 	 100402 	 	 0 
104 	 4 	 176  	 100402 	  	 100402 	 	 100402 	 	 0 
104 	 4 	 177  	 100402 	  	 100402 	 	 100402 	 	 0 
104 	 4 	 178  	 100402 	  	 100402 	 	 100402 	 	 0 
104 	 4 	 179  	 100402 	  	 100402 	 	 100402 	 	 0 
104 	 4 	 180  	 100402 	  	 100402 	 	 100402 	 	 0 
104 	 4 	 181  	 100402 	  	 100402 	 	 100402 	 	 0 
104 	 4 	 182  	 100402 	  	 100402 	 	 100402 	 	 0 
104 	 4 	 183  	 100402 	  	 100402 	 	 100402 	 	 0 
104 	 4 	 184  	 100402 	  	 100402 	 	 100402 	 	 0 
104 	 4 	 185  	 100402 	  	 100402 	 	 100402 	 	 0 
104 	 4 	 186  	 100402 	  	 100402 	 	 100402 	 	 0 
104 	 4 	 187  	 100402 	  	 100402 	 	 100402 	 	 0 
104 	 4 	 188  	 100402 	  	 100402 	 	 100402 	 	 0 
104 	 4 	 189  	 100402 	  	 100402 	 	 100402 	 	 0 
104 	 4 	 190  	 100402 	  	 100402 	 	 100402 	 	 0 
104 	 4 	 191  	 100402 	  	 100402 	 	 100402 	 	 0 
104 	 4 	 192  	 100402 	  	 100402 	 	 100402 	 	 0 
104 	 4 	 193  	 100402 	  	 100402 	 	 100402 	 	 0 
104 	 4 	 194  	 100402 	  	 100402 	 	 100402 	 	 0 
104 	 4 	 195  	 100402 	  	 100402 	 	 100402 	 	 0 
104 	 4 	 196  	 100402 	  	 100402 	 	 100402 	 	 0 
104 	 4 	 197  	 100402 	  	 100402 	 	 100402 	 	 0 
104 	 4 	 198  	 100402 	  	 100402 	 	 100402 	 	 0 
104 	 4 	 199  	 100402 	  	 100402 	 	 100402 	 	 0 
104 	 4 	 200  	 100402 	  	 100402 	 	 100402 	 	 0 
104 	 4 	 201  	 100402 	  	 100402 	 	 100402 	 	 0 
104 	 4 	 202  	 100402 	  	 100402 	 	 100402 	 	 0 
104 	 4 	 203  	 100402 	  	 100402 	 	 100402 	 	 0 
104 	 4 	 204  	 100402 	  	 100402 	 	 100402 	 	 0 
104 	 4 	 205  	 100402 	  	 100402 	 	 100402 	 	 0 
104 	 4 	 206  	 100402 	  	 100402 	 	 100402 	 	 0 
104 	 4 	 207  	 100402 	  	 100402 	 	 100402 	 	 0 
104 	 4 	 208  	 100402 	  	 100402 	 	 100402 	 	 0 
104 	 4 	 209  	 100402 	  	 100402 	 	 100402 	 	 0 
104 	 4 	 210  	 100402 	  	 100402 	 	 100402 	 	 0 
104 	 4 	 211  	 100402 	  	 100402 	 	 100402 	 	 0 
104 	 4 	 212  	 100402 	  	 100402 	 	 100402 	 	 0 
104 	 4 	 213  	 100402 	  	 100402 	 	 100402 	 	 0 
104 	 4 	 214  	 100402 	  	 100402 	 	 100402 	 	 0 
104 	 4 	 215  	 100402 	  	 100402 	 	 100402 	 	 0 
104 	 4 	 216  	 100402 	  	 100402 	 	 100402 	 	 0 
104 	 4 	 217  	 100402 	  	 100402 	 	 100402 	 	 0 
104 	 4 	 218  	 100402 	  	 100402 	 	 100402 	 	 0 
104 	 4 	 219  	 100402 	  	 100402 	 	 100402 	 	 0 
104 	 4 	 220  	 100402 	  	 100402 	 	 100402 	 	 0 
104 	 4 	 221  	 100402 	  	 100402 	 	 100402 	 	 0 
104 	 4 	 222  	 100402 	  	 100402 	 	 100402 	 	 0 
104 	 4 	 223  	 100402 	  	 100402 	 	 100402 	 	 0 
104 	 4 	 224  	 100402 	  	 100402 	 	 100402 	 	 0 
104 	 4 	 225  	 100402 	  	 100402 	 	 100402 	 	 0 
104 	 4 	 226  	 100402 	  	 100402 	 	 100402 	 	 0 
104 	 4 	 227  	 100402 	  	 100402 	 	 100402 	 	 0 
104 	 4 	 228  	 100402 	  	 100402 	 	 100402 	 	 0 
104 	 4 	 229  	 100402 	  	 100402 	 	 100402 	 	 0 
104 	 4 	 230  	 100402 	  	 100402 	 	 100402 	 	 0 
104 	 4 	 231  	 100402 	  	 100402 	 	 100402 	 	 0 
104 	 4 	 232  	 100402 	  	 100402 	 	 100402 	 	 0 
104 	 4 	 233  	 100402 	  	 100402 	 	 100402 	 	 0 
104 	 4 	 234  	 100402 	  	 100402 	 	 100402 	 	 0 
104 	 4 	 235  	 100402 	  	 100402 	 	 100402 	 	 0 
104 	 4 	 236  	 100402 	  	 100402 	 	 100402 	 	 0 
104 	 4 	 237  	 100402 	  	 100402 	 	 100402 	 	 0 
104 	 4 	 238  	 100402 	  	 100402 	 	 100402 	 	 0 
104 	 4 	 239  	 100402 	  	 100402 	 	 100402 	 	 0 
104 	 4 	 240  	 100402 	  	 100402 	 	 100402 	 	 0 
104 	 4 	 241  	 100402 	  	 100402 	 	 100402 	 	 0 
104 	 4 	 242  	 100402 	  	 100402 	 	 100402 	 	 0 
104 	 4 	 243  	 100402 	  	 100402 	 	 100402 	 	 0 
104 	 4 	 244  	 100402 	  	 100402 	 	 100402 	 	 0 
104 	 4 	 245  	 100402 	  	 100402 	 	 100402 	 	 0 
104 	 4 	 246  	 100402 	  	 100402 	 	 100402 	 	 0 
104 	 4 	 247  	 100402 	  	 100402 	 	 100402 	 	 0 
104 	 4 	 248  	 100402 	  	 100402 	 	 100402 	 	 0 
104 	 4 	 249  	 100402 	  	 100402 	 	 100402 	 	 0 
104 	 4 	 250  	 100402 	  	 100402 	 	 100402 	 	 0 
104 	 4 	 251  	 100402 	  	 100402 	 	 100402 	 	 0 
104 	 4 	 252  	 100402 	  	 100402 	 	 100402 	 	 0 
104 	 4 	 253  	 100402 	  	 100402 	 	 100402 	 	 0 
104 	 4 	 254  	 100402 	  	 100402 	 	 100402 	 	 0 
104 	 4 	 255  	 100402 	  	 100402 	 	 100402 	 	 0 
104 	 4 	 256  	 100402 	  	 100402 	 	 100402 	 	 0 
104 	 4 	 257  	 100402 	  	 100402 	 	 100402 	 	 0 
104 	 4 	 258  	 100402 	  	 100402 	 	 100402 	 	 0 
104 	 4 	 259  	 100402 	  	 100402 	 	 100402 	 	 0 
104 	 4 	 260  	 100402 	  	 100402 	 	 100402 	 	 0 
104 	 4 	 261  	 100402 	  	 100402 	 	 100402 	 	 0 
104 	 4 	 262  	 100402 	  	 100402 	 	 100402 	 	 0 
104 	 4 	 263  	 100402 	  	 100402 	 	 100402 	 	 0 
104 	 4 	 264  	 100402 	  	 100402 	 	 100402 	 	 0 
104 	 4 	 265  	 100402 	  	 100402 	 	 100402 	 	 0 
104 	 4 	 266  	 100402 	  	 100402 	 	 100402 	 	 0 
104 	 4 	 267  	 100402 	  	 100402 	 	 100402 	 	 0 
104 	 4 	 268  	 100402 	  	 100402 	 	 100402 	 	 0 
104 	 4 	 269  	 100402 	  	 100402 	 	 100402 	 	 0 
104 	 4 	 270  	 100402 	  	 100402 	 	 100402 	 	 0 
104 	 4 	 271  	 100402 	  	 100402 	 	 100402 	 	 0 
104 	 4 	 272  	 100402 	  	 100402 	 	 100402 	 	 0 
104 	 4 	 273  	 100402 	  	 100402 	 	 100402 	 	 0 
104 	 4 	 274  	 100402 	  	 100402 	 	 100402 	 	 0 
104 	 4 	 275  	 100402 	  	 100402 	 	 100402 	 	 0 
104 	 4 	 276  	 100402 	  	 100402 	 	 100402 	 	 0 
104 	 4 	 277  	 100402 	  	 100402 	 	 100402 	 	 0 
104 	 4 	 278  	 100402 	  	 100402 	 	 100402 	 	 0 
104 	 4 	 279  	 100402 	  	 100402 	 	 100402 	 	 0 
104 	 4 	 280  	 100402 	  	 100402 	 	 100402 	 	 0 
104 	 4 	 281  	 100402 	  	 100402 	 	 100402 	 	 0 
104 	 4 	 282  	 100402 	  	 100402 	 	 100402 	 	 0 
104 	 4 	 283  	 100402 	  	 100402 	 	 100402 	 	 0 
104 	 4 	 284  	 100402 	  	 100402 	 	 100402 	 	 0 
104 	 4 	 285  	 100402 	  	 100402 	 	 100402 	 	 0 
104 	 4 	 286  	 100402 	  	 100402 	 	 100402 	 	 0 
104 	 4 	 287  	 100402 	  	 100402 	 	 100402 	 	 0 
104 	 4 	 288  	 100402 	  	 100402 	 	 100402 	 	 0 
104 	 4 	 289  	 100402 	  	 100402 	 	 100402 	 	 0 
104 	 4 	 290  	 100402 	  	 100402 	 	 100402 	 	 0 
104 	 4 	 291  	 100402 	  	 100402 	 	 100402 	 	 0 
104 	 4 	 292  	 100402 	  	 100402 	 	 100402 	 	 0 
104 	 4 	 293  	 100402 	  	 100402 	 	 100402 	 	 0 
104 	 4 	 294  	 100402 	  	 100402 	 	 100402 	 	 0 
104 	 4 	 295  	 100402 	  	 100402 	 	 100402 	 	 0 
104 	 4 	 296  	 100402 	  	 100402 	 	 100402 	 	 0 
104 	 4 	 297  	 100402 	  	 100402 	 	 100402 	 	 0 
104 	 4 	 298  	 100402 	  	 100402 	 	 100402 	 	 0 
104 	 4 	 299  	 100402 	  	 100402 	 	 100402 	 	 0 
104 	 4 	 300  	 100402 	  	 100402 	 	 100402 	 	 0 
104 	 4 	 301  	 100402 	  	 100402 	 	 100402 	 	 0 
104 	 4 	 302  	 100402 	  	 100402 	 	 100402 	 	 0 
104 	 4 	 303  	 100402 	  	 100402 	 	 100402 	 	 0 
104 	 4 	 304  	 100402 	  	 100402 	 	 100402 	 	 0 
104 	 4 	 305  	 100402 	  	 100402 	 	 100402 	 	 0 
104 	 4 	 306  	 100402 	  	 100402 	 	 100402 	 	 0 
104 	 4 	 307  	 100402 	  	 100402 	 	 100402 	 	 0 
104 	 4 	 308  	 100402 	  	 100402 	 	 100402 	 	 0 
104 	 4 	 309  	 100402 	  	 100402 	 	 100402 	 	 0 
104 	 4 	 310  	 100402 	  	 100402 	 	 100402 	 	 0 
104 	 4 	 311  	 100402 	  	 100402 	 	 100402 	 	 0 
104 	 4 	 312  	 100402 	  	 100402 	 	 100402 	 	 0 
104 	 4 	 313  	 100402 	  	 100402 	 	 100402 	 	 0 
104 	 4 	 314  	 100402 	  	 100402 	 	 100402 	 	 0 
104 	 4 	 315  	 100402 	  	 100402 	 	 100402 	 	 0 
104 	 4 	 316  	 100402 	  	 100402 	 	 100402 	 	 0 
104 	 4 	 317  	 100402 	  	 100402 	 	 100402 	 	 0 
104 	 4 	 318  	 100402 	  	 100402 	 	 100402 	 	 0 
104 	 4 	 319  	 100402 	  	 100402 	 	 100402 	 	 0 
104 	 4 	 320  	 100402 	  	 100402 	 	 100402 	 	 0 
104 	 4 	 321  	 100402 	  	 100402 	 	 100402 	 	 0 
104 	 4 	 322  	 100402 	  	 100402 	 	 100402 	 	 0 
104 	 4 	 323  	 100402 	  	 100402 	 	 100402 	 	 0 
104 	 4 	 324  	 100402 	  	 100402 	 	 100402 	 	 0 
104 	 4 	 325  	 100402 	  	 100402 	 	 100402 	 	 0 
104 	 4 	 326  	 100402 	  	 100402 	 	 100402 	 	 0 
104 	 4 	 327  	 100402 	  	 100402 	 	 100402 	 	 0 
104 	 4 	 328  	 100402 	  	 100402 	 	 100402 	 	 0 
104 	 4 	 329  	 100402 	  	 100402 	 	 100402 	 	 0 
104 	 4 	 330  	 100402 	  	 100402 	 	 100402 	 	 0 
104 	 4 	 331  	 100402 	  	 100402 	 	 100402 	 	 0 
104 	 4 	 332  	 100402 	  	 100402 	 	 100402 	 	 0 
104 	 4 	 333  	 100402 	  	 100402 	 	 100402 	 	 0 
104 	 4 	 334  	 100402 	  	 100402 	 	 100402 	 	 0 
104 	 4 	 335  	 100402 	  	 100402 	 	 100402 	 	 0 
104 	 4 	 336  	 100402 	  	 100402 	 	 100402 	 	 0 
104 	 4 	 337  	 100402 	  	 100402 	 	 100402 	 	 0 
104 	 4 	 338  	 100402 	  	 100402 	 	 100402 	 	 0 
104 	 4 	 339  	 100402 	  	 100402 	 	 100402 	 	 0 
104 	 4 	 340  	 100402 	  	 100402 	 	 100402 	 	 0 
104 	 4 	 341  	 100402 	  	 100402 	 	 100402 	 	 0 
104 	 4 	 342  	 100402 	  	 100402 	 	 100402 	 	 0 
104 	 4 	 343  	 100402 	  	 100402 	 	 100402 	 	 0 
104 	 4 	 344  	 100402 	  	 100402 	 	 100402 	 	 0 
104 	 4 	 345  	 100402 	  	 100402 	 	 100402 	 	 0 
104 	 4 	 346  	 100402 	  	 100402 	 	 100402 	 	 0 
104 	 4 	 347  	 100402 	  	 100402 	 	 100402 	 	 0 
104 	 4 	 348  	 100402 	  	 100402 	 	 100402 	 	 0 
104 	 4 	 349  	 100402 	  	 100402 	 	 100402 	 	 0 
104 	 4 	 350  	 100402 	  	 100402 	 	 100402 	 	 0 
104 	 4 	 351  	 100402 	  	 100402 	 	 100402 	 	 0 
104 	 4 	 352  	 100402 	  	 100402 	 	 100402 	 	 0 
104 	 4 	 353  	 100402 	  	 100402 	 	 100402 	 	 0 
104 	 4 	 354  	 100402 	  	 100402 	 	 100402 	 	 0 
104 	 4 	 355  	 100402 	  	 100402 	 	 100402 	 	 0 
104 	 4 	 356  	 100402 	  	 100402 	 	 100402 	 	 0 
104 	 4 	 357  	 100402 	  	 100402 	 	 100402 	 	 0 
104 	 4 	 358  	 100402 	  	 100402 	 	 100402 	 	 0 
104 	 4 	 359  	 100402 	  	 100402 	 	 100402 	 	 0 
104 	 4 	 360  	 100402 	  	 100402 	 	 100402 	 	 0 
104 	 4 	 361  	 100402 	  	 100402 	 	 100402 	 	 0 
104 	 4 	 362  	 100402 	  	 100402 	 	 100402 	 	 0 
104 	 4 	 363  	 100402 	  	 100402 	 	 100402 	 	 0 
104 	 4 	 364  	 100402 	  	 100402 	 	 100402 	 	 0 
104 	 4 	 365  	 100402 	  	 100402 	 	 100402 	 	 0 
104 	 4 	 366  	 100402 	  	 100402 	 	 100402 	 	 0 
104 	 4 	 367  	 100402 	  	 100402 	 	 100402 	 	 0 
104 	 4 	 368  	 100402 	  	 100402 	 	 100402 	 	 0 
104 	 4 	 369  	 100402 	  	 100402 	 	 100402 	 	 0 
104 	 4 	 370  	 100402 	  	 100402 	 	 100402 	 	 0 
104 	 4 	 371  	 100402 	  	 100402 	 	 100402 	 	 0 
104 	 4 	 372  	 100402 	  	 100402 	 	 100402 	 	 0 
104 	 4 	 373  	 100402 	  	 100402 	 	 100402 	 	 0 
104 	 4 	 374  	 100402 	  	 100402 	 	 100402 	 	 0 
104 	 4 	 375  	 100402 	  	 100402 	 	 100402 	 	 0 
104 	 4 	 376  	 100402 	  	 100402 	 	 100402 	 	 0 
104 	 4 	 377  	 100402 	  	 100402 	 	 100402 	 	 0 
104 	 4 	 378  	 100402 	  	 100402 	 	 100402 	 	 0 
104 	 4 	 379  	 100402 	  	 100402 	 	 100402 	 	 0 
104 	 4 	 380  	 100402 	  	 100402 	 	 100402 	 	 0 
104 	 4 	 381  	 100402 	  	 100402 	 	 100402 	 	 0 
104 	 4 	 382  	 100402 	  	 100402 	 	 100402 	 	 0 
104 	 4 	 383  	 100402 	  	 100402 	 	 100402 	 	 0 
104 	 4 	 384  	 100402 	  	 100402 	 	 100402 	 	 0 
104 	 4 	 385  	 100402 	  	 100402 	 	 100402 	 	 0 
104 	 4 	 386  	 100402 	  	 100402 	 	 100402 	 	 0 
104 	 4 	 387  	 100402 	  	 100402 	 	 100402 	 	 0 
104 	 4 	 388  	 100402 	  	 100402 	 	 100402 	 	 0 
104 	 4 	 389  	 100402 	  	 100402 	 	 100402 	 	 0 
104 	 4 	 390  	 100402 	  	 100402 	 	 100402 	 	 0 
104 	 4 	 391  	 100402 	  	 100402 	 	 100402 	 	 0 
104 	 4 	 392  	 100402 	  	 100402 	 	 100402 	 	 0 
104 	 4 	 393  	 100402 	  	 100402 	 	 100402 	 	 0 
104 	 4 	 394  	 100402 	  	 100402 	 	 100402 	 	 0 
104 	 4 	 395  	 100402 	  	 100402 	 	 100402 	 	 0 
104 	 4 	 396  	 100402 	  	 100402 	 	 100402 	 	 0 
104 	 4 	 397  	 100402 	  	 100402 	 	 100402 	 	 0 
104 	 4 	 398  	 100402 	  	 100402 	 	 100402 	 	 0 
104 	 4 	 399  	 100402 	  	 100402 	 	 100402 	 	 0 
104 	 4 	 400  	 100402 	  	 100402 	 	 100402 	 	 0 
104 	 4 	 401  	 100402 	  	 100402 	 	 100402 	 	 0 
104 	 4 	 402  	 100402 	  	 100402 	 	 100402 	 	 0 
104 	 4 	 403  	 100402 	  	 100402 	 	 100402 	 	 0 
104 	 4 	 404  	 100402 	  	 100402 	 	 100402 	 	 0 
104 	 4 	 405  	 100402 	  	 100402 	 	 100402 	 	 0 
104 	 4 	 406  	 100402 	  	 100402 	 	 100402 	 	 0 
104 	 4 	 407  	 100402 	  	 100402 	 	 100402 	 	 0 
104 	 4 	 408  	 100402 	  	 100402 	 	 100402 	 	 0 
104 	 4 	 409  	 100402 	  	 100402 	 	 100402 	 	 0 
104 	 4 	 410  	 100402 	  	 100402 	 	 100402 	 	 0 
104 	 4 	 411  	 100402 	  	 100402 	 	 100402 	 	 0 
104 	 4 	 412  	 100402 	  	 100402 	 	 100402 	 	 0 
104 	 4 	 413  	 100402 	  	 100402 	 	 100402 	 	 0 
104 	 4 	 414  	 100402 	  	 100402 	 	 100402 	 	 0 
104 	 4 	 415  	 100402 	  	 100402 	 	 100402 	 	 0 
104 	 4 	 416  	 100402 	  	 100402 	 	 100402 	 	 0 
104 	 4 	 417  	 100402 	  	 100402 	 	 100402 	 	 0 
104 	 4 	 418  	 100402 	  	 100402 	 	 100402 	 	 0 
104 	 4 	 419  	 100402 	  	 100402 	 	 100402 	 	 0 
104 	 4 	 420  	 100402 	  	 100402 	 	 100402 	 	 0 
104 	 4 	 421  	 100402 	  	 100402 	 	 100402 	 	 0 
104 	 4 	 422  	 100402 	  	 100402 	 	 100402 	 	 0 
104 	 4 	 423  	 100402 	  	 100402 	 	 100402 	 	 0 
104 	 4 	 424  	 100402 	  	 100402 	 	 100402 	 	 0 
104 	 4 	 425  	 100402 	  	 100402 	 	 100402 	 	 0 
104 	 4 	 426  	 100402 	  	 100402 	 	 100402 	 	 0 
104 	 4 	 427  	 100402 	  	 100402 	 	 100402 	 	 0 
104 	 4 	 428  	 100402 	  	 100402 	 	 100402 	 	 0 
104 	 4 	 429  	 100402 	  	 100402 	 	 100402 	 	 0 
104 	 4 	 430  	 100402 	  	 100402 	 	 100402 	 	 0 
104 	 4 	 431  	 100402 	  	 100402 	 	 100402 	 	 0 
104 	 4 	 432  	 100402 	  	 100402 	 	 100402 	 	 0 
104 	 4 	 433  	 100402 	  	 100402 	 	 100402 	 	 0 
104 	 4 	 434  	 100402 	  	 100402 	 	 100402 	 	 0 
104 	 4 	 435  	 100402 	  	 100402 	 	 100402 	 	 0 
104 	 4 	 436  	 100402 	  	 100402 	 	 100402 	 	 0 
104 	 4 	 437  	 100402 	  	 100402 	 	 100402 	 	 0 
104 	 4 	 438  	 100402 	  	 100402 	 	 100402 	 	 0 
104 	 4 	 439  	 100402 	  	 100402 	 	 100402 	 	 0 
104 	 4 	 440  	 100402 	  	 100402 	 	 100402 	 	 0 
104 	 4 	 441  	 100402 	  	 100402 	 	 100402 	 	 0 
104 	 4 	 442  	 100402 	  	 100402 	 	 100402 	 	 0 
104 	 4 	 443  	 100402 	  	 100402 	 	 100402 	 	 0 
104 	 4 	 444  	 100402 	  	 100402 	 	 100402 	 	 0 
104 	 4 	 445  	 100402 	  	 100402 	 	 100402 	 	 0 
104 	 4 	 446  	 100402 	  	 100402 	 	 100402 	 	 0 
104 	 4 	 447  	 100402 	  	 100402 	 	 100402 	 	 0 
104 	 4 	 448  	 100402 	  	 100402 	 	 100402 	 	 0 
104 	 4 	 449  	 100402 	  	 100402 	 	 100402 	 	 0 
104 	 4 	 450  	 100402 	  	 100402 	 	 100402 	 	 0 
104 	 4 	 451  	 100402 	  	 100402 	 	 100402 	 	 0 
104 	 4 	 452  	 100402 	  	 100402 	 	 100402 	 	 0 
104 	 4 	 453  	 100402 	  	 100402 	 	 100402 	 	 0 
104 	 4 	 454  	 100402 	  	 100402 	 	 100402 	 	 0 
104 	 4 	 455  	 100402 	  	 100402 	 	 100402 	 	 0 
104 	 4 	 456  	 100402 	  	 100402 	 	 100402 	 	 0 
104 	 4 	 457  	 100402 	  	 100402 	 	 100402 	 	 0 
104 	 4 	 458  	 100402 	  	 100402 	 	 100402 	 	 0 
104 	 4 	 459  	 100402 	  	 100402 	 	 100402 	 	 0 
104 	 4 	 460  	 100402 	  	 100402 	 	 100402 	 	 0 
104 	 4 	 461  	 100402 	  	 100402 	 	 100402 	 	 0 
104 	 4 	 462  	 100402 	  	 100402 	 	 100402 	 	 0 
104 	 4 	 463  	 100402 	  	 100402 	 	 100402 	 	 0 
104 	 4 	 464  	 100402 	  	 100402 	 	 100402 	 	 0 
104 	 4 	 465  	 100402 	  	 100402 	 	 100402 	 	 0 
104 	 4 	 466  	 100402 	  	 100402 	 	 100402 	 	 0 
104 	 4 	 467  	 100402 	  	 100402 	 	 100402 	 	 0 
104 	 4 	 468  	 100402 	  	 100402 	 	 100402 	 	 0 
104 	 4 	 469  	 100402 	  	 100402 	 	 100402 	 	 0 
104 	 4 	 470  	 100402 	  	 100402 	 	 100402 	 	 0 
104 	 4 	 471  	 100402 	  	 100402 	 	 100402 	 	 0 
104 	 4 	 472  	 100402 	  	 100402 	 	 100402 	 	 0 
104 	 4 	 473  	 100402 	  	 100402 	 	 100402 	 	 0 
104 	 4 	 474  	 100402 	  	 100402 	 	 100402 	 	 0 
104 	 4 	 475  	 100402 	  	 100402 	 	 100402 	 	 0 
104 	 4 	 476  	 100402 	  	 100402 	 	 100402 	 	 0 
104 	 4 	 477  	 100402 	  	 100402 	 	 100402 	 	 0 
104 	 4 	 478  	 100402 	  	 100402 	 	 100402 	 	 0 
104 	 4 	 479  	 100402 	  	 100402 	 	 100402 	 	 0 
104 	 4 	 480  	 100402 	  	 100402 	 	 100402 	 	 0 
104 	 4 	 481  	 100402 	  	 100402 	 	 100402 	 	 0 
104 	 4 	 482  	 100402 	  	 100402 	 	 100402 	 	 0 
104 	 4 	 483  	 100402 	  	 100402 	 	 100402 	 	 0 
104 	 4 	 484  	 100402 	  	 100402 	 	 100402 	 	 0 
104 	 4 	 485  	 100402 	  	 100402 	 	 100402 	 	 0 
104 	 4 	 486  	 100402 	  	 100402 	 	 100402 	 	 0 
104 	 4 	 487  	 100402 	  	 100402 	 	 100402 	 	 0 
104 	 4 	 488  	 100402 	  	 100402 	 	 100402 	 	 0 
104 	 4 	 489  	 100402 	  	 100402 	 	 100402 	 	 0 
104 	 4 	 490  	 100402 	  	 100402 	 	 100402 	 	 0 
104 	 4 	 491  	 100402 	  	 100402 	 	 100402 	 	 0 
104 	 4 	 492  	 100402 	  	 100402 	 	 100402 	 	 0 
104 	 4 	 493  	 100402 	  	 100402 	 	 100402 	 	 0 
104 	 4 	 494  	 100402 	  	 100402 	 	 100402 	 	 0 
104 	 4 	 495  	 100402 	  	 100402 	 	 100402 	 	 0 
104 	 4 	 496  	 100402 	  	 100402 	 	 100402 	 	 0 
104 	 4 	 497  	 100402 	  	 100402 	 	 100402 	 	 0 
104 	 4 	 498  	 100402 	  	 100402 	 	 100402 	 	 0 
104 	 4 	 499  	 100402 	  	 100402 	 	 100402 	 	 0 
104 	 4 	 500  	 100402 	  	 100402 	 	 100402 	 	 0 
104 	 4 	 501  	 100402 	  	 100402 	 	 100402 	 	 0 
104 	 4 	 502  	 100402 	  	 100402 	 	 100402 	 	 0 
104 	 4 	 503  	 100402 	  	 100402 	 	 100402 	 	 0 
104 	 4 	 504  	 100402 	  	 100402 	 	 100402 	 	 0 
104 	 4 	 505  	 100402 	  	 100402 	 	 100402 	 	 0 
104 	 4 	 506  	 100402 	  	 100402 	 	 100402 	 	 0 
104 	 4 	 507  	 100402 	  	 100402 	 	 100402 	 	 0 
104 	 4 	 508  	 100402 	  	 100402 	 	 100402 	 	 0 
104 	 4 	 509  	 100402 	  	 100402 	 	 100402 	 	 0 
104 	 4 	 510  	 100402 	  	 100402 	 	 100402 	 	 0 
104 	 4 	 511  	 100402 	  	 100402 	 	 100402 	 	 0 
104 	 4 	 512  	 100402 	  	 100402 	 	 100402 	 	 0 
104 	 4 	 513  	 100402 	  	 100402 	 	 100402 	 	 0 
104 	 4 	 514  	 100402 	  	 100402 	 	 100402 	 	 0 
104 	 4 	 515  	 100402 	  	 100402 	 	 100402 	 	 0 
104 	 4 	 516  	 100402 	  	 100402 	 	 100402 	 	 0 
104 	 4 	 517  	 100402 	  	 100402 	 	 100402 	 	 0 
104 	 4 	 518  	 100402 	  	 100402 	 	 100402 	 	 0 
104 	 4 	 519  	 100402 	  	 100402 	 	 100402 	 	 0 
104 	 4 	 520  	 100402 	  	 100402 	 	 100402 	 	 0 
104 	 4 	 521  	 100402 	  	 100402 	 	 100402 	 	 0 
104 	 4 	 522  	 100402 	  	 100402 	 	 100402 	 	 0 
104 	 4 	 523  	 100402 	  	 100402 	 	 100402 	 	 0 
104 	 4 	 524  	 100402 	  	 100402 	 	 100402 	 	 0 
104 	 4 	 525  	 100402 	  	 100402 	 	 100402 	 	 0 
104 	 4 	 526  	 100402 	  	 100402 	 	 100402 	 	 0 
104 	 4 	 527  	 100402 	  	 100402 	 	 100402 	 	 0 
104 	 4 	 528  	 100402 	  	 100402 	 	 100402 	 	 0 
104 	 4 	 529  	 100402 	  	 100402 	 	 100402 	 	 0 
104 	 4 	 530  	 100402 	  	 100402 	 	 100402 	 	 0 
104 	 4 	 531  	 100402 	  	 100402 	 	 100402 	 	 0 
104 	 4 	 532  	 100402 	  	 100402 	 	 100402 	 	 0 
104 	 4 	 533  	 100402 	  	 100402 	 	 100402 	 	 0 
104 	 4 	 534  	 100402 	  	 100402 	 	 100402 	 	 0 
104 	 4 	 535  	 100402 	  	 100402 	 	 100402 	 	 0 
104 	 4 	 536  	 100402 	  	 100402 	 	 100402 	 	 0 
104 	 4 	 537  	 100402 	  	 100402 	 	 100402 	 	 0 
104 	 4 	 538  	 100402 	  	 100402 	 	 100402 	 	 0 
104 	 4 	 539  	 100402 	  	 100402 	 	 100402 	 	 0 
104 	 4 	 540  	 100402 	  	 100402 	 	 100402 	 	 0 
104 	 4 	 541  	 100402 	  	 100402 	 	 100402 	 	 0 
104 	 4 	 542  	 100402 	  	 100402 	 	 100402 	 	 0 
104 	 4 	 543  	 100402 	  	 100402 	 	 100402 	 	 0 
104 	 4 	 544  	 100402 	  	 100402 	 	 100402 	 	 0 
104 	 4 	 545  	 100402 	  	 100402 	 	 100402 	 	 0 
104 	 4 	 546  	 100402 	  	 100402 	 	 100402 	 	 0 
104 	 4 	 547  	 100402 	  	 100402 	 	 100402 	 	 0 
104 	 4 	 548  	 100402 	  	 100402 	 	 100402 	 	 0 
104 	 4 	 549  	 100402 	  	 100402 	 	 100402 	 	 0 
104 	 4 	 550  	 100402 	  	 100402 	 	 100402 	 	 0 
104 	 4 	 551  	 100402 	  	 100402 	 	 100402 	 	 0 
104 	 4 	 552  	 100402 	  	 100402 	 	 100402 	 	 0 
104 	 4 	 553  	 100402 	  	 100402 	 	 100402 	 	 0 
104 	 4 	 554  	 100402 	  	 100402 	 	 100402 	 	 0 
104 	 4 	 555  	 100402 	  	 100402 	 	 100402 	 	 0 
104 	 4 	 556  	 100402 	  	 100402 	 	 100402 	 	 0 
104 	 4 	 557  	 100402 	  	 100402 	 	 100402 	 	 0 
104 	 4 	 558  	 100402 	  	 100402 	 	 100402 	 	 0 
104 	 4 	 559  	 100402 	  	 100402 	 	 100402 	 	 0 
104 	 4 	 560  	 100402 	  	 100402 	 	 100402 	 	 0 
104 	 4 	 561  	 100402 	  	 100402 	 	 100402 	 	 0 
104 	 4 	 562  	 100402 	  	 100402 	 	 100402 	 	 0 
104 	 4 	 563  	 100402 	  	 100402 	 	 100402 	 	 0 
104 	 4 	 564  	 100402 	  	 100402 	 	 100402 	 	 0 
104 	 4 	 565  	 100402 	  	 100402 	 	 100402 	 	 0 
104 	 4 	 566  	 100402 	  	 100402 	 	 100402 	 	 0 
104 	 4 	 567  	 100402 	  	 100402 	 	 100402 	 	 0 
104 	 4 	 568  	 100402 	  	 100402 	 	 100402 	 	 0 
104 	 4 	 569  	 100402 	  	 100402 	 	 100402 	 	 0 
104 	 4 	 570  	 100402 	  	 100402 	 	 100402 	 	 0 
104 	 4 	 571  	 100402 	  	 100402 	 	 100402 	 	 0 
104 	 4 	 572  	 100402 	  	 100402 	 	 100402 	 	 0 
104 	 4 	 573  	 100402 	  	 100402 	 	 100402 	 	 0 
104 	 4 	 574  	 100402 	  	 100402 	 	 100402 	 	 0 
104 	 4 	 575  	 100402 	  	 100402 	 	 100402 	 	 0 
104 	 4 	 576  	 100402 	  	 100402 	 	 100402 	 	 0 
104 	 4 	 577  	 100402 	  	 100402 	 	 100402 	 	 0 
104 	 4 	 578  	 100402 	  	 100402 	 	 100402 	 	 0 
104 	 4 	 579  	 100402 	  	 100402 	 	 100402 	 	 0 
104 	 4 	 580  	 100402 	  	 100402 	 	 100402 	 	 0 
104 	 4 	 581  	 100402 	  	 100402 	 	 100402 	 	 0 
104 	 4 	 582  	 100402 	  	 100402 	 	 100402 	 	 0 
104 	 4 	 583  	 100402 	  	 100402 	 	 100402 	 	 0 
104 	 4 	 584  	 100402 	  	 100402 	 	 100402 	 	 0 
104 	 4 	 585  	 100402 	  	 100402 	 	 100402 	 	 0 
104 	 4 	 586  	 100402 	  	 100402 	 	 100402 	 	 0 
104 	 4 	 587  	 100402 	  	 100402 	 	 100402 	 	 0 
104 	 4 	 588  	 100402 	  	 100402 	 	 100402 	 	 0 
104 	 4 	 589  	 100402 	  	 100402 	 	 100402 	 	 0 
104 	 4 	 590  	 100402 	  	 100402 	 	 100402 	 	 0 
104 	 4 	 591  	 100402 	  	 100402 	 	 100402 	 	 0 
104 	 4 	 592  	 100402 	  	 100402 	 	 100402 	 	 0 
104 	 4 	 593  	 100402 	  	 100402 	 	 100402 	 	 0 
104 	 4 	 594  	 100402 	  	 100402 	 	 100402 	 	 0 
104 	 4 	 595  	 100402 	  	 100402 	 	 100402 	 	 0 
104 	 4 	 596  	 100402 	  	 100402 	 	 100402 	 	 0 
104 	 4 	 597  	 100402 	  	 100402 	 	 100402 	 	 0 
104 	 4 	 598  	 100402 	  	 100402 	 	 100402 	 	 0 
104 	 4 	 599  	 100402 	  	 100402 	 	 100402 	 	 0 
104 	 4 	 600  	 100402 	  	 100402 	 	 100402 	 	 0 
104 	 4 	 601  	 100402 	  	 100402 	 	 100402 	 	 0 
104 	 4 	 602  	 100402 	  	 100402 	 	 100402 	 	 0 
104 	 4 	 603  	 100402 	  	 100402 	 	 100402 	 	 0 
104 	 4 	 604  	 100402 	  	 100402 	 	 100402 	 	 0 
104 	 4 	 605  	 100402 	  	 100402 	 	 100402 	 	 0 
104 	 4 	 606  	 100402 	  	 100402 	 	 100402 	 	 0 
104 	 4 	 607  	 100402 	  	 100402 	 	 100402 	 	 0 
104 	 4 	 608  	 100402 	  	 100402 	 	 100402 	 	 0 
104 	 4 	 609  	 100402 	  	 100402 	 	 100402 	 	 0 
104 	 4 	 610  	 100402 	  	 100402 	 	 100402 	 	 0 
104 	 4 	 611  	 100402 	  	 100402 	 	 100402 	 	 0 
104 	 4 	 612  	 100402 	  	 100402 	 	 100402 	 	 0 
104 	 4 	 613  	 100402 	  	 100402 	 	 100402 	 	 0 
104 	 4 	 614  	 100402 	  	 100402 	 	 100402 	 	 0 
104 	 4 	 615  	 100402 	  	 100402 	 	 100402 	 	 0 
104 	 4 	 616  	 100402 	  	 100402 	 	 100402 	 	 0 
104 	 4 	 617  	 100402 	  	 100402 	 	 100402 	 	 0 
104 	 4 	 618  	 100402 	  	 100402 	 	 100402 	 	 0 
104 	 4 	 619  	 100402 	  	 100402 	 	 100402 	 	 0 
104 	 4 	 620  	 100402 	  	 100402 	 	 100402 	 	 0 
104 	 4 	 621  	 100402 	  	 100402 	 	 100402 	 	 0 
104 	 4 	 622  	 100402 	  	 100402 	 	 100402 	 	 0 
104 	 4 	 623  	 100402 	  	 100402 	 	 100402 	 	 0 
104 	 4 	 624  	 100402 	  	 100402 	 	 100402 	 	 0 
104 	 4 	 625  	 100402 	  	 100402 	 	 100402 	 	 0 
104 	 4 	 626  	 100402 	  	 100402 	 	 100402 	 	 0 
104 	 4 	 627  	 100402 	  	 100402 	 	 100402 	 	 0 
104 	 4 	 628  	 100402 	  	 100402 	 	 100402 	 	 0 
104 	 4 	 629  	 100402 	  	 100402 	 	 100402 	 	 0 
104 	 4 	 630  	 100402 	  	 100402 	 	 100402 	 	 0 
104 	 4 	 631  	 100402 	  	 100402 	 	 100402 	 	 0 
104 	 4 	 632  	 100402 	  	 100402 	 	 100402 	 	 0 
104 	 4 	 633  	 100402 	  	 100402 	 	 100402 	 	 0 
104 	 4 	 634  	 100402 	  	 100402 	 	 100402 	 	 0 
104 	 4 	 635  	 100402 	  	 100402 	 	 100402 	 	 0 
104 	 4 	 636  	 100402 	  	 100402 	 	 100402 	 	 0 
104 	 4 	 637  	 100402 	  	 100402 	 	 100402 	 	 0 
104 	 4 	 638  	 100402 	  	 100402 	 	 100402 	 	 0 
104 	 4 	 639  	 100402 	  	 100402 	 	 100402 	 	 0 
104 	 4 	 640  	 100402 	  	 100402 	 	 100402 	 	 0 
104 	 4 	 641  	 100402 	  	 100402 	 	 100402 	 	 0 
104 	 4 	 642  	 100402 	  	 100402 	 	 100402 	 	 0 
104 	 4 	 643  	 100402 	  	 100402 	 	 100402 	 	 0 
104 	 4 	 644  	 100402 	  	 100402 	 	 100402 	 	 0 
104 	 4 	 645  	 100402 	  	 100402 	 	 100402 	 	 0 
104 	 4 	 646  	 100402 	  	 100402 	 	 100402 	 	 0 
104 	 4 	 647  	 100402 	  	 100402 	 	 100402 	 	 0 
104 	 4 	 648  	 100402 	  	 100402 	 	 100402 	 	 0 
104 	 4 	 649  	 100402 	  	 100402 	 	 100402 	 	 0 
104 	 4 	 650  	 100402 	  	 100402 	 	 100402 	 	 0 
104 	 4 	 651  	 100402 	  	 100402 	 	 100402 	 	 0 
104 	 4 	 652  	 100402 	  	 100402 	 	 100402 	 	 0 
104 	 4 	 653  	 100402 	  	 100402 	 	 100402 	 	 0 
104 	 4 	 654  	 100402 	  	 100402 	 	 100402 	 	 0 
104 	 4 	 655  	 100402 	  	 100402 	 	 100402 	 	 0 
104 	 4 	 656  	 100402 	  	 100402 	 	 100402 	 	 0 
104 	 4 	 657  	 100402 	  	 100402 	 	 100402 	 	 0 
104 	 4 	 658  	 100402 	  	 100402 	 	 100402 	 	 0 
104 	 4 	 659  	 100402 	  	 100402 	 	 100402 	 	 0 
104 	 4 	 660  	 100402 	  	 100402 	 	 100402 	 	 0 
104 	 4 	 661  	 100402 	  	 100402 	 	 100402 	 	 0 
104 	 4 	 662  	 100402 	  	 100402 	 	 100402 	 	 0 
104 	 4 	 663  	 100402 	  	 100402 	 	 100402 	 	 0 
104 	 4 	 664  	 100402 	  	 100402 	 	 100402 	 	 0 
104 	 4 	 665  	 100402 	  	 100402 	 	 100402 	 	 0 
104 	 4 	 666  	 100402 	  	 100402 	 	 100402 	 	 0 
104 	 4 	 667  	 100402 	  	 100402 	 	 100402 	 	 0 
104 	 4 	 668  	 100402 	  	 100402 	 	 100402 	 	 0 
104 	 4 	 669  	 100402 	  	 100402 	 	 100402 	 	 0 
104 	 4 	 670  	 100402 	  	 100402 	 	 100402 	 	 0 
104 	 4 	 671  	 100402 	  	 100402 	 	 100402 	 	 0 
104 	 4 	 672  	 100402 	  	 100402 	 	 100402 	 	 0 
104 	 4 	 673  	 100402 	  	 100402 	 	 100402 	 	 0 
104 	 4 	 674  	 100402 	  	 100402 	 	 100402 	 	 0 
104 	 4 	 675  	 100402 	  	 100402 	 	 100402 	 	 0 
104 	 4 	 676  	 100402 	  	 100402 	 	 100402 	 	 0 
104 	 4 	 677  	 100402 	  	 100402 	 	 100402 	 	 0 
104 	 4 	 678  	 100402 	  	 100402 	 	 100402 	 	 0 
104 	 4 	 679  	 100402 	  	 100402 	 	 100402 	 	 0 
104 	 4 	 680  	 100402 	  	 100402 	 	 100402 	 	 0 
104 	 4 	 681  	 100402 	  	 100402 	 	 100402 	 	 0 
104 	 4 	 682  	 100402 	  	 100402 	 	 100402 	 	 0 
104 	 4 	 683  	 100402 	  	 100402 	 	 100402 	 	 0 
104 	 4 	 684  	 100402 	  	 100402 	 	 100402 	 	 0 
104 	 4 	 685  	 100402 	  	 100402 	 	 100402 	 	 0 
104 	 4 	 686  	 100402 	  	 100402 	 	 100402 	 	 0 
104 	 4 	 687  	 100402 	  	 100402 	 	 100402 	 	 0 
104 	 4 	 688  	 100402 	  	 100402 	 	 100402 	 	 0 
104 	 4 	 689  	 100402 	  	 100402 	 	 100402 	 	 0 
104 	 4 	 690  	 100402 	  	 100402 	 	 100402 	 	 0 
104 	 4 	 691  	 100402 	  	 100402 	 	 100402 	 	 0 
104 	 4 	 692  	 100402 	  	 100402 	 	 100402 	 	 0 
104 	 4 	 693  	 100402 	  	 100402 	 	 100402 	 	 0 
104 	 4 	 694  	 100402 	  	 100402 	 	 100402 	 	 0 
104 	 4 	 695  	 100402 	  	 100402 	 	 100402 	 	 0 
104 	 4 	 696  	 100402 	  	 100402 	 	 100402 	 	 0 
104 	 4 	 697  	 100402 	  	 100402 	 	 100402 	 	 0 
104 	 4 	 698  	 100402 	  	 100402 	 	 100402 	 	 0 
104 	 4 	 699  	 100402 	  	 100402 	 	 100402 	 	 0 
104 	 4 	 700  	 100402 	  	 100402 	 	 100402 	 	 0 
104 	 4 	 701  	 100402 	  	 100402 	 	 100402 	 	 0 
104 	 4 	 702  	 100402 	  	 100402 	 	 100402 	 	 0 
104 	 4 	 703  	 100402 	  	 100402 	 	 100402 	 	 0 
104 	 4 	 704  	 100402 	  	 100402 	 	 100402 	 	 0 
104 	 4 	 705  	 100402 	  	 100402 	 	 100402 	 	 0 
104 	 4 	 706  	 100402 	  	 100402 	 	 100402 	 	 0 
104 	 4 	 707  	 100402 	  	 100402 	 	 100402 	 	 0 
104 	 4 	 708  	 100402 	  	 100402 	 	 100402 	 	 0 
104 	 4 	 709  	 100402 	  	 100402 	 	 100402 	 	 0 
104 	 4 	 710  	 100402 	  	 100402 	 	 100402 	 	 0 
104 	 4 	 711  	 100402 	  	 100402 	 	 100402 	 	 0 
104 	 4 	 712  	 100402 	  	 100402 	 	 100402 	 	 0 
104 	 4 	 713  	 100402 	  	 100402 	 	 100402 	 	 0 
104 	 4 	 714  	 100402 	  	 100402 	 	 100402 	 	 0 
104 	 4 	 715  	 100402 	  	 100402 	 	 100402 	 	 0 
104 	 4 	 716  	 100402 	  	 100402 	 	 100402 	 	 0 
104 	 4 	 717  	 100402 	  	 100402 	 	 100402 	 	 0 
104 	 4 	 718  	 100402 	  	 100402 	 	 100402 	 	 0 
104 	 4 	 719  	 100402 	  	 100402 	 	 100402 	 	 0 
104 	 4 	 720  	 100402 	  	 100402 	 	 100402 	 	 0 
104 	 4 	 721  	 100402 	  	 100402 	 	 100402 	 	 0 
104 	 4 	 722  	 100402 	  	 100402 	 	 100402 	 	 0 
104 	 4 	 723  	 100402 	  	 100402 	 	 100402 	 	 0 
104 	 4 	 724  	 100402 	  	 100402 	 	 100402 	 	 0 
104 	 4 	 725  	 100402 	  	 100402 	 	 100402 	 	 0 
104 	 4 	 726  	 100402 	  	 100402 	 	 100402 	 	 0 
104 	 4 	 727  	 100402 	  	 100402 	 	 100402 	 	 0 
104 	 4 	 728  	 100402 	  	 100402 	 	 100402 	 	 0 
