1  	 7 	 11 	 1.759230 	 5.914157 	 502119.623812 
1  	 7 	 13 	 7.898714 	 0.008842 	 2285.966278 
1  	 7 	 10 	 12.795099 	 0.002224 	 576.940932 
1  	 7 	 15 	 11.701084 	 0.003201 	 829.850491 
1  	 7 	 9 	 3.695986 	 0.080642 	 20139.957577 
1  	 7 	 8 	 11.766987 	 0.003112 	 806.825370 
1  	 7 	 5 	 6.074589 	 0.016929 	 4359.448732 
1  	 7 	 6 	 11.611341 	 0.003257 	 844.490955 
1  	 7 	 7 	 5.847672 	 0.050798 	 12867.310264 
1  	 7 	 3 	 2.978294 	 0.760147 	 146825.246861 
1  	 7 	 14 	 4.541269 	 0.139149 	 33832.264115 
1  	 7 	 12 	 7.330144 	 0.020006 	 5143.911034 
1  	 7 	 2 	 13.601982 	 0.001273 	 330.348758 
2  	 7 	 11 	 1.759230 	 5.914157 	 502119.623812 
2  	 7 	 13 	 7.898714 	 0.008842 	 2285.966278 
2  	 7 	 10 	 12.795099 	 0.002224 	 576.940932 
2  	 7 	 15 	 11.701084 	 0.003201 	 829.850491 
2  	 7 	 9 	 3.695986 	 0.080642 	 20139.957577 
2  	 7 	 8 	 11.766987 	 0.003112 	 806.825370 
2  	 7 	 5 	 6.074589 	 0.016929 	 4359.448732 
2  	 7 	 6 	 11.611341 	 0.003257 	 844.490955 
2  	 7 	 7 	 5.847672 	 0.050798 	 12867.310264 
2  	 7 	 3 	 2.978294 	 0.760147 	 146825.246861 
2  	 7 	 14 	 4.541269 	 0.139149 	 33832.264115 
2  	 7 	 12 	 7.330144 	 0.020006 	 5143.911034 
2  	 7 	 2 	 13.601982 	 0.001273 	 330.348758 
3  	 7 	 11 	 1.759230 	 5.914157 	 502119.623812 
3  	 7 	 13 	 7.898714 	 0.008842 	 2285.966278 
3  	 7 	 10 	 12.795099 	 0.002224 	 576.940932 
3  	 7 	 15 	 11.701084 	 0.003201 	 829.850491 
3  	 7 	 9 	 3.695986 	 0.080642 	 20139.957577 
3  	 7 	 8 	 11.766987 	 0.003112 	 806.825370 
3  	 7 	 5 	 6.074589 	 0.016929 	 4359.448732 
3  	 7 	 6 	 11.611341 	 0.003257 	 844.490955 
3  	 7 	 7 	 5.847672 	 0.050798 	 12867.310264 
3  	 7 	 3 	 2.978294 	 0.760147 	 146825.246861 
3  	 7 	 14 	 4.541269 	 0.139149 	 33832.264115 
3  	 7 	 12 	 7.330144 	 0.020006 	 5143.911034 
3  	 7 	 2 	 13.601982 	 0.001273 	 330.348758 
4  	 7 	 11 	 1.759230 	 5.914157 	 502119.623812 
4  	 7 	 13 	 7.898714 	 0.008842 	 2285.966278 
4  	 7 	 10 	 12.795099 	 0.002224 	 576.940932 
4  	 7 	 15 	 11.701084 	 0.003201 	 829.850491 
4  	 7 	 9 	 3.695986 	 0.080642 	 20139.957577 
4  	 7 	 8 	 11.766987 	 0.003112 	 806.825370 
4  	 7 	 5 	 6.074589 	 0.016929 	 4359.448732 
4  	 7 	 6 	 11.611341 	 0.003257 	 844.490955 
4  	 7 	 7 	 5.847672 	 0.050798 	 12867.310264 
4  	 7 	 3 	 2.978294 	 0.760147 	 146825.246861 
4  	 7 	 14 	 4.541269 	 0.139149 	 33832.264115 
4  	 7 	 12 	 7.330144 	 0.020006 	 5143.911034 
4  	 7 	 2 	 13.601982 	 0.001273 	 330.348758 
5  	 7 	 11 	 1.759230 	 5.914157 	 502119.623812 
5  	 7 	 13 	 7.898714 	 0.008842 	 2285.966278 
5  	 7 	 10 	 12.795099 	 0.002224 	 576.940932 
5  	 7 	 15 	 11.701084 	 0.003201 	 829.850491 
5  	 7 	 9 	 3.695986 	 0.080642 	 20139.957577 
5  	 7 	 8 	 11.766987 	 0.003112 	 806.825370 
5  	 7 	 5 	 6.074589 	 0.016929 	 4359.448732 
5  	 7 	 6 	 11.611341 	 0.003257 	 844.490955 
5  	 7 	 7 	 5.847672 	 0.050798 	 12867.310264 
5  	 7 	 3 	 2.978294 	 0.760147 	 146825.246861 
5  	 7 	 14 	 4.541269 	 0.139149 	 33832.264115 
5  	 7 	 12 	 7.330144 	 0.020006 	 5143.911034 
5  	 7 	 2 	 13.601982 	 0.001273 	 330.348758 
6  	 7 	 11 	 1.759230 	 5.914157 	 502119.623812 
6  	 7 	 13 	 7.898714 	 0.008842 	 2285.966278 
6  	 7 	 10 	 12.795099 	 0.002224 	 576.940932 
6  	 7 	 15 	 11.701084 	 0.003201 	 829.850491 
6  	 7 	 9 	 3.695986 	 0.080642 	 20139.957577 
6  	 7 	 8 	 11.766987 	 0.003112 	 806.825370 
6  	 7 	 5 	 6.074589 	 0.016929 	 4359.448732 
6  	 7 	 6 	 11.611341 	 0.003257 	 844.490955 
6  	 7 	 7 	 5.847672 	 0.050798 	 12867.310264 
6  	 7 	 3 	 2.978294 	 0.760147 	 146825.246861 
6  	 7 	 14 	 4.541269 	 0.139149 	 33832.264115 
6  	 7 	 12 	 7.330144 	 0.020006 	 5143.911034 
6  	 7 	 2 	 13.601982 	 0.001273 	 330.348758 
7  	 7 	 11 	 1.759230 	 5.914157 	 502119.623812 
7  	 7 	 13 	 7.898714 	 0.008842 	 2285.966278 
7  	 7 	 10 	 12.795099 	 0.002224 	 576.940932 
7  	 7 	 15 	 11.701084 	 0.003201 	 829.850491 
7  	 7 	 9 	 3.695986 	 0.080642 	 20139.957577 
7  	 7 	 8 	 11.766987 	 0.003112 	 806.825370 
7  	 7 	 5 	 6.074589 	 0.016929 	 4359.448732 
7  	 7 	 6 	 11.611341 	 0.003257 	 844.490955 
7  	 7 	 7 	 5.847672 	 0.050798 	 12867.310264 
7  	 7 	 3 	 2.978294 	 0.760147 	 146825.246861 
7  	 7 	 14 	 4.541269 	 0.139149 	 33832.264115 
7  	 7 	 12 	 7.330144 	 0.020006 	 5143.911034 
7  	 7 	 2 	 13.601982 	 0.001273 	 330.348758 
8  	 7 	 11 	 1.759230 	 5.914157 	 502119.623812 
8  	 7 	 13 	 7.898714 	 0.008842 	 2285.966278 
8  	 7 	 10 	 12.795099 	 0.002224 	 576.940932 
8  	 7 	 15 	 11.701084 	 0.003201 	 829.850491 
8  	 7 	 9 	 3.695986 	 0.080642 	 20139.957577 
8  	 7 	 8 	 11.766987 	 0.003112 	 806.825370 
8  	 7 	 5 	 6.074589 	 0.016929 	 4359.448732 
8  	 7 	 6 	 11.611341 	 0.003257 	 844.490955 
8  	 7 	 7 	 5.847672 	 0.050798 	 12867.310264 
8  	 7 	 3 	 2.978294 	 0.760147 	 146825.246861 
8  	 7 	 14 	 4.541269 	 0.139149 	 33832.264115 
8  	 7 	 12 	 7.330144 	 0.020006 	 5143.911034 
8  	 7 	 2 	 13.601982 	 0.001273 	 330.348758 
9  	 7 	 11 	 1.759230 	 5.914157 	 502119.623812 
9  	 7 	 13 	 7.898714 	 0.008842 	 2285.966278 
9  	 7 	 10 	 12.795099 	 0.002224 	 576.940932 
9  	 7 	 15 	 11.701084 	 0.003201 	 829.850491 
9  	 7 	 9 	 3.695986 	 0.080642 	 20139.957577 
9  	 7 	 8 	 11.766987 	 0.003112 	 806.825370 
9  	 7 	 5 	 6.074589 	 0.016929 	 4359.448732 
9  	 7 	 6 	 11.611341 	 0.003257 	 844.490955 
9  	 7 	 7 	 5.847672 	 0.050798 	 12867.310264 
9  	 7 	 3 	 2.978294 	 0.760147 	 146825.246861 
9  	 7 	 14 	 4.541269 	 0.139149 	 33832.264115 
9  	 7 	 12 	 7.330144 	 0.020006 	 5143.911034 
9  	 7 	 2 	 13.601982 	 0.001273 	 330.348758 
10  	 7 	 11 	 1.759230 	 5.914157 	 502119.623812 
10  	 7 	 13 	 7.898714 	 0.008842 	 2285.966278 
10  	 7 	 10 	 12.795099 	 0.002224 	 576.940932 
10  	 7 	 15 	 11.701084 	 0.003201 	 829.850491 
10  	 7 	 9 	 3.695986 	 0.080642 	 20139.957577 
10  	 7 	 8 	 11.766987 	 0.003112 	 806.825370 
10  	 7 	 5 	 6.074589 	 0.016929 	 4359.448732 
10  	 7 	 6 	 11.611341 	 0.003257 	 844.490955 
10  	 7 	 7 	 5.847672 	 0.050798 	 12867.310264 
10  	 7 	 3 	 2.978294 	 0.760147 	 146825.246861 
10  	 7 	 14 	 4.541269 	 0.139149 	 33832.264115 
10  	 7 	 12 	 7.330144 	 0.020006 	 5143.911034 
10  	 7 	 2 	 13.601982 	 0.001273 	 330.348758 
11  	 7 	 11 	 1.759230 	 5.914157 	 502119.623812 
11  	 7 	 13 	 7.898714 	 0.008842 	 2285.966278 
11  	 7 	 10 	 12.795099 	 0.002224 	 576.940932 
11  	 7 	 15 	 11.701084 	 0.003201 	 829.850491 
11  	 7 	 9 	 3.695986 	 0.080642 	 20139.957577 
11  	 7 	 8 	 11.766987 	 0.003112 	 806.825370 
11  	 7 	 5 	 6.074589 	 0.016929 	 4359.448732 
11  	 7 	 6 	 11.611341 	 0.003257 	 844.490955 
11  	 7 	 7 	 5.847672 	 0.050798 	 12867.310264 
11  	 7 	 3 	 2.978294 	 0.760147 	 146825.246861 
11  	 7 	 14 	 4.541269 	 0.139149 	 33832.264115 
11  	 7 	 12 	 7.330144 	 0.020006 	 5143.911034 
11  	 7 	 2 	 13.601982 	 0.001273 	 330.348758 
12  	 7 	 11 	 1.759230 	 5.914157 	 502119.623812 
12  	 7 	 13 	 7.898714 	 0.008842 	 2285.966278 
12  	 7 	 10 	 12.795099 	 0.002224 	 576.940932 
12  	 7 	 15 	 11.701084 	 0.003201 	 829.850491 
12  	 7 	 9 	 3.695986 	 0.080642 	 20139.957577 
12  	 7 	 8 	 11.766987 	 0.003112 	 806.825370 
12  	 7 	 5 	 6.074589 	 0.016929 	 4359.448732 
12  	 7 	 6 	 11.611341 	 0.003257 	 844.490955 
12  	 7 	 7 	 5.847672 	 0.050798 	 12867.310264 
12  	 7 	 3 	 2.978294 	 0.760147 	 146825.246861 
12  	 7 	 14 	 4.541269 	 0.139149 	 33832.264115 
12  	 7 	 12 	 7.330144 	 0.020006 	 5143.911034 
12  	 7 	 2 	 13.601982 	 0.001273 	 330.348758 
13  	 7 	 11 	 1.759230 	 5.914157 	 502119.623812 
13  	 7 	 13 	 7.898714 	 0.008842 	 2285.966278 
13  	 7 	 10 	 12.795099 	 0.002224 	 576.940932 
13  	 7 	 15 	 11.701084 	 0.003201 	 829.850491 
13  	 7 	 9 	 3.695986 	 0.080642 	 20139.957577 
13  	 7 	 8 	 11.766987 	 0.003112 	 806.825370 
13  	 7 	 5 	 6.074589 	 0.016929 	 4359.448732 
13  	 7 	 6 	 11.611341 	 0.003257 	 844.490955 
13  	 7 	 7 	 5.847672 	 0.050798 	 12867.310264 
13  	 7 	 3 	 2.978294 	 0.760147 	 146825.246861 
13  	 7 	 14 	 4.541269 	 0.139149 	 33832.264115 
13  	 7 	 12 	 7.330144 	 0.020006 	 5143.911034 
13  	 7 	 2 	 13.601982 	 0.001273 	 330.348758 
14  	 7 	 11 	 1.759230 	 5.914157 	 502119.623812 
14  	 7 	 13 	 7.898714 	 0.008842 	 2285.966278 
14  	 7 	 10 	 12.795099 	 0.002224 	 576.940932 
14  	 7 	 15 	 11.701084 	 0.003201 	 829.850491 
14  	 7 	 9 	 3.695986 	 0.080642 	 20139.957577 
14  	 7 	 8 	 11.766987 	 0.003112 	 806.825370 
14  	 7 	 5 	 6.074589 	 0.016929 	 4359.448732 
14  	 7 	 6 	 11.611341 	 0.003257 	 844.490955 
14  	 7 	 7 	 5.847672 	 0.050798 	 12867.310264 
14  	 7 	 3 	 2.978294 	 0.760147 	 146825.246861 
14  	 7 	 14 	 4.541269 	 0.139149 	 33832.264115 
14  	 7 	 12 	 7.330144 	 0.020006 	 5143.911034 
14  	 7 	 2 	 13.601982 	 0.001273 	 330.348758 
15  	 7 	 11 	 1.759230 	 5.914157 	 502119.623812 
15  	 7 	 13 	 7.898714 	 0.008842 	 2285.966278 
15  	 7 	 10 	 12.795099 	 0.002224 	 576.940932 
15  	 7 	 15 	 11.701084 	 0.003201 	 829.850491 
15  	 7 	 9 	 3.695986 	 0.080642 	 20139.957577 
15  	 7 	 8 	 11.766987 	 0.003112 	 806.825370 
15  	 7 	 5 	 6.074589 	 0.016929 	 4359.448732 
15  	 7 	 6 	 11.611341 	 0.003257 	 844.490955 
15  	 7 	 7 	 5.847672 	 0.050798 	 12867.310264 
15  	 7 	 3 	 2.978294 	 0.760147 	 146825.246861 
15  	 7 	 14 	 4.541269 	 0.139149 	 33832.264115 
15  	 7 	 12 	 7.330144 	 0.020006 	 5143.911034 
15  	 7 	 2 	 13.601982 	 0.001273 	 330.348758 
16  	 7 	 11 	 1.759230 	 5.914157 	 502119.623812 
16  	 7 	 13 	 7.898714 	 0.008842 	 2285.966278 
16  	 7 	 10 	 12.795099 	 0.002224 	 576.940932 
16  	 7 	 15 	 11.701084 	 0.003201 	 829.850491 
16  	 7 	 9 	 3.695986 	 0.080642 	 20139.957577 
16  	 7 	 8 	 11.766987 	 0.003112 	 806.825370 
16  	 7 	 5 	 6.074589 	 0.016929 	 4359.448732 
16  	 7 	 6 	 11.611341 	 0.003257 	 844.490955 
16  	 7 	 7 	 5.847672 	 0.050798 	 12867.310264 
16  	 7 	 3 	 2.978294 	 0.760147 	 146825.246861 
16  	 7 	 14 	 4.541269 	 0.139149 	 33832.264115 
16  	 7 	 12 	 7.330144 	 0.020006 	 5143.911034 
16  	 7 	 2 	 13.601982 	 0.001273 	 330.348758 
17  	 7 	 11 	 1.759230 	 5.914157 	 502119.623812 
17  	 7 	 13 	 7.898714 	 0.008842 	 2285.966278 
17  	 7 	 10 	 12.795099 	 0.002224 	 576.940932 
17  	 7 	 15 	 11.701084 	 0.003201 	 829.850491 
17  	 7 	 9 	 3.695986 	 0.080642 	 20139.957577 
17  	 7 	 8 	 11.766987 	 0.003112 	 806.825370 
17  	 7 	 5 	 6.074589 	 0.016929 	 4359.448732 
17  	 7 	 6 	 11.611341 	 0.003257 	 844.490955 
17  	 7 	 7 	 5.847672 	 0.050798 	 12867.310264 
17  	 7 	 3 	 2.978294 	 0.760147 	 146825.246861 
17  	 7 	 14 	 4.541269 	 0.139149 	 33832.264115 
17  	 7 	 12 	 7.330144 	 0.020006 	 5143.911034 
17  	 7 	 2 	 13.601982 	 0.001273 	 330.348758 
18  	 7 	 11 	 1.759230 	 5.914157 	 502119.623812 
18  	 7 	 13 	 7.898714 	 0.008842 	 2285.966278 
18  	 7 	 10 	 12.795099 	 0.002224 	 576.940932 
18  	 7 	 15 	 11.701084 	 0.003201 	 829.850491 
18  	 7 	 9 	 3.695986 	 0.080642 	 20139.957577 
18  	 7 	 8 	 11.766987 	 0.003112 	 806.825370 
18  	 7 	 5 	 6.074589 	 0.016929 	 4359.448732 
18  	 7 	 6 	 11.611341 	 0.003257 	 844.490955 
18  	 7 	 7 	 5.847672 	 0.050798 	 12867.310264 
18  	 7 	 3 	 2.978294 	 0.760147 	 146825.246861 
18  	 7 	 14 	 4.541269 	 0.139149 	 33832.264115 
18  	 7 	 12 	 7.330144 	 0.020006 	 5143.911034 
18  	 7 	 2 	 13.601982 	 0.001273 	 330.348758 
19  	 7 	 11 	 1.759230 	 5.914157 	 502119.623812 
19  	 7 	 13 	 7.898714 	 0.008842 	 2285.966278 
19  	 7 	 10 	 12.795099 	 0.002224 	 576.940932 
19  	 7 	 15 	 11.701084 	 0.003201 	 829.850491 
19  	 7 	 9 	 3.695986 	 0.080642 	 20139.957577 
19  	 7 	 8 	 11.766987 	 0.003112 	 806.825370 
19  	 7 	 5 	 6.074589 	 0.016929 	 4359.448732 
19  	 7 	 6 	 11.611341 	 0.003257 	 844.490955 
19  	 7 	 7 	 5.847672 	 0.050798 	 12867.310264 
19  	 7 	 3 	 2.978294 	 0.760147 	 146825.246861 
19  	 7 	 14 	 4.541269 	 0.139149 	 33832.264115 
19  	 7 	 12 	 7.330144 	 0.020006 	 5143.911034 
19  	 7 	 2 	 13.601982 	 0.001273 	 330.348758 
20  	 7 	 11 	 1.759230 	 5.914157 	 502119.623812 
20  	 7 	 13 	 7.898714 	 0.008842 	 2285.966278 
20  	 7 	 10 	 12.795099 	 0.002224 	 576.940932 
20  	 7 	 15 	 11.701084 	 0.003201 	 829.850491 
20  	 7 	 9 	 3.695986 	 0.080642 	 20139.957577 
20  	 7 	 8 	 11.766987 	 0.003112 	 806.825370 
20  	 7 	 5 	 6.074589 	 0.016929 	 4359.448732 
20  	 7 	 6 	 11.611341 	 0.003257 	 844.490955 
20  	 7 	 7 	 5.847672 	 0.050798 	 12867.310264 
20  	 7 	 3 	 2.978294 	 0.760147 	 146825.246861 
20  	 7 	 14 	 4.541269 	 0.139149 	 33832.264115 
20  	 7 	 12 	 7.330144 	 0.020006 	 5143.911034 
20  	 7 	 2 	 13.601982 	 0.001273 	 330.348758 
21  	 7 	 11 	 1.759230 	 5.914157 	 502119.623812 
21  	 7 	 13 	 7.898714 	 0.008842 	 2285.966278 
21  	 7 	 10 	 12.795099 	 0.002224 	 576.940932 
21  	 7 	 15 	 11.701084 	 0.003201 	 829.850491 
21  	 7 	 9 	 3.695986 	 0.080642 	 20139.957577 
21  	 7 	 8 	 11.766987 	 0.003112 	 806.825370 
21  	 7 	 5 	 6.074589 	 0.016929 	 4359.448732 
21  	 7 	 6 	 11.611341 	 0.003257 	 844.490955 
21  	 7 	 7 	 5.847672 	 0.050798 	 12867.310264 
21  	 7 	 3 	 2.978294 	 0.760147 	 146825.246861 
21  	 7 	 14 	 4.541269 	 0.139149 	 33832.264115 
21  	 7 	 12 	 7.330144 	 0.020006 	 5143.911034 
21  	 7 	 2 	 13.601982 	 0.001273 	 330.348758 
22  	 7 	 11 	 1.759230 	 5.914157 	 502119.623812 
22  	 7 	 13 	 7.898714 	 0.008842 	 2285.966278 
22  	 7 	 10 	 12.795099 	 0.002224 	 576.940932 
22  	 7 	 15 	 11.701084 	 0.003201 	 829.850491 
22  	 7 	 9 	 3.695986 	 0.080642 	 20139.957577 
22  	 7 	 8 	 11.766987 	 0.003112 	 806.825370 
22  	 7 	 5 	 6.074589 	 0.016929 	 4359.448732 
22  	 7 	 6 	 11.611341 	 0.003257 	 844.490955 
22  	 7 	 7 	 5.847672 	 0.050798 	 12867.310264 
22  	 7 	 3 	 2.978294 	 0.760147 	 146825.246861 
22  	 7 	 14 	 4.541269 	 0.139149 	 33832.264115 
22  	 7 	 12 	 7.330144 	 0.020006 	 5143.911034 
22  	 7 	 2 	 13.601982 	 0.001273 	 330.348758 
23  	 7 	 11 	 1.759230 	 5.914157 	 502119.623812 
23  	 7 	 13 	 7.898714 	 0.008842 	 2285.966278 
23  	 7 	 10 	 12.795099 	 0.002224 	 576.940932 
23  	 7 	 15 	 11.701084 	 0.003201 	 829.850491 
23  	 7 	 9 	 3.695986 	 0.080642 	 20139.957577 
23  	 7 	 8 	 11.766987 	 0.003112 	 806.825370 
23  	 7 	 5 	 6.074589 	 0.016929 	 4359.448732 
23  	 7 	 6 	 11.611341 	 0.003257 	 844.490955 
23  	 7 	 7 	 5.847672 	 0.050798 	 12867.310264 
23  	 7 	 3 	 2.978294 	 0.760147 	 146825.246861 
23  	 7 	 14 	 4.541269 	 0.139149 	 33832.264115 
23  	 7 	 12 	 7.330144 	 0.020006 	 5143.911034 
23  	 7 	 2 	 13.601982 	 0.001273 	 330.348758 
24  	 7 	 11 	 1.759230 	 5.914157 	 502119.623812 
24  	 7 	 13 	 7.898714 	 0.008842 	 2285.966278 
24  	 7 	 10 	 12.795099 	 0.002224 	 576.940932 
24  	 7 	 15 	 11.701084 	 0.003201 	 829.850491 
24  	 7 	 9 	 3.695986 	 0.080642 	 20139.957577 
24  	 7 	 8 	 11.766987 	 0.003112 	 806.825370 
24  	 7 	 5 	 6.074589 	 0.016929 	 4359.448732 
24  	 7 	 6 	 11.611341 	 0.003257 	 844.490955 
24  	 7 	 7 	 5.847672 	 0.050798 	 12867.310264 
24  	 7 	 3 	 2.978294 	 0.760147 	 146825.246861 
24  	 7 	 14 	 4.541269 	 0.139149 	 33832.264115 
24  	 7 	 12 	 7.330144 	 0.020006 	 5143.911034 
24  	 7 	 2 	 13.601982 	 0.001273 	 330.348758 
25  	 7 	 11 	 1.759230 	 5.914157 	 502119.623812 
25  	 7 	 13 	 7.898714 	 0.008842 	 2285.966278 
25  	 7 	 10 	 12.795099 	 0.002224 	 576.940932 
25  	 7 	 15 	 11.701084 	 0.003201 	 829.850491 
25  	 7 	 9 	 3.695986 	 0.080642 	 20139.957577 
25  	 7 	 8 	 11.766987 	 0.003112 	 806.825370 
25  	 7 	 5 	 6.074589 	 0.016929 	 4359.448732 
25  	 7 	 6 	 11.611341 	 0.003257 	 844.490955 
25  	 7 	 7 	 5.847672 	 0.050798 	 12867.310264 
25  	 7 	 3 	 2.978294 	 0.760147 	 146825.246861 
25  	 7 	 14 	 4.541269 	 0.139149 	 33832.264115 
25  	 7 	 12 	 7.330144 	 0.020006 	 5143.911034 
25  	 7 	 2 	 13.601982 	 0.001273 	 330.348758 
26  	 7 	 11 	 1.759230 	 5.914157 	 502119.623812 
26  	 7 	 13 	 7.898714 	 0.008842 	 2285.966278 
26  	 7 	 10 	 12.795099 	 0.002224 	 576.940932 
26  	 7 	 15 	 11.701084 	 0.003201 	 829.850491 
26  	 7 	 9 	 3.695986 	 0.080642 	 20139.957577 
26  	 7 	 8 	 11.766987 	 0.003112 	 806.825370 
26  	 7 	 5 	 6.074589 	 0.016929 	 4359.448732 
26  	 7 	 6 	 11.611341 	 0.003257 	 844.490955 
26  	 7 	 7 	 5.847672 	 0.050798 	 12867.310264 
26  	 7 	 3 	 2.978294 	 0.760147 	 146825.246861 
26  	 7 	 14 	 4.541269 	 0.139149 	 33832.264115 
26  	 7 	 12 	 7.330144 	 0.020006 	 5143.911034 
26  	 7 	 2 	 13.601982 	 0.001273 	 330.348758 
27  	 7 	 11 	 1.759230 	 5.914157 	 502119.623812 
27  	 7 	 13 	 7.898714 	 0.008842 	 2285.966278 
27  	 7 	 10 	 12.795099 	 0.002224 	 576.940932 
27  	 7 	 15 	 11.701084 	 0.003201 	 829.850491 
27  	 7 	 9 	 3.695986 	 0.080642 	 20139.957577 
27  	 7 	 8 	 11.766987 	 0.003112 	 806.825370 
27  	 7 	 5 	 6.074589 	 0.016929 	 4359.448732 
27  	 7 	 6 	 11.611341 	 0.003257 	 844.490955 
27  	 7 	 7 	 5.847672 	 0.050798 	 12867.310264 
27  	 7 	 3 	 2.978294 	 0.760147 	 146825.246861 
27  	 7 	 14 	 4.541269 	 0.139149 	 33832.264115 
27  	 7 	 12 	 7.330144 	 0.020006 	 5143.911034 
27  	 7 	 2 	 13.601982 	 0.001273 	 330.348758 
28  	 7 	 11 	 1.759230 	 5.914157 	 502119.623812 
28  	 7 	 13 	 7.898714 	 0.008842 	 2285.966278 
28  	 7 	 10 	 12.795099 	 0.002224 	 576.940932 
28  	 7 	 15 	 11.701084 	 0.003201 	 829.850491 
28  	 7 	 9 	 3.695986 	 0.080642 	 20139.957577 
28  	 7 	 8 	 11.766987 	 0.003112 	 806.825370 
28  	 7 	 5 	 6.074589 	 0.016929 	 4359.448732 
28  	 7 	 6 	 11.611341 	 0.003257 	 844.490955 
28  	 7 	 7 	 5.847672 	 0.050798 	 12867.310264 
28  	 7 	 3 	 2.978294 	 0.760147 	 146825.246861 
28  	 7 	 14 	 4.541269 	 0.139149 	 33832.264115 
28  	 7 	 12 	 7.330144 	 0.020006 	 5143.911034 
28  	 7 	 2 	 13.601982 	 0.001273 	 330.348758 
29  	 7 	 11 	 1.759230 	 5.914157 	 502119.623812 
29  	 7 	 13 	 7.898714 	 0.008842 	 2285.966278 
29  	 7 	 10 	 12.795099 	 0.002224 	 576.940932 
29  	 7 	 15 	 11.701084 	 0.003201 	 829.850491 
29  	 7 	 9 	 3.695986 	 0.080642 	 20139.957577 
29  	 7 	 8 	 11.766987 	 0.003112 	 806.825370 
29  	 7 	 5 	 6.074589 	 0.016929 	 4359.448732 
29  	 7 	 6 	 11.611341 	 0.003257 	 844.490955 
29  	 7 	 7 	 5.847672 	 0.050798 	 12867.310264 
29  	 7 	 3 	 2.978294 	 0.760147 	 146825.246861 
29  	 7 	 14 	 4.541269 	 0.139149 	 33832.264115 
29  	 7 	 12 	 7.330144 	 0.020006 	 5143.911034 
29  	 7 	 2 	 13.601982 	 0.001273 	 330.348758 
30  	 7 	 11 	 1.759230 	 5.914157 	 502119.623812 
30  	 7 	 13 	 7.898714 	 0.008842 	 2285.966278 
30  	 7 	 10 	 12.795099 	 0.002224 	 576.940932 
30  	 7 	 15 	 11.701084 	 0.003201 	 829.850491 
30  	 7 	 9 	 3.695986 	 0.080642 	 20139.957577 
30  	 7 	 8 	 11.766987 	 0.003112 	 806.825370 
30  	 7 	 5 	 6.074589 	 0.016929 	 4359.448732 
30  	 7 	 6 	 11.611341 	 0.003257 	 844.490955 
30  	 7 	 7 	 5.847672 	 0.050798 	 12867.310264 
30  	 7 	 3 	 2.978294 	 0.760147 	 146825.246861 
30  	 7 	 14 	 4.541269 	 0.139149 	 33832.264115 
30  	 7 	 12 	 7.330144 	 0.020006 	 5143.911034 
30  	 7 	 2 	 13.601982 	 0.001273 	 330.348758 
31  	 7 	 11 	 1.759230 	 5.914157 	 502119.623812 
31  	 7 	 13 	 7.898714 	 0.008842 	 2285.966278 
31  	 7 	 10 	 12.795099 	 0.002224 	 576.940932 
31  	 7 	 15 	 11.701084 	 0.003201 	 829.850491 
31  	 7 	 9 	 3.695986 	 0.080642 	 20139.957577 
31  	 7 	 8 	 11.766987 	 0.003112 	 806.825370 
31  	 7 	 5 	 6.074589 	 0.016929 	 4359.448732 
31  	 7 	 6 	 11.611341 	 0.003257 	 844.490955 
31  	 7 	 7 	 5.847672 	 0.050798 	 12867.310264 
31  	 7 	 3 	 2.978294 	 0.760147 	 146825.246861 
31  	 7 	 14 	 4.541269 	 0.139149 	 33832.264115 
31  	 7 	 12 	 7.330144 	 0.020006 	 5143.911034 
31  	 7 	 2 	 13.601982 	 0.001273 	 330.348758 
32  	 7 	 11 	 1.759230 	 5.914157 	 502119.623812 
32  	 7 	 13 	 7.898714 	 0.008842 	 2285.966278 
32  	 7 	 10 	 12.795099 	 0.002224 	 576.940932 
32  	 7 	 15 	 11.701084 	 0.003201 	 829.850491 
32  	 7 	 9 	 3.695986 	 0.080642 	 20139.957577 
32  	 7 	 8 	 11.766987 	 0.003112 	 806.825370 
32  	 7 	 5 	 6.074589 	 0.016929 	 4359.448732 
32  	 7 	 6 	 11.611341 	 0.003257 	 844.490955 
32  	 7 	 7 	 5.847672 	 0.050798 	 12867.310264 
32  	 7 	 3 	 2.978294 	 0.760147 	 146825.246861 
32  	 7 	 14 	 4.541269 	 0.139149 	 33832.264115 
32  	 7 	 12 	 7.330144 	 0.020006 	 5143.911034 
32  	 7 	 2 	 13.601982 	 0.001273 	 330.348758 
33  	 7 	 11 	 1.759230 	 5.914157 	 502119.623812 
33  	 7 	 13 	 7.898714 	 0.008842 	 2285.966278 
33  	 7 	 10 	 12.795099 	 0.002224 	 576.940932 
33  	 7 	 15 	 11.701084 	 0.003201 	 829.850491 
33  	 7 	 9 	 3.695986 	 0.080642 	 20139.957577 
33  	 7 	 8 	 11.766987 	 0.003112 	 806.825370 
33  	 7 	 5 	 6.074589 	 0.016929 	 4359.448732 
33  	 7 	 6 	 11.611341 	 0.003257 	 844.490955 
33  	 7 	 7 	 5.847672 	 0.050798 	 12867.310264 
33  	 7 	 3 	 2.978294 	 0.760147 	 146825.246861 
33  	 7 	 14 	 4.541269 	 0.139149 	 33832.264115 
33  	 7 	 12 	 7.330144 	 0.020006 	 5143.911034 
33  	 7 	 2 	 13.601982 	 0.001273 	 330.348758 
34  	 7 	 11 	 1.759230 	 5.914157 	 502119.623812 
34  	 7 	 13 	 7.898714 	 0.008842 	 2285.966278 
34  	 7 	 10 	 12.795099 	 0.002224 	 576.940932 
34  	 7 	 15 	 11.701084 	 0.003201 	 829.850491 
34  	 7 	 9 	 3.695986 	 0.080642 	 20139.957577 
34  	 7 	 8 	 11.766987 	 0.003112 	 806.825370 
34  	 7 	 5 	 6.074589 	 0.016929 	 4359.448732 
34  	 7 	 6 	 11.611341 	 0.003257 	 844.490955 
34  	 7 	 7 	 5.847672 	 0.050798 	 12867.310264 
34  	 7 	 3 	 2.978294 	 0.760147 	 146825.246861 
34  	 7 	 14 	 4.541269 	 0.139149 	 33832.264115 
34  	 7 	 12 	 7.330144 	 0.020006 	 5143.911034 
34  	 7 	 2 	 13.601982 	 0.001273 	 330.348758 
35  	 7 	 11 	 1.759230 	 5.914157 	 502119.623812 
35  	 7 	 13 	 7.898714 	 0.008842 	 2285.966278 
35  	 7 	 10 	 12.795099 	 0.002224 	 576.940932 
35  	 7 	 15 	 11.701084 	 0.003201 	 829.850491 
35  	 7 	 9 	 3.695986 	 0.080642 	 20139.957577 
35  	 7 	 8 	 11.766987 	 0.003112 	 806.825370 
35  	 7 	 5 	 6.074589 	 0.016929 	 4359.448732 
35  	 7 	 6 	 11.611341 	 0.003257 	 844.490955 
35  	 7 	 7 	 5.847672 	 0.050798 	 12867.310264 
35  	 7 	 3 	 2.978294 	 0.760147 	 146825.246861 
35  	 7 	 14 	 4.541269 	 0.139149 	 33832.264115 
35  	 7 	 12 	 7.330144 	 0.020006 	 5143.911034 
35  	 7 	 2 	 13.601982 	 0.001273 	 330.348758 
36  	 7 	 11 	 1.759230 	 5.914157 	 502119.623812 
36  	 7 	 13 	 7.898714 	 0.008842 	 2285.966278 
36  	 7 	 10 	 12.795099 	 0.002224 	 576.940932 
36  	 7 	 15 	 11.701084 	 0.003201 	 829.850491 
36  	 7 	 9 	 3.695986 	 0.080642 	 20139.957577 
36  	 7 	 8 	 11.766987 	 0.003112 	 806.825370 
36  	 7 	 5 	 6.074589 	 0.016929 	 4359.448732 
36  	 7 	 6 	 11.611341 	 0.003257 	 844.490955 
36  	 7 	 7 	 5.847672 	 0.050798 	 12867.310264 
36  	 7 	 3 	 2.978294 	 0.760147 	 146825.246861 
36  	 7 	 14 	 4.541269 	 0.139149 	 33832.264115 
36  	 7 	 12 	 7.330144 	 0.020006 	 5143.911034 
36  	 7 	 2 	 13.601982 	 0.001273 	 330.348758 
37  	 7 	 11 	 1.759230 	 5.914157 	 502119.623812 
37  	 7 	 13 	 7.898714 	 0.008842 	 2285.966278 
37  	 7 	 10 	 12.795099 	 0.002224 	 576.940932 
37  	 7 	 15 	 11.701084 	 0.003201 	 829.850491 
37  	 7 	 9 	 3.695986 	 0.080642 	 20139.957577 
37  	 7 	 8 	 11.766987 	 0.003112 	 806.825370 
37  	 7 	 5 	 6.074589 	 0.016929 	 4359.448732 
37  	 7 	 6 	 11.611341 	 0.003257 	 844.490955 
37  	 7 	 7 	 5.847672 	 0.050798 	 12867.310264 
37  	 7 	 3 	 2.978294 	 0.760147 	 146825.246861 
37  	 7 	 14 	 4.541269 	 0.139149 	 33832.264115 
37  	 7 	 12 	 7.330144 	 0.020006 	 5143.911034 
37  	 7 	 2 	 13.601982 	 0.001273 	 330.348758 
38  	 7 	 11 	 1.759230 	 5.914157 	 502119.623812 
38  	 7 	 13 	 7.898714 	 0.008842 	 2285.966278 
38  	 7 	 10 	 12.795099 	 0.002224 	 576.940932 
38  	 7 	 15 	 11.701084 	 0.003201 	 829.850491 
38  	 7 	 9 	 3.695986 	 0.080642 	 20139.957577 
38  	 7 	 8 	 11.766987 	 0.003112 	 806.825370 
38  	 7 	 5 	 6.074589 	 0.016929 	 4359.448732 
38  	 7 	 6 	 11.611341 	 0.003257 	 844.490955 
38  	 7 	 7 	 5.847672 	 0.050798 	 12867.310264 
38  	 7 	 3 	 2.978294 	 0.760147 	 146825.246861 
38  	 7 	 14 	 4.541269 	 0.139149 	 33832.264115 
38  	 7 	 12 	 7.330144 	 0.020006 	 5143.911034 
38  	 7 	 2 	 13.601982 	 0.001273 	 330.348758 
39  	 7 	 11 	 1.759230 	 5.914157 	 502119.623812 
39  	 7 	 13 	 7.898714 	 0.008842 	 2285.966278 
39  	 7 	 10 	 12.795099 	 0.002224 	 576.940932 
39  	 7 	 15 	 11.701084 	 0.003201 	 829.850491 
39  	 7 	 9 	 3.695986 	 0.080642 	 20139.957577 
39  	 7 	 8 	 11.766987 	 0.003112 	 806.825370 
39  	 7 	 5 	 6.074589 	 0.016929 	 4359.448732 
39  	 7 	 6 	 11.611341 	 0.003257 	 844.490955 
39  	 7 	 7 	 5.847672 	 0.050798 	 12867.310264 
39  	 7 	 3 	 2.978294 	 0.760147 	 146825.246861 
39  	 7 	 14 	 4.541269 	 0.139149 	 33832.264115 
39  	 7 	 12 	 7.330144 	 0.020006 	 5143.911034 
39  	 7 	 2 	 13.601982 	 0.001273 	 330.348758 
40  	 7 	 11 	 1.759230 	 5.914157 	 502119.623812 
40  	 7 	 13 	 7.898714 	 0.008842 	 2285.966278 
40  	 7 	 10 	 12.795099 	 0.002224 	 576.940932 
40  	 7 	 15 	 11.701084 	 0.003201 	 829.850491 
40  	 7 	 9 	 3.695986 	 0.080642 	 20139.957577 
40  	 7 	 8 	 11.766987 	 0.003112 	 806.825370 
40  	 7 	 5 	 6.074589 	 0.016929 	 4359.448732 
40  	 7 	 6 	 11.611341 	 0.003257 	 844.490955 
40  	 7 	 7 	 5.847672 	 0.050798 	 12867.310264 
40  	 7 	 3 	 2.978294 	 0.760147 	 146825.246861 
40  	 7 	 14 	 4.541269 	 0.139149 	 33832.264115 
40  	 7 	 12 	 7.330144 	 0.020006 	 5143.911034 
40  	 7 	 2 	 13.601982 	 0.001273 	 330.348758 
41  	 7 	 11 	 1.759230 	 5.914157 	 502119.623812 
41  	 7 	 13 	 7.898714 	 0.008842 	 2285.966278 
41  	 7 	 10 	 12.795099 	 0.002224 	 576.940932 
41  	 7 	 15 	 11.701084 	 0.003201 	 829.850491 
41  	 7 	 9 	 3.695986 	 0.080642 	 20139.957577 
41  	 7 	 8 	 11.766987 	 0.003112 	 806.825370 
41  	 7 	 5 	 6.074589 	 0.016929 	 4359.448732 
41  	 7 	 6 	 11.611341 	 0.003257 	 844.490955 
41  	 7 	 7 	 5.847672 	 0.050798 	 12867.310264 
41  	 7 	 3 	 2.978294 	 0.760147 	 146825.246861 
41  	 7 	 14 	 4.541269 	 0.139149 	 33832.264115 
41  	 7 	 12 	 7.330144 	 0.020006 	 5143.911034 
41  	 7 	 2 	 13.601982 	 0.001273 	 330.348758 
42  	 7 	 11 	 1.759230 	 5.914157 	 502119.623812 
42  	 7 	 13 	 7.898714 	 0.008842 	 2285.966278 
42  	 7 	 10 	 12.795099 	 0.002224 	 576.940932 
42  	 7 	 15 	 11.701084 	 0.003201 	 829.850491 
42  	 7 	 9 	 3.695986 	 0.080642 	 20139.957577 
42  	 7 	 8 	 11.766987 	 0.003112 	 806.825370 
42  	 7 	 5 	 6.074589 	 0.016929 	 4359.448732 
42  	 7 	 6 	 11.611341 	 0.003257 	 844.490955 
42  	 7 	 7 	 5.847672 	 0.050798 	 12867.310264 
42  	 7 	 3 	 2.978294 	 0.760147 	 146825.246861 
42  	 7 	 14 	 4.541269 	 0.139149 	 33832.264115 
42  	 7 	 12 	 7.330144 	 0.020006 	 5143.911034 
42  	 7 	 2 	 13.601982 	 0.001273 	 330.348758 
43  	 7 	 11 	 1.759230 	 5.914157 	 502119.623812 
43  	 7 	 13 	 7.898714 	 0.008842 	 2285.966278 
43  	 7 	 10 	 12.795099 	 0.002224 	 576.940932 
43  	 7 	 15 	 11.701084 	 0.003201 	 829.850491 
43  	 7 	 9 	 3.695986 	 0.080642 	 20139.957577 
43  	 7 	 8 	 11.766987 	 0.003112 	 806.825370 
43  	 7 	 5 	 6.074589 	 0.016929 	 4359.448732 
43  	 7 	 6 	 11.611341 	 0.003257 	 844.490955 
43  	 7 	 7 	 5.847672 	 0.050798 	 12867.310264 
43  	 7 	 3 	 2.978294 	 0.760147 	 146825.246861 
43  	 7 	 14 	 4.541269 	 0.139149 	 33832.264115 
43  	 7 	 12 	 7.330144 	 0.020006 	 5143.911034 
43  	 7 	 2 	 13.601982 	 0.001273 	 330.348758 
44  	 7 	 11 	 1.759230 	 5.914157 	 502119.623812 
44  	 7 	 13 	 7.898714 	 0.008842 	 2285.966278 
44  	 7 	 10 	 12.795099 	 0.002224 	 576.940932 
44  	 7 	 15 	 11.701084 	 0.003201 	 829.850491 
44  	 7 	 9 	 3.695986 	 0.080642 	 20139.957577 
44  	 7 	 8 	 11.766987 	 0.003112 	 806.825370 
44  	 7 	 5 	 6.074589 	 0.016929 	 4359.448732 
44  	 7 	 6 	 11.611341 	 0.003257 	 844.490955 
44  	 7 	 7 	 5.847672 	 0.050798 	 12867.310264 
44  	 7 	 3 	 2.978294 	 0.760147 	 146825.246861 
44  	 7 	 14 	 4.541269 	 0.139149 	 33832.264115 
44  	 7 	 12 	 7.330144 	 0.020006 	 5143.911034 
44  	 7 	 2 	 13.601982 	 0.001273 	 330.348758 
45  	 7 	 11 	 1.759230 	 5.914157 	 502119.623812 
45  	 7 	 13 	 7.898714 	 0.008842 	 2285.966278 
45  	 7 	 10 	 12.795099 	 0.002224 	 576.940932 
45  	 7 	 15 	 11.701084 	 0.003201 	 829.850491 
45  	 7 	 9 	 3.695986 	 0.080642 	 20139.957577 
45  	 7 	 8 	 11.766987 	 0.003112 	 806.825370 
45  	 7 	 5 	 6.074589 	 0.016929 	 4359.448732 
45  	 7 	 6 	 11.611341 	 0.003257 	 844.490955 
45  	 7 	 7 	 5.847672 	 0.050798 	 12867.310264 
45  	 7 	 3 	 2.978294 	 0.760147 	 146825.246861 
45  	 7 	 14 	 4.541269 	 0.139149 	 33832.264115 
45  	 7 	 12 	 7.330144 	 0.020006 	 5143.911034 
45  	 7 	 2 	 13.601982 	 0.001273 	 330.348758 
46  	 7 	 11 	 1.759230 	 5.914157 	 502119.623812 
46  	 7 	 13 	 7.898714 	 0.008842 	 2285.966278 
46  	 7 	 10 	 12.795099 	 0.002224 	 576.940932 
46  	 7 	 15 	 11.701084 	 0.003201 	 829.850491 
46  	 7 	 9 	 3.695986 	 0.080642 	 20139.957577 
46  	 7 	 8 	 11.766987 	 0.003112 	 806.825370 
46  	 7 	 5 	 6.074589 	 0.016929 	 4359.448732 
46  	 7 	 6 	 11.611341 	 0.003257 	 844.490955 
46  	 7 	 7 	 5.847672 	 0.050798 	 12867.310264 
46  	 7 	 3 	 2.978294 	 0.760147 	 146825.246861 
46  	 7 	 14 	 4.541269 	 0.139149 	 33832.264115 
46  	 7 	 12 	 7.330144 	 0.020006 	 5143.911034 
46  	 7 	 2 	 13.601982 	 0.001273 	 330.348758 
47  	 7 	 11 	 1.759230 	 5.914157 	 502119.623812 
47  	 7 	 13 	 7.898714 	 0.008842 	 2285.966278 
47  	 7 	 10 	 12.795099 	 0.002224 	 576.940932 
47  	 7 	 15 	 11.701084 	 0.003201 	 829.850491 
47  	 7 	 9 	 3.695986 	 0.080642 	 20139.957577 
47  	 7 	 8 	 11.766987 	 0.003112 	 806.825370 
47  	 7 	 5 	 6.074589 	 0.016929 	 4359.448732 
47  	 7 	 6 	 11.611341 	 0.003257 	 844.490955 
47  	 7 	 7 	 5.847672 	 0.050798 	 12867.310264 
47  	 7 	 3 	 2.978294 	 0.760147 	 146825.246861 
47  	 7 	 14 	 4.541269 	 0.139149 	 33832.264115 
47  	 7 	 12 	 7.330144 	 0.020006 	 5143.911034 
47  	 7 	 2 	 13.601982 	 0.001273 	 330.348758 
48  	 7 	 11 	 1.759230 	 5.914157 	 502119.623812 
48  	 7 	 13 	 7.898714 	 0.008842 	 2285.966278 
48  	 7 	 10 	 12.795099 	 0.002224 	 576.940932 
48  	 7 	 15 	 11.701084 	 0.003201 	 829.850491 
48  	 7 	 9 	 3.695986 	 0.080642 	 20139.957577 
48  	 7 	 8 	 11.766987 	 0.003112 	 806.825370 
48  	 7 	 5 	 6.074589 	 0.016929 	 4359.448732 
48  	 7 	 6 	 11.611341 	 0.003257 	 844.490955 
48  	 7 	 7 	 5.847672 	 0.050798 	 12867.310264 
48  	 7 	 3 	 2.978294 	 0.760147 	 146825.246861 
48  	 7 	 14 	 4.541269 	 0.139149 	 33832.264115 
48  	 7 	 12 	 7.330144 	 0.020006 	 5143.911034 
48  	 7 	 2 	 13.601982 	 0.001273 	 330.348758 
49  	 7 	 11 	 1.759230 	 5.914157 	 502119.623812 
49  	 7 	 13 	 7.898714 	 0.008842 	 2285.966278 
49  	 7 	 10 	 12.795099 	 0.002224 	 576.940932 
49  	 7 	 15 	 11.701084 	 0.003201 	 829.850491 
49  	 7 	 9 	 3.695986 	 0.080642 	 20139.957577 
49  	 7 	 8 	 11.766987 	 0.003112 	 806.825370 
49  	 7 	 5 	 6.074589 	 0.016929 	 4359.448732 
49  	 7 	 6 	 11.611341 	 0.003257 	 844.490955 
49  	 7 	 7 	 5.847672 	 0.050798 	 12867.310264 
49  	 7 	 3 	 2.978294 	 0.760147 	 146825.246861 
49  	 7 	 14 	 4.541269 	 0.139149 	 33832.264115 
49  	 7 	 12 	 7.330144 	 0.020006 	 5143.911034 
49  	 7 	 2 	 13.601982 	 0.001273 	 330.348758 
50  	 7 	 11 	 1.759230 	 5.914157 	 502119.623812 
50  	 7 	 13 	 7.898714 	 0.008842 	 2285.966278 
50  	 7 	 10 	 12.795099 	 0.002224 	 576.940932 
50  	 7 	 15 	 11.701084 	 0.003201 	 829.850491 
50  	 7 	 9 	 3.695986 	 0.080642 	 20139.957577 
50  	 7 	 8 	 11.766987 	 0.003112 	 806.825370 
50  	 7 	 5 	 6.074589 	 0.016929 	 4359.448732 
50  	 7 	 6 	 11.611341 	 0.003257 	 844.490955 
50  	 7 	 7 	 5.847672 	 0.050798 	 12867.310264 
50  	 7 	 3 	 2.978294 	 0.760147 	 146825.246861 
50  	 7 	 14 	 4.541269 	 0.139149 	 33832.264115 
50  	 7 	 12 	 7.330144 	 0.020006 	 5143.911034 
50  	 7 	 2 	 13.601982 	 0.001273 	 330.348758 
51  	 7 	 11 	 1.759230 	 5.914157 	 502119.623812 
51  	 7 	 13 	 7.898714 	 0.008842 	 2285.966278 
51  	 7 	 10 	 12.795099 	 0.002224 	 576.940932 
51  	 7 	 15 	 11.701084 	 0.003201 	 829.850491 
51  	 7 	 9 	 3.695986 	 0.080642 	 20139.957577 
51  	 7 	 8 	 11.766987 	 0.003112 	 806.825370 
51  	 7 	 5 	 6.074589 	 0.016929 	 4359.448732 
51  	 7 	 6 	 11.611341 	 0.003257 	 844.490955 
51  	 7 	 7 	 5.847672 	 0.050798 	 12867.310264 
51  	 7 	 3 	 2.978294 	 0.760147 	 146825.246861 
51  	 7 	 14 	 4.541269 	 0.139149 	 33832.264115 
51  	 7 	 12 	 7.330144 	 0.020006 	 5143.911034 
51  	 7 	 2 	 13.601982 	 0.001273 	 330.348758 
52  	 7 	 11 	 1.759230 	 5.914157 	 502119.623812 
52  	 7 	 13 	 7.898714 	 0.008842 	 2285.966278 
52  	 7 	 10 	 12.795099 	 0.002224 	 576.940932 
52  	 7 	 15 	 11.701084 	 0.003201 	 829.850491 
52  	 7 	 9 	 3.695986 	 0.080642 	 20139.957577 
52  	 7 	 8 	 11.766987 	 0.003112 	 806.825370 
52  	 7 	 5 	 6.074589 	 0.016929 	 4359.448732 
52  	 7 	 6 	 11.611341 	 0.003257 	 844.490955 
52  	 7 	 7 	 5.847672 	 0.050798 	 12867.310264 
52  	 7 	 3 	 2.978294 	 0.760147 	 146825.246861 
52  	 7 	 14 	 4.541269 	 0.139149 	 33832.264115 
52  	 7 	 12 	 7.330144 	 0.020006 	 5143.911034 
52  	 7 	 2 	 13.601982 	 0.001273 	 330.348758 
53  	 7 	 11 	 1.759230 	 5.914157 	 502119.623812 
53  	 7 	 13 	 7.898714 	 0.008842 	 2285.966278 
53  	 7 	 10 	 12.795099 	 0.002224 	 576.940932 
53  	 7 	 15 	 11.701084 	 0.003201 	 829.850491 
53  	 7 	 9 	 3.695986 	 0.080642 	 20139.957577 
53  	 7 	 8 	 11.766987 	 0.003112 	 806.825370 
53  	 7 	 5 	 6.074589 	 0.016929 	 4359.448732 
53  	 7 	 6 	 11.611341 	 0.003257 	 844.490955 
53  	 7 	 7 	 5.847672 	 0.050798 	 12867.310264 
53  	 7 	 3 	 2.978294 	 0.760147 	 146825.246861 
53  	 7 	 14 	 4.541269 	 0.139149 	 33832.264115 
53  	 7 	 12 	 7.330144 	 0.020006 	 5143.911034 
53  	 7 	 2 	 13.601982 	 0.001273 	 330.348758 
54  	 7 	 11 	 1.759230 	 5.914157 	 502119.623812 
54  	 7 	 13 	 7.898714 	 0.008842 	 2285.966278 
54  	 7 	 10 	 12.795099 	 0.002224 	 576.940932 
54  	 7 	 15 	 11.701084 	 0.003201 	 829.850491 
54  	 7 	 9 	 3.695986 	 0.080642 	 20139.957577 
54  	 7 	 8 	 11.766987 	 0.003112 	 806.825370 
54  	 7 	 5 	 6.074589 	 0.016929 	 4359.448732 
54  	 7 	 6 	 11.611341 	 0.003257 	 844.490955 
54  	 7 	 7 	 5.847672 	 0.050798 	 12867.310264 
54  	 7 	 3 	 2.978294 	 0.760147 	 146825.246861 
54  	 7 	 14 	 4.541269 	 0.139149 	 33832.264115 
54  	 7 	 12 	 7.330144 	 0.020006 	 5143.911034 
54  	 7 	 2 	 13.601982 	 0.001273 	 330.348758 
55  	 7 	 11 	 1.759230 	 5.914157 	 502119.623812 
55  	 7 	 13 	 7.898714 	 0.008842 	 2285.966278 
55  	 7 	 10 	 12.795099 	 0.002224 	 576.940932 
55  	 7 	 15 	 11.701084 	 0.003201 	 829.850491 
55  	 7 	 9 	 3.695986 	 0.080642 	 20139.957577 
55  	 7 	 8 	 11.766987 	 0.003112 	 806.825370 
55  	 7 	 5 	 6.074589 	 0.016929 	 4359.448732 
55  	 7 	 6 	 11.611341 	 0.003257 	 844.490955 
55  	 7 	 7 	 5.847672 	 0.050798 	 12867.310264 
55  	 7 	 3 	 2.978294 	 0.760147 	 146825.246861 
55  	 7 	 14 	 4.541269 	 0.139149 	 33832.264115 
55  	 7 	 12 	 7.330144 	 0.020006 	 5143.911034 
55  	 7 	 2 	 13.601982 	 0.001273 	 330.348758 
56  	 7 	 11 	 1.759230 	 5.914157 	 502119.623812 
56  	 7 	 13 	 7.898714 	 0.008842 	 2285.966278 
56  	 7 	 10 	 12.795099 	 0.002224 	 576.940932 
56  	 7 	 15 	 11.701084 	 0.003201 	 829.850491 
56  	 7 	 9 	 3.695986 	 0.080642 	 20139.957577 
56  	 7 	 8 	 11.766987 	 0.003112 	 806.825370 
56  	 7 	 5 	 6.074589 	 0.016929 	 4359.448732 
56  	 7 	 6 	 11.611341 	 0.003257 	 844.490955 
56  	 7 	 7 	 5.847672 	 0.050798 	 12867.310264 
56  	 7 	 3 	 2.978294 	 0.760147 	 146825.246861 
56  	 7 	 14 	 4.541269 	 0.139149 	 33832.264115 
56  	 7 	 12 	 7.330144 	 0.020006 	 5143.911034 
56  	 7 	 2 	 13.601982 	 0.001273 	 330.348758 
57  	 7 	 11 	 1.759230 	 5.914157 	 502119.623812 
57  	 7 	 13 	 7.898714 	 0.008842 	 2285.966278 
57  	 7 	 10 	 12.795099 	 0.002224 	 576.940932 
57  	 7 	 15 	 11.701084 	 0.003201 	 829.850491 
57  	 7 	 9 	 3.695986 	 0.080642 	 20139.957577 
57  	 7 	 8 	 11.766987 	 0.003112 	 806.825370 
57  	 7 	 5 	 6.074589 	 0.016929 	 4359.448732 
57  	 7 	 6 	 11.611341 	 0.003257 	 844.490955 
57  	 7 	 7 	 5.847672 	 0.050798 	 12867.310264 
57  	 7 	 3 	 2.978294 	 0.760147 	 146825.246861 
57  	 7 	 14 	 4.541269 	 0.139149 	 33832.264115 
57  	 7 	 12 	 7.330144 	 0.020006 	 5143.911034 
57  	 7 	 2 	 13.601982 	 0.001273 	 330.348758 
58  	 7 	 11 	 1.759230 	 5.914157 	 502119.623812 
58  	 7 	 13 	 7.898714 	 0.008842 	 2285.966278 
58  	 7 	 10 	 12.795099 	 0.002224 	 576.940932 
58  	 7 	 15 	 11.701084 	 0.003201 	 829.850491 
58  	 7 	 9 	 3.695986 	 0.080642 	 20139.957577 
58  	 7 	 8 	 11.766987 	 0.003112 	 806.825370 
58  	 7 	 5 	 6.074589 	 0.016929 	 4359.448732 
58  	 7 	 6 	 11.611341 	 0.003257 	 844.490955 
58  	 7 	 7 	 5.847672 	 0.050798 	 12867.310264 
58  	 7 	 3 	 2.978294 	 0.760147 	 146825.246861 
58  	 7 	 14 	 4.541269 	 0.139149 	 33832.264115 
58  	 7 	 12 	 7.330144 	 0.020006 	 5143.911034 
58  	 7 	 2 	 13.601982 	 0.001273 	 330.348758 
59  	 7 	 11 	 1.759230 	 5.914157 	 502119.623812 
59  	 7 	 13 	 7.898714 	 0.008842 	 2285.966278 
59  	 7 	 10 	 12.795099 	 0.002224 	 576.940932 
59  	 7 	 15 	 11.701084 	 0.003201 	 829.850491 
59  	 7 	 9 	 3.695986 	 0.080642 	 20139.957577 
59  	 7 	 8 	 11.766987 	 0.003112 	 806.825370 
59  	 7 	 5 	 6.074589 	 0.016929 	 4359.448732 
59  	 7 	 6 	 11.611341 	 0.003257 	 844.490955 
59  	 7 	 7 	 5.847672 	 0.050798 	 12867.310264 
59  	 7 	 3 	 2.978294 	 0.760147 	 146825.246861 
59  	 7 	 14 	 4.541269 	 0.139149 	 33832.264115 
59  	 7 	 12 	 7.330144 	 0.020006 	 5143.911034 
59  	 7 	 2 	 13.601982 	 0.001273 	 330.348758 
60  	 7 	 11 	 1.759230 	 5.914157 	 502119.623812 
60  	 7 	 13 	 7.898714 	 0.008842 	 2285.966278 
60  	 7 	 10 	 12.795099 	 0.002224 	 576.940932 
60  	 7 	 15 	 11.701084 	 0.003201 	 829.850491 
60  	 7 	 9 	 3.695986 	 0.080642 	 20139.957577 
60  	 7 	 8 	 11.766987 	 0.003112 	 806.825370 
60  	 7 	 5 	 6.074589 	 0.016929 	 4359.448732 
60  	 7 	 6 	 11.611341 	 0.003257 	 844.490955 
60  	 7 	 7 	 5.847672 	 0.050798 	 12867.310264 
60  	 7 	 3 	 2.978294 	 0.760147 	 146825.246861 
60  	 7 	 14 	 4.541269 	 0.139149 	 33832.264115 
60  	 7 	 12 	 7.330144 	 0.020006 	 5143.911034 
60  	 7 	 2 	 13.601982 	 0.001273 	 330.348758 
61  	 7 	 11 	 1.759230 	 5.914157 	 502119.623812 
61  	 7 	 13 	 7.898714 	 0.008842 	 2285.966278 
61  	 7 	 10 	 12.795099 	 0.002224 	 576.940932 
61  	 7 	 15 	 11.701084 	 0.003201 	 829.850491 
61  	 7 	 9 	 3.695986 	 0.080642 	 20139.957577 
61  	 7 	 8 	 11.766987 	 0.003112 	 806.825370 
61  	 7 	 5 	 6.074589 	 0.016929 	 4359.448732 
61  	 7 	 6 	 11.611341 	 0.003257 	 844.490955 
61  	 7 	 7 	 5.847672 	 0.050798 	 12867.310264 
61  	 7 	 3 	 2.978294 	 0.760147 	 146825.246861 
61  	 7 	 14 	 4.541269 	 0.139149 	 33832.264115 
61  	 7 	 12 	 7.330144 	 0.020006 	 5143.911034 
61  	 7 	 2 	 13.601982 	 0.001273 	 330.348758 
62  	 7 	 11 	 1.759230 	 5.914157 	 502119.623812 
62  	 7 	 13 	 7.898714 	 0.008842 	 2285.966278 
62  	 7 	 10 	 12.795099 	 0.002224 	 576.940932 
62  	 7 	 15 	 11.701084 	 0.003201 	 829.850491 
62  	 7 	 9 	 3.695986 	 0.080642 	 20139.957577 
62  	 7 	 8 	 11.766987 	 0.003112 	 806.825370 
62  	 7 	 5 	 6.074589 	 0.016929 	 4359.448732 
62  	 7 	 6 	 11.611341 	 0.003257 	 844.490955 
62  	 7 	 7 	 5.847672 	 0.050798 	 12867.310264 
62  	 7 	 3 	 2.978294 	 0.760147 	 146825.246861 
62  	 7 	 14 	 4.541269 	 0.139149 	 33832.264115 
62  	 7 	 12 	 7.330144 	 0.020006 	 5143.911034 
62  	 7 	 2 	 13.601982 	 0.001273 	 330.348758 
63  	 7 	 11 	 1.759230 	 5.914157 	 502119.623812 
63  	 7 	 13 	 7.898714 	 0.008842 	 2285.966278 
63  	 7 	 10 	 12.795099 	 0.002224 	 576.940932 
63  	 7 	 15 	 11.701084 	 0.003201 	 829.850491 
63  	 7 	 9 	 3.695986 	 0.080642 	 20139.957577 
63  	 7 	 8 	 11.766987 	 0.003112 	 806.825370 
63  	 7 	 5 	 6.074589 	 0.016929 	 4359.448732 
63  	 7 	 6 	 11.611341 	 0.003257 	 844.490955 
63  	 7 	 7 	 5.847672 	 0.050798 	 12867.310264 
63  	 7 	 3 	 2.978294 	 0.760147 	 146825.246861 
63  	 7 	 14 	 4.541269 	 0.139149 	 33832.264115 
63  	 7 	 12 	 7.330144 	 0.020006 	 5143.911034 
63  	 7 	 2 	 13.601982 	 0.001273 	 330.348758 
64  	 7 	 11 	 1.759230 	 5.914157 	 502119.623812 
64  	 7 	 13 	 7.898714 	 0.008842 	 2285.966278 
64  	 7 	 10 	 12.795099 	 0.002224 	 576.940932 
64  	 7 	 15 	 11.701084 	 0.003201 	 829.850491 
64  	 7 	 9 	 3.695986 	 0.080642 	 20139.957577 
64  	 7 	 8 	 11.766987 	 0.003112 	 806.825370 
64  	 7 	 5 	 6.074589 	 0.016929 	 4359.448732 
64  	 7 	 6 	 11.611341 	 0.003257 	 844.490955 
64  	 7 	 7 	 5.847672 	 0.050798 	 12867.310264 
64  	 7 	 3 	 2.978294 	 0.760147 	 146825.246861 
64  	 7 	 14 	 4.541269 	 0.139149 	 33832.264115 
64  	 7 	 12 	 7.330144 	 0.020006 	 5143.911034 
64  	 7 	 2 	 13.601982 	 0.001273 	 330.348758 
65  	 7 	 11 	 1.759230 	 5.914157 	 502119.623812 
65  	 7 	 13 	 7.898714 	 0.008842 	 2285.966278 
65  	 7 	 10 	 12.795099 	 0.002224 	 576.940932 
65  	 7 	 15 	 11.701084 	 0.003201 	 829.850491 
65  	 7 	 9 	 3.695986 	 0.080642 	 20139.957577 
65  	 7 	 8 	 11.766987 	 0.003112 	 806.825370 
65  	 7 	 5 	 6.074589 	 0.016929 	 4359.448732 
65  	 7 	 6 	 11.611341 	 0.003257 	 844.490955 
65  	 7 	 7 	 5.847672 	 0.050798 	 12867.310264 
65  	 7 	 3 	 2.978294 	 0.760147 	 146825.246861 
65  	 7 	 14 	 4.541269 	 0.139149 	 33832.264115 
65  	 7 	 12 	 7.330144 	 0.020006 	 5143.911034 
65  	 7 	 2 	 13.601982 	 0.001273 	 330.348758 
66  	 7 	 11 	 1.759230 	 5.914157 	 502119.623812 
66  	 7 	 13 	 7.898714 	 0.008842 	 2285.966278 
66  	 7 	 10 	 12.795099 	 0.002224 	 576.940932 
66  	 7 	 15 	 11.701084 	 0.003201 	 829.850491 
66  	 7 	 9 	 3.695986 	 0.080642 	 20139.957577 
66  	 7 	 8 	 11.766987 	 0.003112 	 806.825370 
66  	 7 	 5 	 6.074589 	 0.016929 	 4359.448732 
66  	 7 	 6 	 11.611341 	 0.003257 	 844.490955 
66  	 7 	 7 	 5.847672 	 0.050798 	 12867.310264 
66  	 7 	 3 	 2.978294 	 0.760147 	 146825.246861 
66  	 7 	 14 	 4.541269 	 0.139149 	 33832.264115 
66  	 7 	 12 	 7.330144 	 0.020006 	 5143.911034 
66  	 7 	 2 	 13.601982 	 0.001273 	 330.348758 
67  	 7 	 11 	 1.759230 	 5.914157 	 502119.623812 
67  	 7 	 13 	 7.898714 	 0.008842 	 2285.966278 
67  	 7 	 10 	 12.795099 	 0.002224 	 576.940932 
67  	 7 	 15 	 11.701084 	 0.003201 	 829.850491 
67  	 7 	 9 	 3.695986 	 0.080642 	 20139.957577 
67  	 7 	 8 	 11.766987 	 0.003112 	 806.825370 
67  	 7 	 5 	 6.074589 	 0.016929 	 4359.448732 
67  	 7 	 6 	 11.611341 	 0.003257 	 844.490955 
67  	 7 	 7 	 5.847672 	 0.050798 	 12867.310264 
67  	 7 	 3 	 2.978294 	 0.760147 	 146825.246861 
67  	 7 	 14 	 4.541269 	 0.139149 	 33832.264115 
67  	 7 	 12 	 7.330144 	 0.020006 	 5143.911034 
67  	 7 	 2 	 13.601982 	 0.001273 	 330.348758 
68  	 7 	 11 	 1.759230 	 5.914157 	 502119.623812 
68  	 7 	 13 	 7.898714 	 0.008842 	 2285.966278 
68  	 7 	 10 	 12.795099 	 0.002224 	 576.940932 
68  	 7 	 15 	 11.701084 	 0.003201 	 829.850491 
68  	 7 	 9 	 3.695986 	 0.080642 	 20139.957577 
68  	 7 	 8 	 11.766987 	 0.003112 	 806.825370 
68  	 7 	 5 	 6.074589 	 0.016929 	 4359.448732 
68  	 7 	 6 	 11.611341 	 0.003257 	 844.490955 
68  	 7 	 7 	 5.847672 	 0.050798 	 12867.310264 
68  	 7 	 3 	 2.978294 	 0.760147 	 146825.246861 
68  	 7 	 14 	 4.541269 	 0.139149 	 33832.264115 
68  	 7 	 12 	 7.330144 	 0.020006 	 5143.911034 
68  	 7 	 2 	 13.601982 	 0.001273 	 330.348758 
69  	 7 	 11 	 1.759230 	 5.914157 	 502119.623812 
69  	 7 	 13 	 7.898714 	 0.008842 	 2285.966278 
69  	 7 	 10 	 12.795099 	 0.002224 	 576.940932 
69  	 7 	 15 	 11.701084 	 0.003201 	 829.850491 
69  	 7 	 9 	 3.695986 	 0.080642 	 20139.957577 
69  	 7 	 8 	 11.766987 	 0.003112 	 806.825370 
69  	 7 	 5 	 6.074589 	 0.016929 	 4359.448732 
69  	 7 	 6 	 11.611341 	 0.003257 	 844.490955 
69  	 7 	 7 	 5.847672 	 0.050798 	 12867.310264 
69  	 7 	 3 	 2.978294 	 0.760147 	 146825.246861 
69  	 7 	 14 	 4.541269 	 0.139149 	 33832.264115 
69  	 7 	 12 	 7.330144 	 0.020006 	 5143.911034 
69  	 7 	 2 	 13.601982 	 0.001273 	 330.348758 
70  	 7 	 11 	 1.759230 	 5.914157 	 502119.623812 
70  	 7 	 13 	 7.898714 	 0.008842 	 2285.966278 
70  	 7 	 10 	 12.795099 	 0.002224 	 576.940932 
70  	 7 	 15 	 11.701084 	 0.003201 	 829.850491 
70  	 7 	 9 	 3.695986 	 0.080642 	 20139.957577 
70  	 7 	 8 	 11.766987 	 0.003112 	 806.825370 
70  	 7 	 5 	 6.074589 	 0.016929 	 4359.448732 
70  	 7 	 6 	 11.611341 	 0.003257 	 844.490955 
70  	 7 	 7 	 5.847672 	 0.050798 	 12867.310264 
70  	 7 	 3 	 2.978294 	 0.760147 	 146825.246861 
70  	 7 	 14 	 4.541269 	 0.139149 	 33832.264115 
70  	 7 	 12 	 7.330144 	 0.020006 	 5143.911034 
70  	 7 	 2 	 13.601982 	 0.001273 	 330.348758 
71  	 7 	 11 	 1.759230 	 5.914157 	 502119.623812 
71  	 7 	 13 	 7.898714 	 0.008842 	 2285.966278 
71  	 7 	 10 	 12.795099 	 0.002224 	 576.940932 
71  	 7 	 15 	 11.701084 	 0.003201 	 829.850491 
71  	 7 	 9 	 3.695986 	 0.080642 	 20139.957577 
71  	 7 	 8 	 11.766987 	 0.003112 	 806.825370 
71  	 7 	 5 	 6.074589 	 0.016929 	 4359.448732 
71  	 7 	 6 	 11.611341 	 0.003257 	 844.490955 
71  	 7 	 7 	 5.847672 	 0.050798 	 12867.310264 
71  	 7 	 3 	 2.978294 	 0.760147 	 146825.246861 
71  	 7 	 14 	 4.541269 	 0.139149 	 33832.264115 
71  	 7 	 12 	 7.330144 	 0.020006 	 5143.911034 
71  	 7 	 2 	 13.601982 	 0.001273 	 330.348758 
72  	 7 	 11 	 1.759230 	 5.914157 	 502119.623812 
72  	 7 	 13 	 7.898714 	 0.008842 	 2285.966278 
72  	 7 	 10 	 12.795099 	 0.002224 	 576.940932 
72  	 7 	 15 	 11.701084 	 0.003201 	 829.850491 
72  	 7 	 9 	 3.695986 	 0.080642 	 20139.957577 
72  	 7 	 8 	 11.766987 	 0.003112 	 806.825370 
72  	 7 	 5 	 6.074589 	 0.016929 	 4359.448732 
72  	 7 	 6 	 11.611341 	 0.003257 	 844.490955 
72  	 7 	 7 	 5.847672 	 0.050798 	 12867.310264 
72  	 7 	 3 	 2.978294 	 0.760147 	 146825.246861 
72  	 7 	 14 	 4.541269 	 0.139149 	 33832.264115 
72  	 7 	 12 	 7.330144 	 0.020006 	 5143.911034 
72  	 7 	 2 	 13.601982 	 0.001273 	 330.348758 
73  	 7 	 11 	 1.759230 	 5.914157 	 502119.623812 
73  	 7 	 13 	 7.898714 	 0.008842 	 2285.966278 
73  	 7 	 10 	 12.795099 	 0.002224 	 576.940932 
73  	 7 	 15 	 11.701084 	 0.003201 	 829.850491 
73  	 7 	 9 	 3.695986 	 0.080642 	 20139.957577 
73  	 7 	 8 	 11.766987 	 0.003112 	 806.825370 
73  	 7 	 5 	 6.074589 	 0.016929 	 4359.448732 
73  	 7 	 6 	 11.611341 	 0.003257 	 844.490955 
73  	 7 	 7 	 5.847672 	 0.050798 	 12867.310264 
73  	 7 	 3 	 2.978294 	 0.760147 	 146825.246861 
73  	 7 	 14 	 4.541269 	 0.139149 	 33832.264115 
73  	 7 	 12 	 7.330144 	 0.020006 	 5143.911034 
73  	 7 	 2 	 13.601982 	 0.001273 	 330.348758 
74  	 7 	 11 	 1.759230 	 5.914157 	 502119.623812 
74  	 7 	 13 	 7.898714 	 0.008842 	 2285.966278 
74  	 7 	 10 	 12.795099 	 0.002224 	 576.940932 
74  	 7 	 15 	 11.701084 	 0.003201 	 829.850491 
74  	 7 	 9 	 3.695986 	 0.080642 	 20139.957577 
74  	 7 	 8 	 11.766987 	 0.003112 	 806.825370 
74  	 7 	 5 	 6.074589 	 0.016929 	 4359.448732 
74  	 7 	 6 	 11.611341 	 0.003257 	 844.490955 
74  	 7 	 7 	 5.847672 	 0.050798 	 12867.310264 
74  	 7 	 3 	 2.978294 	 0.760147 	 146825.246861 
74  	 7 	 14 	 4.541269 	 0.139149 	 33832.264115 
74  	 7 	 12 	 7.330144 	 0.020006 	 5143.911034 
74  	 7 	 2 	 13.601982 	 0.001273 	 330.348758 
75  	 7 	 11 	 1.759230 	 5.914157 	 502119.623812 
75  	 7 	 13 	 7.898714 	 0.008842 	 2285.966278 
75  	 7 	 10 	 12.795099 	 0.002224 	 576.940932 
75  	 7 	 15 	 11.701084 	 0.003201 	 829.850491 
75  	 7 	 9 	 3.695986 	 0.080642 	 20139.957577 
75  	 7 	 8 	 11.766987 	 0.003112 	 806.825370 
75  	 7 	 5 	 6.074589 	 0.016929 	 4359.448732 
75  	 7 	 6 	 11.611341 	 0.003257 	 844.490955 
75  	 7 	 7 	 5.847672 	 0.050798 	 12867.310264 
75  	 7 	 3 	 2.978294 	 0.760147 	 146825.246861 
75  	 7 	 14 	 4.541269 	 0.139149 	 33832.264115 
75  	 7 	 12 	 7.330144 	 0.020006 	 5143.911034 
75  	 7 	 2 	 13.601982 	 0.001273 	 330.348758 
76  	 7 	 11 	 1.759230 	 5.914157 	 502119.623812 
76  	 7 	 13 	 7.898714 	 0.008842 	 2285.966278 
76  	 7 	 10 	 12.795099 	 0.002224 	 576.940932 
76  	 7 	 15 	 11.701084 	 0.003201 	 829.850491 
76  	 7 	 9 	 3.695986 	 0.080642 	 20139.957577 
76  	 7 	 8 	 11.766987 	 0.003112 	 806.825370 
76  	 7 	 5 	 6.074589 	 0.016929 	 4359.448732 
76  	 7 	 6 	 11.611341 	 0.003257 	 844.490955 
76  	 7 	 7 	 5.847672 	 0.050798 	 12867.310264 
76  	 7 	 3 	 2.978294 	 0.760147 	 146825.246861 
76  	 7 	 14 	 4.541269 	 0.139149 	 33832.264115 
76  	 7 	 12 	 7.330144 	 0.020006 	 5143.911034 
76  	 7 	 2 	 13.601982 	 0.001273 	 330.348758 
77  	 7 	 11 	 1.759230 	 5.914157 	 502119.623812 
77  	 7 	 13 	 7.898714 	 0.008842 	 2285.966278 
77  	 7 	 10 	 12.795099 	 0.002224 	 576.940932 
77  	 7 	 15 	 11.701084 	 0.003201 	 829.850491 
77  	 7 	 9 	 3.695986 	 0.080642 	 20139.957577 
77  	 7 	 8 	 11.766987 	 0.003112 	 806.825370 
77  	 7 	 5 	 6.074589 	 0.016929 	 4359.448732 
77  	 7 	 6 	 11.611341 	 0.003257 	 844.490955 
77  	 7 	 7 	 5.847672 	 0.050798 	 12867.310264 
77  	 7 	 3 	 2.978294 	 0.760147 	 146825.246861 
77  	 7 	 14 	 4.541269 	 0.139149 	 33832.264115 
77  	 7 	 12 	 7.330144 	 0.020006 	 5143.911034 
77  	 7 	 2 	 13.601982 	 0.001273 	 330.348758 
78  	 7 	 11 	 1.759230 	 5.914157 	 502119.623812 
78  	 7 	 13 	 7.898714 	 0.008842 	 2285.966278 
78  	 7 	 10 	 12.795099 	 0.002224 	 576.940932 
78  	 7 	 15 	 11.701084 	 0.003201 	 829.850491 
78  	 7 	 9 	 3.695986 	 0.080642 	 20139.957577 
78  	 7 	 8 	 11.766987 	 0.003112 	 806.825370 
78  	 7 	 5 	 6.074589 	 0.016929 	 4359.448732 
78  	 7 	 6 	 11.611341 	 0.003257 	 844.490955 
78  	 7 	 7 	 5.847672 	 0.050798 	 12867.310264 
78  	 7 	 3 	 2.978294 	 0.760147 	 146825.246861 
78  	 7 	 14 	 4.541269 	 0.139149 	 33832.264115 
78  	 7 	 12 	 7.330144 	 0.020006 	 5143.911034 
78  	 7 	 2 	 13.601982 	 0.001273 	 330.348758 
79  	 7 	 11 	 1.759230 	 5.914157 	 502119.623812 
79  	 7 	 13 	 7.898714 	 0.008842 	 2285.966278 
79  	 7 	 10 	 12.795099 	 0.002224 	 576.940932 
79  	 7 	 15 	 11.701084 	 0.003201 	 829.850491 
79  	 7 	 9 	 3.695986 	 0.080642 	 20139.957577 
79  	 7 	 8 	 11.766987 	 0.003112 	 806.825370 
79  	 7 	 5 	 6.074589 	 0.016929 	 4359.448732 
79  	 7 	 6 	 11.611341 	 0.003257 	 844.490955 
79  	 7 	 7 	 5.847672 	 0.050798 	 12867.310264 
79  	 7 	 3 	 2.978294 	 0.760147 	 146825.246861 
79  	 7 	 14 	 4.541269 	 0.139149 	 33832.264115 
79  	 7 	 12 	 7.330144 	 0.020006 	 5143.911034 
79  	 7 	 2 	 13.601982 	 0.001273 	 330.348758 
80  	 7 	 11 	 1.759230 	 5.914157 	 502119.623812 
80  	 7 	 13 	 7.898714 	 0.008842 	 2285.966278 
80  	 7 	 10 	 12.795099 	 0.002224 	 576.940932 
80  	 7 	 15 	 11.701084 	 0.003201 	 829.850491 
80  	 7 	 9 	 3.695986 	 0.080642 	 20139.957577 
80  	 7 	 8 	 11.766987 	 0.003112 	 806.825370 
80  	 7 	 5 	 6.074589 	 0.016929 	 4359.448732 
80  	 7 	 6 	 11.611341 	 0.003257 	 844.490955 
80  	 7 	 7 	 5.847672 	 0.050798 	 12867.310264 
80  	 7 	 3 	 2.978294 	 0.760147 	 146825.246861 
80  	 7 	 14 	 4.541269 	 0.139149 	 33832.264115 
80  	 7 	 12 	 7.330144 	 0.020006 	 5143.911034 
80  	 7 	 2 	 13.601982 	 0.001273 	 330.348758 
81  	 7 	 11 	 1.759230 	 5.914157 	 502119.623812 
81  	 7 	 13 	 7.898714 	 0.008842 	 2285.966278 
81  	 7 	 10 	 12.795099 	 0.002224 	 576.940932 
81  	 7 	 15 	 11.701084 	 0.003201 	 829.850491 
81  	 7 	 9 	 3.695986 	 0.080642 	 20139.957577 
81  	 7 	 8 	 11.766987 	 0.003112 	 806.825370 
81  	 7 	 5 	 6.074589 	 0.016929 	 4359.448732 
81  	 7 	 6 	 11.611341 	 0.003257 	 844.490955 
81  	 7 	 7 	 5.847672 	 0.050798 	 12867.310264 
81  	 7 	 3 	 2.978294 	 0.760147 	 146825.246861 
81  	 7 	 14 	 4.541269 	 0.139149 	 33832.264115 
81  	 7 	 12 	 7.330144 	 0.020006 	 5143.911034 
81  	 7 	 2 	 13.601982 	 0.001273 	 330.348758 
82  	 7 	 11 	 1.759230 	 5.914157 	 502119.623812 
82  	 7 	 13 	 7.898714 	 0.008842 	 2285.966278 
82  	 7 	 10 	 12.795099 	 0.002224 	 576.940932 
82  	 7 	 15 	 11.701084 	 0.003201 	 829.850491 
82  	 7 	 9 	 3.695986 	 0.080642 	 20139.957577 
82  	 7 	 8 	 11.766987 	 0.003112 	 806.825370 
82  	 7 	 5 	 6.074589 	 0.016929 	 4359.448732 
82  	 7 	 6 	 11.611341 	 0.003257 	 844.490955 
82  	 7 	 7 	 5.847672 	 0.050798 	 12867.310264 
82  	 7 	 3 	 2.978294 	 0.760147 	 146825.246861 
82  	 7 	 14 	 4.541269 	 0.139149 	 33832.264115 
82  	 7 	 12 	 7.330144 	 0.020006 	 5143.911034 
82  	 7 	 2 	 13.601982 	 0.001273 	 330.348758 
83  	 7 	 11 	 1.759230 	 5.914157 	 502119.623812 
83  	 7 	 13 	 7.898714 	 0.008842 	 2285.966278 
83  	 7 	 10 	 12.795099 	 0.002224 	 576.940932 
83  	 7 	 15 	 11.701084 	 0.003201 	 829.850491 
83  	 7 	 9 	 3.695986 	 0.080642 	 20139.957577 
83  	 7 	 8 	 11.766987 	 0.003112 	 806.825370 
83  	 7 	 5 	 6.074589 	 0.016929 	 4359.448732 
83  	 7 	 6 	 11.611341 	 0.003257 	 844.490955 
83  	 7 	 7 	 5.847672 	 0.050798 	 12867.310264 
83  	 7 	 3 	 2.978294 	 0.760147 	 146825.246861 
83  	 7 	 14 	 4.541269 	 0.139149 	 33832.264115 
83  	 7 	 12 	 7.330144 	 0.020006 	 5143.911034 
83  	 7 	 2 	 13.601982 	 0.001273 	 330.348758 
84  	 7 	 11 	 1.759230 	 5.914157 	 502119.623812 
84  	 7 	 13 	 7.898714 	 0.008842 	 2285.966278 
84  	 7 	 10 	 12.795099 	 0.002224 	 576.940932 
84  	 7 	 15 	 11.701084 	 0.003201 	 829.850491 
84  	 7 	 9 	 3.695986 	 0.080642 	 20139.957577 
84  	 7 	 8 	 11.766987 	 0.003112 	 806.825370 
84  	 7 	 5 	 6.074589 	 0.016929 	 4359.448732 
84  	 7 	 6 	 11.611341 	 0.003257 	 844.490955 
84  	 7 	 7 	 5.847672 	 0.050798 	 12867.310264 
84  	 7 	 3 	 2.978294 	 0.760147 	 146825.246861 
84  	 7 	 14 	 4.541269 	 0.139149 	 33832.264115 
84  	 7 	 12 	 7.330144 	 0.020006 	 5143.911034 
84  	 7 	 2 	 13.601982 	 0.001273 	 330.348758 
85  	 7 	 11 	 1.759230 	 5.914157 	 502119.623812 
85  	 7 	 13 	 7.898714 	 0.008842 	 2285.966278 
85  	 7 	 10 	 12.795099 	 0.002224 	 576.940932 
85  	 7 	 15 	 11.701084 	 0.003201 	 829.850491 
85  	 7 	 9 	 3.695986 	 0.080642 	 20139.957577 
85  	 7 	 8 	 11.766987 	 0.003112 	 806.825370 
85  	 7 	 5 	 6.074589 	 0.016929 	 4359.448732 
85  	 7 	 6 	 11.611341 	 0.003257 	 844.490955 
85  	 7 	 7 	 5.847672 	 0.050798 	 12867.310264 
85  	 7 	 3 	 2.978294 	 0.760147 	 146825.246861 
85  	 7 	 14 	 4.541269 	 0.139149 	 33832.264115 
85  	 7 	 12 	 7.330144 	 0.020006 	 5143.911034 
85  	 7 	 2 	 13.601982 	 0.001273 	 330.348758 
86  	 7 	 11 	 1.759230 	 5.914157 	 502119.623812 
86  	 7 	 13 	 7.898714 	 0.008842 	 2285.966278 
86  	 7 	 10 	 12.795099 	 0.002224 	 576.940932 
86  	 7 	 15 	 11.701084 	 0.003201 	 829.850491 
86  	 7 	 9 	 3.695986 	 0.080642 	 20139.957577 
86  	 7 	 8 	 11.766987 	 0.003112 	 806.825370 
86  	 7 	 5 	 6.074589 	 0.016929 	 4359.448732 
86  	 7 	 6 	 11.611341 	 0.003257 	 844.490955 
86  	 7 	 7 	 5.847672 	 0.050798 	 12867.310264 
86  	 7 	 3 	 2.978294 	 0.760147 	 146825.246861 
86  	 7 	 14 	 4.541269 	 0.139149 	 33832.264115 
86  	 7 	 12 	 7.330144 	 0.020006 	 5143.911034 
86  	 7 	 2 	 13.601982 	 0.001273 	 330.348758 
87  	 7 	 11 	 1.759230 	 5.914157 	 502119.623812 
87  	 7 	 13 	 7.898714 	 0.008842 	 2285.966278 
87  	 7 	 10 	 12.795099 	 0.002224 	 576.940932 
87  	 7 	 15 	 11.701084 	 0.003201 	 829.850491 
87  	 7 	 9 	 3.695986 	 0.080642 	 20139.957577 
87  	 7 	 8 	 11.766987 	 0.003112 	 806.825370 
87  	 7 	 5 	 6.074589 	 0.016929 	 4359.448732 
87  	 7 	 6 	 11.611341 	 0.003257 	 844.490955 
87  	 7 	 7 	 5.847672 	 0.050798 	 12867.310264 
87  	 7 	 3 	 2.978294 	 0.760147 	 146825.246861 
87  	 7 	 14 	 4.541269 	 0.139149 	 33832.264115 
87  	 7 	 12 	 7.330144 	 0.020006 	 5143.911034 
87  	 7 	 2 	 13.601982 	 0.001273 	 330.348758 
88  	 7 	 11 	 1.759230 	 5.914157 	 502119.623812 
88  	 7 	 13 	 7.898714 	 0.008842 	 2285.966278 
88  	 7 	 10 	 12.795099 	 0.002224 	 576.940932 
88  	 7 	 15 	 11.701084 	 0.003201 	 829.850491 
88  	 7 	 9 	 3.695986 	 0.080642 	 20139.957577 
88  	 7 	 8 	 11.766987 	 0.003112 	 806.825370 
88  	 7 	 5 	 6.074589 	 0.016929 	 4359.448732 
88  	 7 	 6 	 11.611341 	 0.003257 	 844.490955 
88  	 7 	 7 	 5.847672 	 0.050798 	 12867.310264 
88  	 7 	 3 	 2.978294 	 0.760147 	 146825.246861 
88  	 7 	 14 	 4.541269 	 0.139149 	 33832.264115 
88  	 7 	 12 	 7.330144 	 0.020006 	 5143.911034 
88  	 7 	 2 	 13.601982 	 0.001273 	 330.348758 
89  	 7 	 11 	 1.759230 	 5.914157 	 502119.623812 
89  	 7 	 13 	 7.898714 	 0.008842 	 2285.966278 
89  	 7 	 10 	 12.795099 	 0.002224 	 576.940932 
89  	 7 	 15 	 11.701084 	 0.003201 	 829.850491 
89  	 7 	 9 	 3.695986 	 0.080642 	 20139.957577 
89  	 7 	 8 	 11.766987 	 0.003112 	 806.825370 
89  	 7 	 5 	 6.074589 	 0.016929 	 4359.448732 
89  	 7 	 6 	 11.611341 	 0.003257 	 844.490955 
89  	 7 	 7 	 5.847672 	 0.050798 	 12867.310264 
89  	 7 	 3 	 2.978294 	 0.760147 	 146825.246861 
89  	 7 	 14 	 4.541269 	 0.139149 	 33832.264115 
89  	 7 	 12 	 7.330144 	 0.020006 	 5143.911034 
89  	 7 	 2 	 13.601982 	 0.001273 	 330.348758 
90  	 7 	 11 	 1.759230 	 5.914157 	 502119.623812 
90  	 7 	 13 	 7.898714 	 0.008842 	 2285.966278 
90  	 7 	 10 	 12.795099 	 0.002224 	 576.940932 
90  	 7 	 15 	 11.701084 	 0.003201 	 829.850491 
90  	 7 	 9 	 3.695986 	 0.080642 	 20139.957577 
90  	 7 	 8 	 11.766987 	 0.003112 	 806.825370 
90  	 7 	 5 	 6.074589 	 0.016929 	 4359.448732 
90  	 7 	 6 	 11.611341 	 0.003257 	 844.490955 
90  	 7 	 7 	 5.847672 	 0.050798 	 12867.310264 
90  	 7 	 3 	 2.978294 	 0.760147 	 146825.246861 
90  	 7 	 14 	 4.541269 	 0.139149 	 33832.264115 
90  	 7 	 12 	 7.330144 	 0.020006 	 5143.911034 
90  	 7 	 2 	 13.601982 	 0.001273 	 330.348758 
91  	 7 	 11 	 1.759230 	 5.914157 	 502119.623812 
91  	 7 	 13 	 7.898714 	 0.008842 	 2285.966278 
91  	 7 	 10 	 12.795099 	 0.002224 	 576.940932 
91  	 7 	 15 	 11.701084 	 0.003201 	 829.850491 
91  	 7 	 9 	 3.695986 	 0.080642 	 20139.957577 
91  	 7 	 8 	 11.766987 	 0.003112 	 806.825370 
91  	 7 	 5 	 6.074589 	 0.016929 	 4359.448732 
91  	 7 	 6 	 11.611341 	 0.003257 	 844.490955 
91  	 7 	 7 	 5.847672 	 0.050798 	 12867.310264 
91  	 7 	 3 	 2.978294 	 0.760147 	 146825.246861 
91  	 7 	 14 	 4.541269 	 0.139149 	 33832.264115 
91  	 7 	 12 	 7.330144 	 0.020006 	 5143.911034 
91  	 7 	 2 	 13.601982 	 0.001273 	 330.348758 
92  	 7 	 11 	 1.759230 	 5.914157 	 502119.623812 
92  	 7 	 13 	 7.898714 	 0.008842 	 2285.966278 
92  	 7 	 10 	 12.795099 	 0.002224 	 576.940932 
92  	 7 	 15 	 11.701084 	 0.003201 	 829.850491 
92  	 7 	 9 	 3.695986 	 0.080642 	 20139.957577 
92  	 7 	 8 	 11.766987 	 0.003112 	 806.825370 
92  	 7 	 5 	 6.074589 	 0.016929 	 4359.448732 
92  	 7 	 6 	 11.611341 	 0.003257 	 844.490955 
92  	 7 	 7 	 5.847672 	 0.050798 	 12867.310264 
92  	 7 	 3 	 2.978294 	 0.760147 	 146825.246861 
92  	 7 	 14 	 4.541269 	 0.139149 	 33832.264115 
92  	 7 	 12 	 7.330144 	 0.020006 	 5143.911034 
92  	 7 	 2 	 13.601982 	 0.001273 	 330.348758 
93  	 7 	 11 	 1.759230 	 5.914157 	 502119.623812 
93  	 7 	 13 	 7.898714 	 0.008842 	 2285.966278 
93  	 7 	 10 	 12.795099 	 0.002224 	 576.940932 
93  	 7 	 15 	 11.701084 	 0.003201 	 829.850491 
93  	 7 	 9 	 3.695986 	 0.080642 	 20139.957577 
93  	 7 	 8 	 11.766987 	 0.003112 	 806.825370 
93  	 7 	 5 	 6.074589 	 0.016929 	 4359.448732 
93  	 7 	 6 	 11.611341 	 0.003257 	 844.490955 
93  	 7 	 7 	 5.847672 	 0.050798 	 12867.310264 
93  	 7 	 3 	 2.978294 	 0.760147 	 146825.246861 
93  	 7 	 14 	 4.541269 	 0.139149 	 33832.264115 
93  	 7 	 12 	 7.330144 	 0.020006 	 5143.911034 
93  	 7 	 2 	 13.601982 	 0.001273 	 330.348758 
94  	 7 	 11 	 1.759230 	 5.914157 	 502119.623812 
94  	 7 	 13 	 7.898714 	 0.008842 	 2285.966278 
94  	 7 	 10 	 12.795099 	 0.002224 	 576.940932 
94  	 7 	 15 	 11.701084 	 0.003201 	 829.850491 
94  	 7 	 9 	 3.695986 	 0.080642 	 20139.957577 
94  	 7 	 8 	 11.766987 	 0.003112 	 806.825370 
94  	 7 	 5 	 6.074589 	 0.016929 	 4359.448732 
94  	 7 	 6 	 11.611341 	 0.003257 	 844.490955 
94  	 7 	 7 	 5.847672 	 0.050798 	 12867.310264 
94  	 7 	 3 	 2.978294 	 0.760147 	 146825.246861 
94  	 7 	 14 	 4.541269 	 0.139149 	 33832.264115 
94  	 7 	 12 	 7.330144 	 0.020006 	 5143.911034 
94  	 7 	 2 	 13.601982 	 0.001273 	 330.348758 
95  	 7 	 11 	 1.759230 	 5.914157 	 502119.623812 
95  	 7 	 13 	 7.898714 	 0.008842 	 2285.966278 
95  	 7 	 10 	 12.795099 	 0.002224 	 576.940932 
95  	 7 	 15 	 11.701084 	 0.003201 	 829.850491 
95  	 7 	 9 	 3.695986 	 0.080642 	 20139.957577 
95  	 7 	 8 	 11.766987 	 0.003112 	 806.825370 
95  	 7 	 5 	 6.074589 	 0.016929 	 4359.448732 
95  	 7 	 6 	 11.611341 	 0.003257 	 844.490955 
95  	 7 	 7 	 5.847672 	 0.050798 	 12867.310264 
95  	 7 	 3 	 2.978294 	 0.760147 	 146825.246861 
95  	 7 	 14 	 4.541269 	 0.139149 	 33832.264115 
95  	 7 	 12 	 7.330144 	 0.020006 	 5143.911034 
95  	 7 	 2 	 13.601982 	 0.001273 	 330.348758 
96  	 7 	 11 	 1.759230 	 5.914157 	 502119.623812 
96  	 7 	 13 	 7.898714 	 0.008842 	 2285.966278 
96  	 7 	 10 	 12.795099 	 0.002224 	 576.940932 
96  	 7 	 15 	 11.701084 	 0.003201 	 829.850491 
96  	 7 	 9 	 3.695986 	 0.080642 	 20139.957577 
96  	 7 	 8 	 11.766987 	 0.003112 	 806.825370 
96  	 7 	 5 	 6.074589 	 0.016929 	 4359.448732 
96  	 7 	 6 	 11.611341 	 0.003257 	 844.490955 
96  	 7 	 7 	 5.847672 	 0.050798 	 12867.310264 
96  	 7 	 3 	 2.978294 	 0.760147 	 146825.246861 
96  	 7 	 14 	 4.541269 	 0.139149 	 33832.264115 
96  	 7 	 12 	 7.330144 	 0.020006 	 5143.911034 
96  	 7 	 2 	 13.601982 	 0.001273 	 330.348758 
97  	 7 	 11 	 1.759230 	 5.914157 	 502119.623812 
97  	 7 	 13 	 7.898714 	 0.008842 	 2285.966278 
97  	 7 	 10 	 12.795099 	 0.002224 	 576.940932 
97  	 7 	 15 	 11.701084 	 0.003201 	 829.850491 
97  	 7 	 9 	 3.695986 	 0.080642 	 20139.957577 
97  	 7 	 8 	 11.766987 	 0.003112 	 806.825370 
97  	 7 	 5 	 6.074589 	 0.016929 	 4359.448732 
97  	 7 	 6 	 11.611341 	 0.003257 	 844.490955 
97  	 7 	 7 	 5.847672 	 0.050798 	 12867.310264 
97  	 7 	 3 	 2.978294 	 0.760147 	 146825.246861 
97  	 7 	 14 	 4.541269 	 0.139149 	 33832.264115 
97  	 7 	 12 	 7.330144 	 0.020006 	 5143.911034 
97  	 7 	 2 	 13.601982 	 0.001273 	 330.348758 
98  	 7 	 11 	 1.759230 	 5.914157 	 502119.623812 
98  	 7 	 13 	 7.898714 	 0.008842 	 2285.966278 
98  	 7 	 10 	 12.795099 	 0.002224 	 576.940932 
98  	 7 	 15 	 11.701084 	 0.003201 	 829.850491 
98  	 7 	 9 	 3.695986 	 0.080642 	 20139.957577 
98  	 7 	 8 	 11.766987 	 0.003112 	 806.825370 
98  	 7 	 5 	 6.074589 	 0.016929 	 4359.448732 
98  	 7 	 6 	 11.611341 	 0.003257 	 844.490955 
98  	 7 	 7 	 5.847672 	 0.050798 	 12867.310264 
98  	 7 	 3 	 2.978294 	 0.760147 	 146825.246861 
98  	 7 	 14 	 4.541269 	 0.139149 	 33832.264115 
98  	 7 	 12 	 7.330144 	 0.020006 	 5143.911034 
98  	 7 	 2 	 13.601982 	 0.001273 	 330.348758 
99  	 7 	 11 	 1.759230 	 5.914157 	 502119.623812 
99  	 7 	 13 	 7.898714 	 0.008842 	 2285.966278 
99  	 7 	 10 	 12.795099 	 0.002224 	 576.940932 
99  	 7 	 15 	 11.701084 	 0.003201 	 829.850491 
99  	 7 	 9 	 3.695986 	 0.080642 	 20139.957577 
99  	 7 	 8 	 11.766987 	 0.003112 	 806.825370 
99  	 7 	 5 	 6.074589 	 0.016929 	 4359.448732 
99  	 7 	 6 	 11.611341 	 0.003257 	 844.490955 
99  	 7 	 7 	 5.847672 	 0.050798 	 12867.310264 
99  	 7 	 3 	 2.978294 	 0.760147 	 146825.246861 
99  	 7 	 14 	 4.541269 	 0.139149 	 33832.264115 
99  	 7 	 12 	 7.330144 	 0.020006 	 5143.911034 
99  	 7 	 2 	 13.601982 	 0.001273 	 330.348758 
100  	 7 	 11 	 1.759230 	 5.914157 	 502119.623812 
100  	 7 	 13 	 7.898714 	 0.008842 	 2285.966278 
100  	 7 	 10 	 12.795099 	 0.002224 	 576.940932 
100  	 7 	 15 	 11.701084 	 0.003201 	 829.850491 
100  	 7 	 9 	 3.695986 	 0.080642 	 20139.957577 
100  	 7 	 8 	 11.766987 	 0.003112 	 806.825370 
100  	 7 	 5 	 6.074589 	 0.016929 	 4359.448732 
100  	 7 	 6 	 11.611341 	 0.003257 	 844.490955 
100  	 7 	 7 	 5.847672 	 0.050798 	 12867.310264 
100  	 7 	 3 	 2.978294 	 0.760147 	 146825.246861 
100  	 7 	 14 	 4.541269 	 0.139149 	 33832.264115 
100  	 7 	 12 	 7.330144 	 0.020006 	 5143.911034 
100  	 7 	 2 	 13.601982 	 0.001273 	 330.348758 
101  	 7 	 11 	 1.759230 	 5.914157 	 502119.623812 
101  	 7 	 13 	 7.898714 	 0.008842 	 2285.966278 
101  	 7 	 10 	 12.795099 	 0.002224 	 576.940932 
101  	 7 	 15 	 11.701084 	 0.003201 	 829.850491 
101  	 7 	 9 	 3.695986 	 0.080642 	 20139.957577 
101  	 7 	 8 	 11.766987 	 0.003112 	 806.825370 
101  	 7 	 5 	 6.074589 	 0.016929 	 4359.448732 
101  	 7 	 6 	 11.611341 	 0.003257 	 844.490955 
101  	 7 	 7 	 5.847672 	 0.050798 	 12867.310264 
101  	 7 	 3 	 2.978294 	 0.760147 	 146825.246861 
101  	 7 	 14 	 4.541269 	 0.139149 	 33832.264115 
101  	 7 	 12 	 7.330144 	 0.020006 	 5143.911034 
101  	 7 	 2 	 13.601982 	 0.001273 	 330.348758 
102  	 7 	 11 	 1.759230 	 5.914157 	 502119.623812 
102  	 7 	 13 	 7.898714 	 0.008842 	 2285.966278 
102  	 7 	 10 	 12.795099 	 0.002224 	 576.940932 
102  	 7 	 15 	 11.701084 	 0.003201 	 829.850491 
102  	 7 	 9 	 3.695986 	 0.080642 	 20139.957577 
102  	 7 	 8 	 11.766987 	 0.003112 	 806.825370 
102  	 7 	 5 	 6.074589 	 0.016929 	 4359.448732 
102  	 7 	 6 	 11.611341 	 0.003257 	 844.490955 
102  	 7 	 7 	 5.847672 	 0.050798 	 12867.310264 
102  	 7 	 3 	 2.978294 	 0.760147 	 146825.246861 
102  	 7 	 14 	 4.541269 	 0.139149 	 33832.264115 
102  	 7 	 12 	 7.330144 	 0.020006 	 5143.911034 
102  	 7 	 2 	 13.601982 	 0.001273 	 330.348758 
