102 	 5 	 1  	 765256 	  	 0 	 	 0 	 	 0 
102 	 5 	 2  	 765256 	  	 0 	 	 0 	 	 0 
102 	 5 	 3  	 765256 	  	 0 	 	 0 	 	 0 
102 	 5 	 4  	 765256 	  	 0 	 	 0 	 	 0 
102 	 5 	 5  	 765256 	  	 710756 	 	 0 	 	 0 
102 	 5 	 6  	 765256 	  	 710756 	 	 710756 	 	 0 
102 	 5 	 7  	 765256 	  	 710756 	 	 710756 	 	 0 
102 	 5 	 8  	 765256 	  	 710756 	 	 710756 	 	 0 
102 	 5 	 9  	 765256 	  	 710756 	 	 710756 	 	 0 
102 	 5 	 10  	 765256 	  	 710756 	 	 710756 	 	 0 
102 	 5 	 11  	 765256 	  	 710756 	 	 710756 	 	 0 
102 	 5 	 12  	 765256 	  	 765256 	 	 710756 	 	 0 
102 	 5 	 13  	 765256 	  	 765256 	 	 765256 	 	 0 
102 	 5 	 14  	 765256 	  	 765256 	 	 765256 	 	 0 
102 	 5 	 15  	 765256 	  	 765256 	 	 765256 	 	 0 
102 	 5 	 16  	 765256 	  	 765256 	 	 765256 	 	 0 
102 	 5 	 17  	 765256 	  	 765256 	 	 765256 	 	 0 
102 	 5 	 18  	 765256 	  	 765256 	 	 765256 	 	 0 
102 	 5 	 19  	 765256 	  	 765256 	 	 765256 	 	 0 
102 	 5 	 20  	 765256 	  	 765256 	 	 765256 	 	 0 
102 	 5 	 21  	 765256 	  	 765256 	 	 765256 	 	 0 
102 	 5 	 22  	 765256 	  	 765256 	 	 765256 	 	 0 
102 	 5 	 23  	 765256 	  	 765256 	 	 765256 	 	 0 
102 	 5 	 24  	 765256 	  	 765256 	 	 765256 	 	 0 
102 	 5 	 25  	 765256 	  	 765256 	 	 765256 	 	 0 
102 	 5 	 26  	 765256 	  	 765256 	 	 765256 	 	 0 
102 	 5 	 27  	 765256 	  	 765256 	 	 765256 	 	 0 
102 	 5 	 28  	 765256 	  	 765256 	 	 765256 	 	 0 
102 	 5 	 29  	 765256 	  	 765256 	 	 765256 	 	 0 
102 	 5 	 30  	 765256 	  	 765256 	 	 765256 	 	 0 
102 	 5 	 31  	 765256 	  	 765256 	 	 765256 	 	 0 
102 	 5 	 32  	 765256 	  	 765256 	 	 765256 	 	 0 
102 	 5 	 33  	 765256 	  	 765256 	 	 765256 	 	 0 
102 	 5 	 34  	 765256 	  	 765256 	 	 765256 	 	 0 
102 	 5 	 35  	 765256 	  	 765256 	 	 765256 	 	 0 
102 	 5 	 36  	 765256 	  	 765256 	 	 765256 	 	 0 
102 	 5 	 37  	 765256 	  	 765256 	 	 765256 	 	 0 
102 	 5 	 38  	 765256 	  	 765256 	 	 765256 	 	 0 
102 	 5 	 39  	 765256 	  	 765256 	 	 765256 	 	 0 
102 	 5 	 40  	 765256 	  	 765256 	 	 765256 	 	 0 
102 	 5 	 41  	 765256 	  	 765256 	 	 765256 	 	 0 
102 	 5 	 42  	 765256 	  	 765256 	 	 765256 	 	 0 
102 	 5 	 43  	 765256 	  	 765256 	 	 765256 	 	 0 
102 	 5 	 44  	 765256 	  	 765256 	 	 765256 	 	 0 
102 	 5 	 45  	 765256 	  	 765256 	 	 765256 	 	 0 
102 	 5 	 46  	 765256 	  	 765256 	 	 765256 	 	 0 
102 	 5 	 47  	 765256 	  	 765256 	 	 765256 	 	 0 
102 	 5 	 48  	 765256 	  	 765256 	 	 765256 	 	 0 
102 	 5 	 49  	 765256 	  	 765256 	 	 765256 	 	 0 
102 	 5 	 50  	 765256 	  	 765256 	 	 765256 	 	 0 
102 	 5 	 51  	 765256 	  	 765256 	 	 765256 	 	 0 
102 	 5 	 52  	 765256 	  	 765256 	 	 765256 	 	 0 
102 	 5 	 53  	 765256 	  	 765256 	 	 765256 	 	 0 
102 	 5 	 54  	 765256 	  	 765256 	 	 765256 	 	 0 
102 	 5 	 55  	 765256 	  	 765256 	 	 765256 	 	 0 
102 	 5 	 56  	 765256 	  	 765256 	 	 765256 	 	 0 
102 	 5 	 57  	 765256 	  	 765256 	 	 765256 	 	 0 
102 	 5 	 58  	 765256 	  	 765256 	 	 765256 	 	 0 
102 	 5 	 59  	 765256 	  	 765256 	 	 765256 	 	 0 
102 	 5 	 60  	 765256 	  	 765256 	 	 765256 	 	 0 
102 	 5 	 61  	 765256 	  	 765256 	 	 765256 	 	 0 
102 	 5 	 62  	 765256 	  	 765256 	 	 765256 	 	 0 
102 	 5 	 63  	 765256 	  	 765256 	 	 765256 	 	 0 
102 	 5 	 64  	 765256 	  	 765256 	 	 765256 	 	 0 
102 	 5 	 65  	 765256 	  	 765256 	 	 765256 	 	 0 
102 	 5 	 66  	 765256 	  	 765256 	 	 765256 	 	 0 
102 	 5 	 67  	 765256 	  	 765256 	 	 765256 	 	 0 
102 	 5 	 68  	 765256 	  	 765256 	 	 765256 	 	 0 
102 	 5 	 69  	 765256 	  	 765256 	 	 765256 	 	 0 
102 	 5 	 70  	 765256 	  	 765256 	 	 765256 	 	 0 
102 	 5 	 71  	 765256 	  	 765256 	 	 765256 	 	 0 
102 	 5 	 72  	 765256 	  	 765256 	 	 765256 	 	 0 
102 	 5 	 73  	 765256 	  	 765256 	 	 765256 	 	 0 
102 	 5 	 74  	 765256 	  	 765256 	 	 765256 	 	 0 
102 	 5 	 75  	 765256 	  	 765256 	 	 765256 	 	 0 
102 	 5 	 76  	 765256 	  	 765256 	 	 765256 	 	 0 
102 	 5 	 77  	 765256 	  	 765256 	 	 765256 	 	 0 
102 	 5 	 78  	 765256 	  	 765256 	 	 765256 	 	 0 
102 	 5 	 79  	 765256 	  	 765256 	 	 765256 	 	 0 
102 	 5 	 80  	 765256 	  	 765256 	 	 765256 	 	 0 
102 	 5 	 81  	 765256 	  	 765256 	 	 765256 	 	 0 
102 	 5 	 82  	 765256 	  	 765256 	 	 765256 	 	 0 
102 	 5 	 83  	 765256 	  	 765256 	 	 765256 	 	 0 
102 	 5 	 84  	 765256 	  	 765256 	 	 765256 	 	 0 
102 	 5 	 85  	 765256 	  	 765256 	 	 765256 	 	 0 
102 	 5 	 86  	 765256 	  	 765256 	 	 765256 	 	 0 
102 	 5 	 87  	 765256 	  	 765256 	 	 765256 	 	 0 
102 	 5 	 88  	 765256 	  	 765256 	 	 765256 	 	 0 
102 	 5 	 89  	 765256 	  	 765256 	 	 765256 	 	 0 
102 	 5 	 90  	 765256 	  	 765256 	 	 765256 	 	 0 
102 	 5 	 91  	 765256 	  	 765256 	 	 765256 	 	 0 
102 	 5 	 92  	 765256 	  	 765256 	 	 765256 	 	 0 
102 	 5 	 93  	 765256 	  	 765256 	 	 765256 	 	 0 
102 	 5 	 94  	 765256 	  	 765256 	 	 765256 	 	 0 
102 	 5 	 95  	 765256 	  	 765256 	 	 765256 	 	 0 
102 	 5 	 96  	 765256 	  	 765256 	 	 765256 	 	 0 
102 	 5 	 97  	 765256 	  	 765256 	 	 765256 	 	 0 
102 	 5 	 98  	 765256 	  	 765256 	 	 765256 	 	 0 
102 	 5 	 99  	 765256 	  	 765256 	 	 765256 	 	 0 
102 	 5 	 100  	 765256 	  	 765256 	 	 765256 	 	 0 
102 	 5 	 101  	 765256 	  	 765256 	 	 765256 	 	 0 
102 	 5 	 102  	 765256 	  	 765256 	 	 765256 	 	 0 
102 	 5 	 103  	 765256 	  	 765256 	 	 765256 	 	 0 
102 	 5 	 104  	 765256 	  	 765256 	 	 765256 	 	 0 
102 	 5 	 105  	 765256 	  	 765256 	 	 765256 	 	 0 
102 	 5 	 106  	 765256 	  	 765256 	 	 765256 	 	 0 
102 	 5 	 107  	 765256 	  	 765256 	 	 765256 	 	 0 
102 	 5 	 108  	 765256 	  	 765256 	 	 765256 	 	 0 
102 	 5 	 109  	 765256 	  	 765256 	 	 765256 	 	 0 
102 	 5 	 110  	 765256 	  	 765256 	 	 765256 	 	 0 
102 	 5 	 111  	 765256 	  	 765256 	 	 765256 	 	 0 
102 	 5 	 112  	 765256 	  	 765256 	 	 765256 	 	 0 
102 	 5 	 113  	 765256 	  	 765256 	 	 765256 	 	 0 
102 	 5 	 114  	 765256 	  	 765256 	 	 765256 	 	 0 
102 	 5 	 115  	 765256 	  	 765256 	 	 765256 	 	 0 
102 	 5 	 116  	 765256 	  	 765256 	 	 765256 	 	 0 
102 	 5 	 117  	 765256 	  	 765256 	 	 765256 	 	 0 
102 	 5 	 118  	 765256 	  	 765256 	 	 765256 	 	 0 
102 	 5 	 119  	 765256 	  	 765256 	 	 765256 	 	 0 
102 	 5 	 120  	 765256 	  	 765256 	 	 765256 	 	 0 
102 	 5 	 121  	 765256 	  	 765256 	 	 765256 	 	 0 
102 	 5 	 122  	 765256 	  	 765256 	 	 765256 	 	 0 
102 	 5 	 123  	 765256 	  	 765256 	 	 765256 	 	 0 
102 	 5 	 124  	 765256 	  	 765256 	 	 765256 	 	 0 
102 	 5 	 125  	 765256 	  	 765256 	 	 765256 	 	 0 
102 	 5 	 126  	 765256 	  	 765256 	 	 765256 	 	 0 
102 	 5 	 127  	 765256 	  	 765256 	 	 765256 	 	 0 
102 	 5 	 128  	 765256 	  	 765256 	 	 765256 	 	 0 
102 	 5 	 129  	 765256 	  	 765256 	 	 765256 	 	 0 
102 	 5 	 130  	 765256 	  	 765256 	 	 765256 	 	 0 
102 	 5 	 131  	 765256 	  	 765256 	 	 765256 	 	 0 
102 	 5 	 132  	 765256 	  	 765256 	 	 765256 	 	 0 
102 	 5 	 133  	 765256 	  	 765256 	 	 765256 	 	 0 
102 	 5 	 134  	 765256 	  	 765256 	 	 765256 	 	 0 
102 	 5 	 135  	 765256 	  	 765256 	 	 765256 	 	 0 
102 	 5 	 136  	 765256 	  	 765256 	 	 765256 	 	 0 
102 	 5 	 137  	 765256 	  	 765256 	 	 765256 	 	 0 
102 	 5 	 138  	 765256 	  	 765256 	 	 765256 	 	 0 
102 	 5 	 139  	 765256 	  	 765256 	 	 765256 	 	 0 
102 	 5 	 140  	 765256 	  	 765256 	 	 765256 	 	 0 
102 	 5 	 141  	 765256 	  	 765256 	 	 765256 	 	 0 
102 	 5 	 142  	 765256 	  	 765256 	 	 765256 	 	 0 
102 	 5 	 143  	 765256 	  	 765256 	 	 765256 	 	 0 
102 	 5 	 144  	 765256 	  	 765256 	 	 765256 	 	 0 
102 	 5 	 145  	 765256 	  	 765256 	 	 765256 	 	 0 
102 	 5 	 146  	 765256 	  	 765256 	 	 765256 	 	 0 
102 	 5 	 147  	 765256 	  	 765256 	 	 765256 	 	 0 
102 	 5 	 148  	 765256 	  	 765256 	 	 765256 	 	 0 
102 	 5 	 149  	 765256 	  	 765256 	 	 765256 	 	 0 
102 	 5 	 150  	 765256 	  	 765256 	 	 765256 	 	 0 
102 	 5 	 151  	 765256 	  	 765256 	 	 765256 	 	 0 
102 	 5 	 152  	 765256 	  	 765256 	 	 765256 	 	 0 
102 	 5 	 153  	 765256 	  	 765256 	 	 765256 	 	 0 
102 	 5 	 154  	 765256 	  	 765256 	 	 765256 	 	 0 
102 	 5 	 155  	 765256 	  	 765256 	 	 765256 	 	 0 
102 	 5 	 156  	 765256 	  	 765256 	 	 765256 	 	 0 
102 	 5 	 157  	 765256 	  	 765256 	 	 765256 	 	 0 
102 	 5 	 158  	 765256 	  	 765256 	 	 765256 	 	 0 
102 	 5 	 159  	 765256 	  	 765256 	 	 765256 	 	 0 
102 	 5 	 160  	 765256 	  	 765256 	 	 765256 	 	 0 
102 	 5 	 161  	 765256 	  	 765256 	 	 765256 	 	 0 
102 	 5 	 162  	 765256 	  	 765256 	 	 765256 	 	 0 
102 	 5 	 163  	 765256 	  	 765256 	 	 765256 	 	 0 
102 	 5 	 164  	 765256 	  	 765256 	 	 765256 	 	 0 
102 	 5 	 165  	 765256 	  	 765256 	 	 765256 	 	 0 
102 	 5 	 166  	 765256 	  	 765256 	 	 765256 	 	 0 
102 	 5 	 167  	 765256 	  	 765256 	 	 765256 	 	 0 
102 	 5 	 168  	 765256 	  	 765256 	 	 765256 	 	 0 
102 	 5 	 169  	 765256 	  	 765256 	 	 765256 	 	 0 
102 	 5 	 170  	 765256 	  	 765256 	 	 765256 	 	 0 
102 	 5 	 171  	 765256 	  	 765256 	 	 765256 	 	 0 
102 	 5 	 172  	 765256 	  	 765256 	 	 765256 	 	 0 
102 	 5 	 173  	 765256 	  	 765256 	 	 765256 	 	 0 
102 	 5 	 174  	 765256 	  	 765256 	 	 765256 	 	 0 
102 	 5 	 175  	 765256 	  	 765256 	 	 765256 	 	 0 
102 	 5 	 176  	 765256 	  	 765256 	 	 765256 	 	 0 
102 	 5 	 177  	 765256 	  	 765256 	 	 765256 	 	 0 
102 	 5 	 178  	 765256 	  	 765256 	 	 765256 	 	 0 
102 	 5 	 179  	 765256 	  	 765256 	 	 765256 	 	 0 
102 	 5 	 180  	 765256 	  	 765256 	 	 765256 	 	 0 
102 	 5 	 181  	 765256 	  	 765256 	 	 765256 	 	 0 
102 	 5 	 182  	 765256 	  	 765256 	 	 765256 	 	 0 
102 	 5 	 183  	 765256 	  	 765256 	 	 765256 	 	 0 
102 	 5 	 184  	 765256 	  	 765256 	 	 765256 	 	 0 
102 	 5 	 185  	 765256 	  	 765256 	 	 765256 	 	 0 
102 	 5 	 186  	 765256 	  	 765256 	 	 765256 	 	 0 
102 	 5 	 187  	 765256 	  	 765256 	 	 765256 	 	 0 
102 	 5 	 188  	 765256 	  	 765256 	 	 765256 	 	 0 
102 	 5 	 189  	 765256 	  	 765256 	 	 765256 	 	 0 
102 	 5 	 190  	 765256 	  	 765256 	 	 765256 	 	 0 
102 	 5 	 191  	 765256 	  	 765256 	 	 765256 	 	 0 
102 	 5 	 192  	 765256 	  	 765256 	 	 765256 	 	 0 
102 	 5 	 193  	 765256 	  	 765256 	 	 765256 	 	 0 
102 	 5 	 194  	 765256 	  	 765256 	 	 765256 	 	 0 
102 	 5 	 195  	 765256 	  	 765256 	 	 765256 	 	 0 
102 	 5 	 196  	 765256 	  	 765256 	 	 765256 	 	 0 
102 	 5 	 197  	 765256 	  	 765256 	 	 765256 	 	 0 
102 	 5 	 198  	 765256 	  	 765256 	 	 765256 	 	 0 
102 	 5 	 199  	 765256 	  	 765256 	 	 765256 	 	 0 
102 	 5 	 200  	 765256 	  	 765256 	 	 765256 	 	 0 
102 	 5 	 201  	 765256 	  	 765256 	 	 765256 	 	 0 
102 	 5 	 202  	 765256 	  	 765256 	 	 765256 	 	 0 
102 	 5 	 203  	 765256 	  	 765256 	 	 765256 	 	 0 
102 	 5 	 204  	 765256 	  	 765256 	 	 765256 	 	 0 
102 	 5 	 205  	 765256 	  	 765256 	 	 765256 	 	 0 
102 	 5 	 206  	 765256 	  	 765256 	 	 765256 	 	 0 
102 	 5 	 207  	 765256 	  	 765256 	 	 765256 	 	 0 
102 	 5 	 208  	 765256 	  	 765256 	 	 765256 	 	 0 
102 	 5 	 209  	 765256 	  	 765256 	 	 765256 	 	 0 
102 	 5 	 210  	 765256 	  	 765256 	 	 765256 	 	 0 
102 	 5 	 211  	 765256 	  	 765256 	 	 765256 	 	 0 
102 	 5 	 212  	 765256 	  	 765256 	 	 765256 	 	 0 
102 	 5 	 213  	 765256 	  	 765256 	 	 765256 	 	 0 
102 	 5 	 214  	 765256 	  	 765256 	 	 765256 	 	 0 
102 	 5 	 215  	 765256 	  	 765256 	 	 765256 	 	 0 
102 	 5 	 216  	 765256 	  	 765256 	 	 765256 	 	 0 
102 	 5 	 217  	 765256 	  	 765256 	 	 765256 	 	 0 
102 	 5 	 218  	 765256 	  	 765256 	 	 765256 	 	 0 
102 	 5 	 219  	 765256 	  	 765256 	 	 765256 	 	 0 
102 	 5 	 220  	 765256 	  	 765256 	 	 765256 	 	 0 
102 	 5 	 221  	 765256 	  	 765256 	 	 765256 	 	 0 
102 	 5 	 222  	 765256 	  	 765256 	 	 765256 	 	 0 
102 	 5 	 223  	 765256 	  	 765256 	 	 765256 	 	 0 
102 	 5 	 224  	 765256 	  	 765256 	 	 765256 	 	 0 
102 	 5 	 225  	 765256 	  	 765256 	 	 765256 	 	 0 
102 	 5 	 226  	 765256 	  	 765256 	 	 765256 	 	 0 
102 	 5 	 227  	 765256 	  	 765256 	 	 765256 	 	 0 
102 	 5 	 228  	 765256 	  	 765256 	 	 765256 	 	 0 
102 	 5 	 229  	 765256 	  	 765256 	 	 765256 	 	 0 
102 	 5 	 230  	 765256 	  	 765256 	 	 765256 	 	 0 
102 	 5 	 231  	 765256 	  	 765256 	 	 765256 	 	 0 
102 	 5 	 232  	 765256 	  	 765256 	 	 765256 	 	 0 
102 	 5 	 233  	 765256 	  	 765256 	 	 765256 	 	 0 
102 	 5 	 234  	 765256 	  	 765256 	 	 765256 	 	 0 
102 	 5 	 235  	 765256 	  	 765256 	 	 765256 	 	 0 
102 	 5 	 236  	 765256 	  	 765256 	 	 765256 	 	 0 
102 	 5 	 237  	 765256 	  	 765256 	 	 765256 	 	 0 
102 	 5 	 238  	 765256 	  	 765256 	 	 765256 	 	 0 
102 	 5 	 239  	 765256 	  	 765256 	 	 765256 	 	 0 
102 	 5 	 240  	 765256 	  	 765256 	 	 765256 	 	 0 
102 	 5 	 241  	 765256 	  	 765256 	 	 765256 	 	 0 
102 	 5 	 242  	 765256 	  	 765256 	 	 765256 	 	 0 
102 	 5 	 243  	 765256 	  	 765256 	 	 765256 	 	 0 
102 	 5 	 244  	 765256 	  	 765256 	 	 765256 	 	 0 
102 	 5 	 245  	 765256 	  	 765256 	 	 765256 	 	 0 
102 	 5 	 246  	 765256 	  	 765256 	 	 765256 	 	 0 
102 	 5 	 247  	 765256 	  	 765256 	 	 765256 	 	 0 
102 	 5 	 248  	 765256 	  	 765256 	 	 765256 	 	 0 
102 	 5 	 249  	 765256 	  	 765256 	 	 765256 	 	 0 
102 	 5 	 250  	 765256 	  	 765256 	 	 765256 	 	 0 
102 	 5 	 251  	 765256 	  	 765256 	 	 765256 	 	 0 
102 	 5 	 252  	 765256 	  	 765256 	 	 765256 	 	 0 
102 	 5 	 253  	 765256 	  	 765256 	 	 765256 	 	 0 
102 	 5 	 254  	 765256 	  	 765256 	 	 765256 	 	 0 
102 	 5 	 255  	 765256 	  	 765256 	 	 765256 	 	 0 
102 	 5 	 256  	 765256 	  	 765256 	 	 765256 	 	 0 
102 	 5 	 257  	 765256 	  	 765256 	 	 765256 	 	 0 
102 	 5 	 258  	 765256 	  	 765256 	 	 765256 	 	 0 
102 	 5 	 259  	 765256 	  	 765256 	 	 765256 	 	 0 
102 	 5 	 260  	 765256 	  	 765256 	 	 765256 	 	 0 
102 	 5 	 261  	 765256 	  	 765256 	 	 765256 	 	 0 
102 	 5 	 262  	 765256 	  	 765256 	 	 765256 	 	 0 
102 	 5 	 263  	 765256 	  	 765256 	 	 765256 	 	 0 
102 	 5 	 264  	 765256 	  	 765256 	 	 765256 	 	 0 
102 	 5 	 265  	 765256 	  	 765256 	 	 765256 	 	 0 
102 	 5 	 266  	 765256 	  	 765256 	 	 765256 	 	 0 
102 	 5 	 267  	 765256 	  	 765256 	 	 765256 	 	 0 
102 	 5 	 268  	 765256 	  	 765256 	 	 765256 	 	 0 
102 	 5 	 269  	 765256 	  	 765256 	 	 765256 	 	 0 
102 	 5 	 270  	 765256 	  	 765256 	 	 765256 	 	 0 
102 	 5 	 271  	 765256 	  	 765256 	 	 765256 	 	 0 
102 	 5 	 272  	 765256 	  	 765256 	 	 765256 	 	 0 
102 	 5 	 273  	 765256 	  	 765256 	 	 765256 	 	 0 
102 	 5 	 274  	 765256 	  	 765256 	 	 765256 	 	 0 
102 	 5 	 275  	 765256 	  	 765256 	 	 765256 	 	 0 
102 	 5 	 276  	 765256 	  	 765256 	 	 765256 	 	 0 
102 	 5 	 277  	 765256 	  	 765256 	 	 765256 	 	 0 
102 	 5 	 278  	 765256 	  	 765256 	 	 765256 	 	 0 
102 	 5 	 279  	 765256 	  	 765256 	 	 765256 	 	 0 
102 	 5 	 280  	 765256 	  	 765256 	 	 765256 	 	 0 
102 	 5 	 281  	 765256 	  	 765256 	 	 765256 	 	 0 
102 	 5 	 282  	 765256 	  	 765256 	 	 765256 	 	 0 
102 	 5 	 283  	 765256 	  	 765256 	 	 765256 	 	 0 
102 	 5 	 284  	 765256 	  	 765256 	 	 765256 	 	 0 
102 	 5 	 285  	 765256 	  	 765256 	 	 765256 	 	 0 
102 	 5 	 286  	 765256 	  	 765256 	 	 765256 	 	 0 
102 	 5 	 287  	 765256 	  	 765256 	 	 765256 	 	 0 
102 	 5 	 288  	 765256 	  	 765256 	 	 765256 	 	 0 
102 	 5 	 289  	 765256 	  	 765256 	 	 765256 	 	 0 
102 	 5 	 290  	 765256 	  	 765256 	 	 765256 	 	 0 
102 	 5 	 291  	 765256 	  	 765256 	 	 765256 	 	 0 
102 	 5 	 292  	 765256 	  	 765256 	 	 765256 	 	 0 
102 	 5 	 293  	 765256 	  	 765256 	 	 765256 	 	 0 
102 	 5 	 294  	 765256 	  	 765256 	 	 765256 	 	 0 
102 	 5 	 295  	 765256 	  	 765256 	 	 765256 	 	 0 
102 	 5 	 296  	 765256 	  	 765256 	 	 765256 	 	 0 
102 	 5 	 297  	 765256 	  	 765256 	 	 765256 	 	 0 
102 	 5 	 298  	 765256 	  	 765256 	 	 765256 	 	 0 
102 	 5 	 299  	 765256 	  	 765256 	 	 765256 	 	 0 
102 	 5 	 300  	 765256 	  	 765256 	 	 765256 	 	 0 
102 	 5 	 301  	 765256 	  	 765256 	 	 765256 	 	 0 
102 	 5 	 302  	 765256 	  	 765256 	 	 765256 	 	 0 
102 	 5 	 303  	 765256 	  	 765256 	 	 765256 	 	 0 
102 	 5 	 304  	 765256 	  	 765256 	 	 765256 	 	 0 
102 	 5 	 305  	 765256 	  	 765256 	 	 765256 	 	 0 
102 	 5 	 306  	 765256 	  	 765256 	 	 765256 	 	 0 
102 	 5 	 307  	 765256 	  	 765256 	 	 765256 	 	 0 
102 	 5 	 308  	 765256 	  	 765256 	 	 765256 	 	 0 
102 	 5 	 309  	 765256 	  	 765256 	 	 765256 	 	 0 
102 	 5 	 310  	 765256 	  	 765256 	 	 765256 	 	 0 
102 	 5 	 311  	 765256 	  	 765256 	 	 765256 	 	 0 
102 	 5 	 312  	 765256 	  	 765256 	 	 765256 	 	 0 
102 	 5 	 313  	 765256 	  	 765256 	 	 765256 	 	 0 
102 	 5 	 314  	 765256 	  	 765256 	 	 765256 	 	 0 
102 	 5 	 315  	 765256 	  	 765256 	 	 765256 	 	 0 
102 	 5 	 316  	 765256 	  	 765256 	 	 765256 	 	 0 
102 	 5 	 317  	 765256 	  	 765256 	 	 765256 	 	 0 
102 	 5 	 318  	 765256 	  	 765256 	 	 765256 	 	 0 
102 	 5 	 319  	 765256 	  	 765256 	 	 765256 	 	 0 
102 	 5 	 320  	 765256 	  	 765256 	 	 765256 	 	 0 
102 	 5 	 321  	 765256 	  	 765256 	 	 765256 	 	 0 
102 	 5 	 322  	 765256 	  	 765256 	 	 765256 	 	 0 
102 	 5 	 323  	 765256 	  	 765256 	 	 765256 	 	 0 
102 	 5 	 324  	 765256 	  	 765256 	 	 765256 	 	 0 
102 	 5 	 325  	 765256 	  	 765256 	 	 765256 	 	 0 
102 	 5 	 326  	 765256 	  	 765256 	 	 765256 	 	 0 
102 	 5 	 327  	 765256 	  	 765256 	 	 765256 	 	 0 
102 	 5 	 328  	 765256 	  	 765256 	 	 765256 	 	 0 
102 	 5 	 329  	 765256 	  	 765256 	 	 765256 	 	 0 
102 	 5 	 330  	 765256 	  	 765256 	 	 765256 	 	 0 
102 	 5 	 331  	 765256 	  	 765256 	 	 765256 	 	 0 
102 	 5 	 332  	 765256 	  	 765256 	 	 765256 	 	 0 
102 	 5 	 333  	 765256 	  	 765256 	 	 765256 	 	 0 
102 	 5 	 334  	 765256 	  	 765256 	 	 765256 	 	 0 
102 	 5 	 335  	 765256 	  	 765256 	 	 765256 	 	 0 
102 	 5 	 336  	 765256 	  	 765256 	 	 765256 	 	 0 
102 	 5 	 337  	 765256 	  	 765256 	 	 765256 	 	 0 
102 	 5 	 338  	 765256 	  	 765256 	 	 765256 	 	 0 
102 	 5 	 339  	 765256 	  	 765256 	 	 765256 	 	 0 
102 	 5 	 340  	 765256 	  	 765256 	 	 765256 	 	 0 
102 	 5 	 341  	 765256 	  	 765256 	 	 765256 	 	 0 
102 	 5 	 342  	 765256 	  	 765256 	 	 765256 	 	 0 
102 	 5 	 343  	 765256 	  	 765256 	 	 765256 	 	 0 
102 	 5 	 344  	 765256 	  	 765256 	 	 765256 	 	 0 
102 	 5 	 345  	 765256 	  	 765256 	 	 765256 	 	 0 
102 	 5 	 346  	 765256 	  	 765256 	 	 765256 	 	 0 
102 	 5 	 347  	 765256 	  	 765256 	 	 765256 	 	 0 
102 	 5 	 348  	 765256 	  	 765256 	 	 765256 	 	 0 
102 	 5 	 349  	 765256 	  	 765256 	 	 765256 	 	 0 
102 	 5 	 350  	 765256 	  	 765256 	 	 765256 	 	 0 
102 	 5 	 351  	 765256 	  	 765256 	 	 765256 	 	 0 
102 	 5 	 352  	 765256 	  	 765256 	 	 765256 	 	 0 
102 	 5 	 353  	 765256 	  	 765256 	 	 765256 	 	 0 
102 	 5 	 354  	 765256 	  	 765256 	 	 765256 	 	 0 
102 	 5 	 355  	 765256 	  	 765256 	 	 765256 	 	 0 
102 	 5 	 356  	 765256 	  	 765256 	 	 765256 	 	 0 
102 	 5 	 357  	 765256 	  	 765256 	 	 765256 	 	 0 
102 	 5 	 358  	 765256 	  	 765256 	 	 765256 	 	 0 
102 	 5 	 359  	 765256 	  	 765256 	 	 765256 	 	 0 
102 	 5 	 360  	 765256 	  	 765256 	 	 765256 	 	 0 
102 	 5 	 361  	 765256 	  	 765256 	 	 765256 	 	 0 
102 	 5 	 362  	 765256 	  	 765256 	 	 765256 	 	 0 
102 	 5 	 363  	 765256 	  	 765256 	 	 765256 	 	 0 
102 	 5 	 364  	 765256 	  	 765256 	 	 765256 	 	 0 
102 	 5 	 365  	 765256 	  	 765256 	 	 765256 	 	 0 
102 	 5 	 366  	 765256 	  	 765256 	 	 765256 	 	 0 
102 	 5 	 367  	 765256 	  	 765256 	 	 765256 	 	 0 
102 	 5 	 368  	 765256 	  	 765256 	 	 765256 	 	 0 
102 	 5 	 369  	 765256 	  	 765256 	 	 765256 	 	 0 
102 	 5 	 370  	 765256 	  	 765256 	 	 765256 	 	 0 
102 	 5 	 371  	 765256 	  	 765256 	 	 765256 	 	 0 
102 	 5 	 372  	 765256 	  	 765256 	 	 765256 	 	 0 
102 	 5 	 373  	 765256 	  	 765256 	 	 765256 	 	 0 
102 	 5 	 374  	 765256 	  	 765256 	 	 765256 	 	 0 
102 	 5 	 375  	 765256 	  	 765256 	 	 765256 	 	 0 
102 	 5 	 376  	 765256 	  	 765256 	 	 765256 	 	 0 
102 	 5 	 377  	 765256 	  	 765256 	 	 765256 	 	 0 
102 	 5 	 378  	 765256 	  	 765256 	 	 765256 	 	 0 
102 	 5 	 379  	 765256 	  	 765256 	 	 765256 	 	 0 
102 	 5 	 380  	 765256 	  	 765256 	 	 765256 	 	 0 
102 	 5 	 381  	 765256 	  	 765256 	 	 765256 	 	 0 
102 	 5 	 382  	 765256 	  	 765256 	 	 765256 	 	 0 
102 	 5 	 383  	 765256 	  	 765256 	 	 765256 	 	 0 
102 	 5 	 384  	 765256 	  	 765256 	 	 765256 	 	 0 
102 	 5 	 385  	 765256 	  	 765256 	 	 765256 	 	 0 
102 	 5 	 386  	 765256 	  	 765256 	 	 765256 	 	 0 
102 	 5 	 387  	 765256 	  	 765256 	 	 765256 	 	 0 
102 	 5 	 388  	 765256 	  	 765256 	 	 765256 	 	 0 
102 	 5 	 389  	 765256 	  	 765256 	 	 765256 	 	 0 
102 	 5 	 390  	 765256 	  	 765256 	 	 765256 	 	 0 
102 	 5 	 391  	 765256 	  	 765256 	 	 765256 	 	 0 
102 	 5 	 392  	 765256 	  	 765256 	 	 765256 	 	 0 
102 	 5 	 393  	 765256 	  	 765256 	 	 765256 	 	 0 
102 	 5 	 394  	 765256 	  	 765256 	 	 765256 	 	 0 
102 	 5 	 395  	 765256 	  	 765256 	 	 765256 	 	 0 
102 	 5 	 396  	 765256 	  	 765256 	 	 765256 	 	 0 
102 	 5 	 397  	 765256 	  	 765256 	 	 765256 	 	 0 
102 	 5 	 398  	 765256 	  	 765256 	 	 765256 	 	 0 
102 	 5 	 399  	 765256 	  	 765256 	 	 765256 	 	 0 
102 	 5 	 400  	 765256 	  	 765256 	 	 765256 	 	 0 
102 	 5 	 401  	 765256 	  	 765256 	 	 765256 	 	 0 
102 	 5 	 402  	 765256 	  	 765256 	 	 765256 	 	 0 
102 	 5 	 403  	 765256 	  	 765256 	 	 765256 	 	 0 
102 	 5 	 404  	 765256 	  	 765256 	 	 765256 	 	 0 
102 	 5 	 405  	 765256 	  	 765256 	 	 765256 	 	 0 
102 	 5 	 406  	 765256 	  	 765256 	 	 765256 	 	 0 
102 	 5 	 407  	 765256 	  	 765256 	 	 765256 	 	 0 
102 	 5 	 408  	 765256 	  	 765256 	 	 765256 	 	 0 
102 	 5 	 409  	 765256 	  	 765256 	 	 765256 	 	 0 
102 	 5 	 410  	 765256 	  	 765256 	 	 765256 	 	 0 
102 	 5 	 411  	 765256 	  	 765256 	 	 765256 	 	 0 
102 	 5 	 412  	 765256 	  	 765256 	 	 765256 	 	 0 
102 	 5 	 413  	 765256 	  	 765256 	 	 765256 	 	 0 
102 	 5 	 414  	 765256 	  	 765256 	 	 765256 	 	 0 
102 	 5 	 415  	 765256 	  	 765256 	 	 765256 	 	 0 
102 	 5 	 416  	 765256 	  	 765256 	 	 765256 	 	 0 
102 	 5 	 417  	 765256 	  	 765256 	 	 765256 	 	 0 
102 	 5 	 418  	 765256 	  	 765256 	 	 765256 	 	 0 
102 	 5 	 419  	 765256 	  	 765256 	 	 765256 	 	 0 
102 	 5 	 420  	 765256 	  	 765256 	 	 765256 	 	 0 
102 	 5 	 421  	 765256 	  	 765256 	 	 765256 	 	 0 
102 	 5 	 422  	 765256 	  	 765256 	 	 765256 	 	 0 
102 	 5 	 423  	 765256 	  	 765256 	 	 765256 	 	 0 
102 	 5 	 424  	 765256 	  	 765256 	 	 765256 	 	 0 
102 	 5 	 425  	 765256 	  	 765256 	 	 765256 	 	 0 
102 	 5 	 426  	 765256 	  	 765256 	 	 765256 	 	 0 
102 	 5 	 427  	 765256 	  	 765256 	 	 765256 	 	 0 
102 	 5 	 428  	 765256 	  	 765256 	 	 765256 	 	 0 
102 	 5 	 429  	 765256 	  	 765256 	 	 765256 	 	 0 
102 	 5 	 430  	 765256 	  	 765256 	 	 765256 	 	 0 
102 	 5 	 431  	 765256 	  	 765256 	 	 765256 	 	 0 
102 	 5 	 432  	 765256 	  	 765256 	 	 765256 	 	 0 
102 	 5 	 433  	 765256 	  	 765256 	 	 765256 	 	 0 
102 	 5 	 434  	 765256 	  	 765256 	 	 765256 	 	 0 
102 	 5 	 435  	 765256 	  	 765256 	 	 765256 	 	 0 
102 	 5 	 436  	 765256 	  	 765256 	 	 765256 	 	 0 
102 	 5 	 437  	 765256 	  	 765256 	 	 765256 	 	 0 
102 	 5 	 438  	 765256 	  	 765256 	 	 765256 	 	 0 
102 	 5 	 439  	 765256 	  	 765256 	 	 765256 	 	 0 
102 	 5 	 440  	 765256 	  	 765256 	 	 765256 	 	 0 
102 	 5 	 441  	 765256 	  	 765256 	 	 765256 	 	 0 
102 	 5 	 442  	 765256 	  	 765256 	 	 765256 	 	 0 
102 	 5 	 443  	 765256 	  	 765256 	 	 765256 	 	 0 
102 	 5 	 444  	 765256 	  	 765256 	 	 765256 	 	 0 
102 	 5 	 445  	 765256 	  	 765256 	 	 765256 	 	 0 
102 	 5 	 446  	 765256 	  	 765256 	 	 765256 	 	 0 
102 	 5 	 447  	 765256 	  	 765256 	 	 765256 	 	 0 
102 	 5 	 448  	 765256 	  	 765256 	 	 765256 	 	 0 
102 	 5 	 449  	 765256 	  	 765256 	 	 765256 	 	 0 
102 	 5 	 450  	 765256 	  	 765256 	 	 765256 	 	 0 
102 	 5 	 451  	 765256 	  	 765256 	 	 765256 	 	 0 
102 	 5 	 452  	 765256 	  	 765256 	 	 765256 	 	 0 
102 	 5 	 453  	 765256 	  	 765256 	 	 765256 	 	 0 
102 	 5 	 454  	 765256 	  	 765256 	 	 765256 	 	 0 
102 	 5 	 455  	 765256 	  	 765256 	 	 765256 	 	 0 
102 	 5 	 456  	 765256 	  	 765256 	 	 765256 	 	 0 
102 	 5 	 457  	 765256 	  	 765256 	 	 765256 	 	 0 
102 	 5 	 458  	 765256 	  	 765256 	 	 765256 	 	 0 
102 	 5 	 459  	 765256 	  	 765256 	 	 765256 	 	 0 
102 	 5 	 460  	 765256 	  	 765256 	 	 765256 	 	 0 
102 	 5 	 461  	 765256 	  	 765256 	 	 765256 	 	 0 
102 	 5 	 462  	 765256 	  	 765256 	 	 765256 	 	 0 
102 	 5 	 463  	 765256 	  	 765256 	 	 765256 	 	 0 
102 	 5 	 464  	 765256 	  	 765256 	 	 765256 	 	 0 
102 	 5 	 465  	 765256 	  	 765256 	 	 765256 	 	 0 
102 	 5 	 466  	 765256 	  	 765256 	 	 765256 	 	 0 
102 	 5 	 467  	 765256 	  	 765256 	 	 765256 	 	 0 
102 	 5 	 468  	 765256 	  	 765256 	 	 765256 	 	 0 
102 	 5 	 469  	 765256 	  	 765256 	 	 765256 	 	 0 
102 	 5 	 470  	 765256 	  	 765256 	 	 765256 	 	 0 
102 	 5 	 471  	 765256 	  	 765256 	 	 765256 	 	 0 
102 	 5 	 472  	 765256 	  	 765256 	 	 765256 	 	 0 
102 	 5 	 473  	 765256 	  	 765256 	 	 765256 	 	 0 
102 	 5 	 474  	 765256 	  	 765256 	 	 765256 	 	 0 
102 	 5 	 475  	 765256 	  	 765256 	 	 765256 	 	 0 
102 	 5 	 476  	 765256 	  	 765256 	 	 765256 	 	 0 
102 	 5 	 477  	 765256 	  	 765256 	 	 765256 	 	 0 
102 	 5 	 478  	 765256 	  	 765256 	 	 765256 	 	 0 
102 	 5 	 479  	 765256 	  	 765256 	 	 765256 	 	 0 
102 	 5 	 480  	 765256 	  	 765256 	 	 765256 	 	 0 
102 	 5 	 481  	 765256 	  	 765256 	 	 765256 	 	 0 
102 	 5 	 482  	 765256 	  	 765256 	 	 765256 	 	 0 
102 	 5 	 483  	 765256 	  	 765256 	 	 765256 	 	 0 
102 	 5 	 484  	 765256 	  	 765256 	 	 765256 	 	 0 
102 	 5 	 485  	 765256 	  	 765256 	 	 765256 	 	 0 
102 	 5 	 486  	 765256 	  	 765256 	 	 765256 	 	 0 
102 	 5 	 487  	 765256 	  	 765256 	 	 765256 	 	 0 
102 	 5 	 488  	 765256 	  	 765256 	 	 765256 	 	 0 
102 	 5 	 489  	 765256 	  	 765256 	 	 765256 	 	 0 
102 	 5 	 490  	 765256 	  	 765256 	 	 765256 	 	 0 
102 	 5 	 491  	 765256 	  	 765256 	 	 765256 	 	 0 
102 	 5 	 492  	 765256 	  	 765256 	 	 765256 	 	 0 
102 	 5 	 493  	 765256 	  	 765256 	 	 765256 	 	 0 
102 	 5 	 494  	 765256 	  	 765256 	 	 765256 	 	 0 
102 	 5 	 495  	 765256 	  	 765256 	 	 765256 	 	 0 
102 	 5 	 496  	 765256 	  	 765256 	 	 765256 	 	 0 
102 	 5 	 497  	 765256 	  	 765256 	 	 765256 	 	 0 
102 	 5 	 498  	 765256 	  	 765256 	 	 765256 	 	 0 
102 	 5 	 499  	 765256 	  	 765256 	 	 765256 	 	 0 
102 	 5 	 500  	 765256 	  	 765256 	 	 765256 	 	 0 
102 	 5 	 501  	 765256 	  	 765256 	 	 765256 	 	 0 
102 	 5 	 502  	 765256 	  	 765256 	 	 765256 	 	 0 
102 	 5 	 503  	 765256 	  	 765256 	 	 765256 	 	 0 
102 	 5 	 504  	 765256 	  	 765256 	 	 765256 	 	 0 
102 	 5 	 505  	 765256 	  	 765256 	 	 765256 	 	 0 
102 	 5 	 506  	 765256 	  	 765256 	 	 765256 	 	 0 
102 	 5 	 507  	 765256 	  	 765256 	 	 765256 	 	 0 
102 	 5 	 508  	 765256 	  	 765256 	 	 765256 	 	 0 
102 	 5 	 509  	 765256 	  	 765256 	 	 765256 	 	 0 
102 	 5 	 510  	 765256 	  	 765256 	 	 765256 	 	 0 
102 	 5 	 511  	 765256 	  	 765256 	 	 765256 	 	 0 
102 	 5 	 512  	 765256 	  	 765256 	 	 765256 	 	 0 
102 	 5 	 513  	 765256 	  	 765256 	 	 765256 	 	 0 
102 	 5 	 514  	 765256 	  	 765256 	 	 765256 	 	 0 
102 	 5 	 515  	 765256 	  	 765256 	 	 765256 	 	 0 
102 	 5 	 516  	 765256 	  	 765256 	 	 765256 	 	 0 
102 	 5 	 517  	 765256 	  	 765256 	 	 765256 	 	 0 
102 	 5 	 518  	 765256 	  	 765256 	 	 765256 	 	 0 
102 	 5 	 519  	 765256 	  	 765256 	 	 765256 	 	 0 
102 	 5 	 520  	 765256 	  	 765256 	 	 765256 	 	 0 
102 	 5 	 521  	 765256 	  	 765256 	 	 765256 	 	 0 
102 	 5 	 522  	 765256 	  	 765256 	 	 765256 	 	 0 
102 	 5 	 523  	 765256 	  	 765256 	 	 765256 	 	 0 
102 	 5 	 524  	 765256 	  	 765256 	 	 765256 	 	 0 
102 	 5 	 525  	 765256 	  	 765256 	 	 765256 	 	 0 
102 	 5 	 526  	 765256 	  	 765256 	 	 765256 	 	 0 
102 	 5 	 527  	 765256 	  	 765256 	 	 765256 	 	 0 
102 	 5 	 528  	 765256 	  	 765256 	 	 765256 	 	 0 
102 	 5 	 529  	 765256 	  	 765256 	 	 765256 	 	 0 
102 	 5 	 530  	 765256 	  	 765256 	 	 765256 	 	 0 
102 	 5 	 531  	 765256 	  	 765256 	 	 765256 	 	 0 
102 	 5 	 532  	 765256 	  	 765256 	 	 765256 	 	 0 
102 	 5 	 533  	 765256 	  	 765256 	 	 765256 	 	 0 
102 	 5 	 534  	 765256 	  	 765256 	 	 765256 	 	 0 
102 	 5 	 535  	 765256 	  	 765256 	 	 765256 	 	 0 
102 	 5 	 536  	 765256 	  	 765256 	 	 765256 	 	 0 
102 	 5 	 537  	 765256 	  	 765256 	 	 765256 	 	 0 
102 	 5 	 538  	 765256 	  	 765256 	 	 765256 	 	 0 
102 	 5 	 539  	 765256 	  	 765256 	 	 765256 	 	 0 
102 	 5 	 540  	 765256 	  	 765256 	 	 765256 	 	 0 
102 	 5 	 541  	 765256 	  	 765256 	 	 765256 	 	 0 
102 	 5 	 542  	 765256 	  	 765256 	 	 765256 	 	 0 
102 	 5 	 543  	 765256 	  	 765256 	 	 765256 	 	 0 
102 	 5 	 544  	 765256 	  	 765256 	 	 765256 	 	 0 
102 	 5 	 545  	 765256 	  	 765256 	 	 765256 	 	 0 
102 	 5 	 546  	 765256 	  	 765256 	 	 765256 	 	 0 
102 	 5 	 547  	 765256 	  	 765256 	 	 765256 	 	 0 
102 	 5 	 548  	 765256 	  	 765256 	 	 765256 	 	 0 
102 	 5 	 549  	 765256 	  	 765256 	 	 765256 	 	 0 
102 	 5 	 550  	 765256 	  	 765256 	 	 765256 	 	 0 
102 	 5 	 551  	 765256 	  	 765256 	 	 765256 	 	 0 
102 	 5 	 552  	 765256 	  	 765256 	 	 765256 	 	 0 
102 	 5 	 553  	 765256 	  	 765256 	 	 765256 	 	 0 
102 	 5 	 554  	 765256 	  	 765256 	 	 765256 	 	 0 
102 	 5 	 555  	 765256 	  	 765256 	 	 765256 	 	 0 
102 	 5 	 556  	 765256 	  	 765256 	 	 765256 	 	 0 
102 	 5 	 557  	 765256 	  	 765256 	 	 765256 	 	 0 
102 	 5 	 558  	 765256 	  	 765256 	 	 765256 	 	 0 
102 	 5 	 559  	 765256 	  	 765256 	 	 765256 	 	 0 
102 	 5 	 560  	 765256 	  	 765256 	 	 765256 	 	 0 
102 	 5 	 561  	 765256 	  	 765256 	 	 765256 	 	 0 
102 	 5 	 562  	 765256 	  	 765256 	 	 765256 	 	 0 
102 	 5 	 563  	 765256 	  	 765256 	 	 765256 	 	 0 
102 	 5 	 564  	 765256 	  	 765256 	 	 765256 	 	 0 
102 	 5 	 565  	 765256 	  	 765256 	 	 765256 	 	 0 
102 	 5 	 566  	 765256 	  	 765256 	 	 765256 	 	 0 
102 	 5 	 567  	 765256 	  	 765256 	 	 765256 	 	 0 
102 	 5 	 568  	 765256 	  	 765256 	 	 765256 	 	 0 
102 	 5 	 569  	 765256 	  	 765256 	 	 765256 	 	 0 
102 	 5 	 570  	 765256 	  	 765256 	 	 765256 	 	 0 
102 	 5 	 571  	 765256 	  	 765256 	 	 765256 	 	 0 
102 	 5 	 572  	 765256 	  	 765256 	 	 765256 	 	 0 
102 	 5 	 573  	 765256 	  	 765256 	 	 765256 	 	 0 
102 	 5 	 574  	 765256 	  	 765256 	 	 765256 	 	 0 
102 	 5 	 575  	 765256 	  	 765256 	 	 765256 	 	 0 
102 	 5 	 576  	 765256 	  	 765256 	 	 765256 	 	 0 
102 	 5 	 577  	 765256 	  	 765256 	 	 765256 	 	 0 
102 	 5 	 578  	 765256 	  	 765256 	 	 765256 	 	 0 
102 	 5 	 579  	 765256 	  	 765256 	 	 765256 	 	 0 
102 	 5 	 580  	 765256 	  	 765256 	 	 765256 	 	 0 
102 	 5 	 581  	 765256 	  	 765256 	 	 765256 	 	 0 
102 	 5 	 582  	 765256 	  	 765256 	 	 765256 	 	 0 
102 	 5 	 583  	 765256 	  	 765256 	 	 765256 	 	 0 
102 	 5 	 584  	 765256 	  	 765256 	 	 765256 	 	 0 
102 	 5 	 585  	 765256 	  	 765256 	 	 765256 	 	 0 
102 	 5 	 586  	 765256 	  	 765256 	 	 765256 	 	 0 
102 	 5 	 587  	 765256 	  	 765256 	 	 765256 	 	 0 
102 	 5 	 588  	 765256 	  	 765256 	 	 765256 	 	 0 
102 	 5 	 589  	 765256 	  	 765256 	 	 765256 	 	 0 
102 	 5 	 590  	 765256 	  	 765256 	 	 765256 	 	 0 
102 	 5 	 591  	 765256 	  	 765256 	 	 765256 	 	 0 
102 	 5 	 592  	 765256 	  	 765256 	 	 765256 	 	 0 
102 	 5 	 593  	 765256 	  	 765256 	 	 765256 	 	 0 
102 	 5 	 594  	 765256 	  	 765256 	 	 765256 	 	 0 
102 	 5 	 595  	 765256 	  	 765256 	 	 765256 	 	 0 
102 	 5 	 596  	 765256 	  	 765256 	 	 765256 	 	 0 
102 	 5 	 597  	 765256 	  	 765256 	 	 765256 	 	 0 
102 	 5 	 598  	 765256 	  	 765256 	 	 765256 	 	 0 
102 	 5 	 599  	 765256 	  	 765256 	 	 765256 	 	 0 
102 	 5 	 600  	 765256 	  	 765256 	 	 765256 	 	 0 
102 	 5 	 601  	 765256 	  	 765256 	 	 765256 	 	 0 
102 	 5 	 602  	 765256 	  	 765256 	 	 765256 	 	 0 
102 	 5 	 603  	 765256 	  	 765256 	 	 765256 	 	 0 
102 	 5 	 604  	 765256 	  	 765256 	 	 765256 	 	 0 
102 	 5 	 605  	 765256 	  	 765256 	 	 765256 	 	 0 
102 	 5 	 606  	 765256 	  	 765256 	 	 765256 	 	 0 
102 	 5 	 607  	 765256 	  	 765256 	 	 765256 	 	 0 
102 	 5 	 608  	 765256 	  	 765256 	 	 765256 	 	 0 
102 	 5 	 609  	 765256 	  	 765256 	 	 765256 	 	 0 
102 	 5 	 610  	 765256 	  	 765256 	 	 765256 	 	 0 
102 	 5 	 611  	 765256 	  	 765256 	 	 765256 	 	 0 
102 	 5 	 612  	 765256 	  	 765256 	 	 765256 	 	 0 
102 	 5 	 613  	 765256 	  	 765256 	 	 765256 	 	 0 
102 	 5 	 614  	 765256 	  	 765256 	 	 765256 	 	 0 
102 	 5 	 615  	 765256 	  	 765256 	 	 765256 	 	 0 
102 	 5 	 616  	 765256 	  	 765256 	 	 765256 	 	 0 
102 	 5 	 617  	 765256 	  	 765256 	 	 765256 	 	 0 
102 	 5 	 618  	 765256 	  	 765256 	 	 765256 	 	 0 
102 	 5 	 619  	 765256 	  	 765256 	 	 765256 	 	 0 
102 	 5 	 620  	 765256 	  	 765256 	 	 765256 	 	 0 
102 	 5 	 621  	 765256 	  	 765256 	 	 765256 	 	 0 
102 	 5 	 622  	 765256 	  	 765256 	 	 765256 	 	 0 
102 	 5 	 623  	 765256 	  	 765256 	 	 765256 	 	 0 
102 	 5 	 624  	 765256 	  	 765256 	 	 765256 	 	 0 
102 	 5 	 625  	 765256 	  	 765256 	 	 765256 	 	 0 
102 	 5 	 626  	 765256 	  	 765256 	 	 765256 	 	 0 
102 	 5 	 627  	 765256 	  	 765256 	 	 765256 	 	 0 
102 	 5 	 628  	 765256 	  	 765256 	 	 765256 	 	 0 
102 	 5 	 629  	 765256 	  	 765256 	 	 765256 	 	 0 
102 	 5 	 630  	 765256 	  	 765256 	 	 765256 	 	 0 
102 	 5 	 631  	 765256 	  	 765256 	 	 765256 	 	 0 
102 	 5 	 632  	 765256 	  	 765256 	 	 765256 	 	 0 
102 	 5 	 633  	 765256 	  	 765256 	 	 765256 	 	 0 
102 	 5 	 634  	 765256 	  	 765256 	 	 765256 	 	 0 
102 	 5 	 635  	 765256 	  	 765256 	 	 765256 	 	 0 
102 	 5 	 636  	 765256 	  	 765256 	 	 765256 	 	 0 
102 	 5 	 637  	 765256 	  	 765256 	 	 765256 	 	 0 
102 	 5 	 638  	 765256 	  	 765256 	 	 765256 	 	 0 
102 	 5 	 639  	 765256 	  	 765256 	 	 765256 	 	 0 
102 	 5 	 640  	 765256 	  	 765256 	 	 765256 	 	 0 
102 	 5 	 641  	 765256 	  	 765256 	 	 765256 	 	 0 
102 	 5 	 642  	 765256 	  	 765256 	 	 765256 	 	 0 
102 	 5 	 643  	 765256 	  	 765256 	 	 765256 	 	 0 
102 	 5 	 644  	 765256 	  	 765256 	 	 765256 	 	 0 
102 	 5 	 645  	 765256 	  	 765256 	 	 765256 	 	 0 
102 	 5 	 646  	 765256 	  	 765256 	 	 765256 	 	 0 
102 	 5 	 647  	 765256 	  	 765256 	 	 765256 	 	 0 
102 	 5 	 648  	 765256 	  	 765256 	 	 765256 	 	 0 
102 	 5 	 649  	 765256 	  	 765256 	 	 765256 	 	 0 
102 	 5 	 650  	 765256 	  	 765256 	 	 765256 	 	 0 
102 	 5 	 651  	 765256 	  	 765256 	 	 765256 	 	 0 
102 	 5 	 652  	 765256 	  	 765256 	 	 765256 	 	 0 
102 	 5 	 653  	 765256 	  	 765256 	 	 765256 	 	 0 
102 	 5 	 654  	 765256 	  	 765256 	 	 765256 	 	 0 
102 	 5 	 655  	 765256 	  	 765256 	 	 765256 	 	 0 
102 	 5 	 656  	 765256 	  	 765256 	 	 765256 	 	 0 
102 	 5 	 657  	 765256 	  	 765256 	 	 765256 	 	 0 
102 	 5 	 658  	 765256 	  	 765256 	 	 765256 	 	 0 
102 	 5 	 659  	 765256 	  	 765256 	 	 765256 	 	 0 
102 	 5 	 660  	 765256 	  	 765256 	 	 765256 	 	 0 
102 	 5 	 661  	 765256 	  	 765256 	 	 765256 	 	 0 
102 	 5 	 662  	 765256 	  	 765256 	 	 765256 	 	 0 
102 	 5 	 663  	 765256 	  	 765256 	 	 765256 	 	 0 
102 	 5 	 664  	 765256 	  	 765256 	 	 765256 	 	 0 
102 	 5 	 665  	 765256 	  	 765256 	 	 765256 	 	 0 
102 	 5 	 666  	 765256 	  	 765256 	 	 765256 	 	 0 
102 	 5 	 667  	 765256 	  	 765256 	 	 765256 	 	 0 
102 	 5 	 668  	 765256 	  	 765256 	 	 765256 	 	 0 
102 	 5 	 669  	 765256 	  	 765256 	 	 765256 	 	 0 
102 	 5 	 670  	 765256 	  	 765256 	 	 765256 	 	 0 
102 	 5 	 671  	 765256 	  	 765256 	 	 765256 	 	 0 
102 	 5 	 672  	 765256 	  	 765256 	 	 765256 	 	 0 
102 	 5 	 673  	 765256 	  	 765256 	 	 765256 	 	 0 
102 	 5 	 674  	 765256 	  	 765256 	 	 765256 	 	 0 
102 	 5 	 675  	 765256 	  	 765256 	 	 765256 	 	 0 
102 	 5 	 676  	 765256 	  	 765256 	 	 765256 	 	 0 
102 	 5 	 677  	 765256 	  	 765256 	 	 765256 	 	 0 
102 	 5 	 678  	 765256 	  	 765256 	 	 765256 	 	 0 
102 	 5 	 679  	 765256 	  	 765256 	 	 765256 	 	 0 
102 	 5 	 680  	 765256 	  	 765256 	 	 765256 	 	 0 
102 	 5 	 681  	 765256 	  	 765256 	 	 765256 	 	 0 
102 	 5 	 682  	 765256 	  	 765256 	 	 765256 	 	 0 
102 	 5 	 683  	 765256 	  	 765256 	 	 765256 	 	 0 
102 	 5 	 684  	 765256 	  	 765256 	 	 765256 	 	 0 
102 	 5 	 685  	 765256 	  	 765256 	 	 765256 	 	 0 
102 	 5 	 686  	 765256 	  	 765256 	 	 765256 	 	 0 
102 	 5 	 687  	 765256 	  	 765256 	 	 765256 	 	 0 
102 	 5 	 688  	 765256 	  	 765256 	 	 765256 	 	 0 
102 	 5 	 689  	 765256 	  	 765256 	 	 765256 	 	 0 
102 	 5 	 690  	 765256 	  	 765256 	 	 765256 	 	 0 
102 	 5 	 691  	 765256 	  	 765256 	 	 765256 	 	 0 
102 	 5 	 692  	 765256 	  	 765256 	 	 765256 	 	 0 
102 	 5 	 693  	 765256 	  	 765256 	 	 765256 	 	 0 
102 	 5 	 694  	 765256 	  	 765256 	 	 765256 	 	 0 
102 	 5 	 695  	 765256 	  	 765256 	 	 765256 	 	 0 
102 	 5 	 696  	 765256 	  	 765256 	 	 765256 	 	 0 
102 	 5 	 697  	 765256 	  	 765256 	 	 765256 	 	 0 
102 	 5 	 698  	 765256 	  	 765256 	 	 765256 	 	 0 
102 	 5 	 699  	 765256 	  	 765256 	 	 765256 	 	 0 
102 	 5 	 700  	 765256 	  	 765256 	 	 765256 	 	 0 
102 	 5 	 701  	 765256 	  	 765256 	 	 765256 	 	 0 
102 	 5 	 702  	 765256 	  	 765256 	 	 765256 	 	 0 
102 	 5 	 703  	 765256 	  	 765256 	 	 765256 	 	 0 
102 	 5 	 704  	 765256 	  	 765256 	 	 765256 	 	 0 
102 	 5 	 705  	 765256 	  	 765256 	 	 765256 	 	 0 
102 	 5 	 706  	 765256 	  	 765256 	 	 765256 	 	 0 
102 	 5 	 707  	 765256 	  	 765256 	 	 765256 	 	 0 
102 	 5 	 708  	 765256 	  	 765256 	 	 765256 	 	 0 
102 	 5 	 709  	 765256 	  	 765256 	 	 765256 	 	 0 
102 	 5 	 710  	 765256 	  	 765256 	 	 765256 	 	 0 
102 	 5 	 711  	 765256 	  	 765256 	 	 765256 	 	 0 
102 	 5 	 712  	 765256 	  	 765256 	 	 765256 	 	 0 
102 	 5 	 713  	 765256 	  	 765256 	 	 765256 	 	 0 
102 	 5 	 714  	 765256 	  	 765256 	 	 765256 	 	 0 
