102 	 1 	 1  	 131501 	  	 127135 	 	 0 	 	 0 
102 	 1 	 2  	 131501 	  	 127135 	 	 127135 	 	 0 
102 	 1 	 3  	 131501 	  	 127135 	 	 127135 	 	 0 
102 	 1 	 4  	 131501 	  	 127135 	 	 127135 	 	 0 
102 	 1 	 5  	 131501 	  	 127135 	 	 127135 	 	 0 
102 	 1 	 6  	 131501 	  	 127135 	 	 127135 	 	 0 
102 	 1 	 7  	 131501 	  	 127135 	 	 127135 	 	 0 
102 	 1 	 8  	 131501 	  	 131501 	 	 127135 	 	 0 
102 	 1 	 9  	 131501 	  	 131501 	 	 131501 	 	 0 
102 	 1 	 10  	 131501 	  	 131501 	 	 131501 	 	 0 
102 	 1 	 11  	 131501 	  	 131501 	 	 131501 	 	 0 
102 	 1 	 12  	 131501 	  	 131501 	 	 131501 	 	 0 
102 	 1 	 13  	 131501 	  	 131501 	 	 131501 	 	 0 
102 	 1 	 14  	 131501 	  	 131501 	 	 131501 	 	 0 
102 	 1 	 15  	 131501 	  	 131501 	 	 131501 	 	 0 
102 	 1 	 16  	 131501 	  	 131501 	 	 131501 	 	 0 
102 	 1 	 17  	 131501 	  	 131501 	 	 131501 	 	 0 
102 	 1 	 18  	 131501 	  	 131501 	 	 131501 	 	 0 
102 	 1 	 19  	 131501 	  	 131501 	 	 131501 	 	 0 
102 	 1 	 20  	 131501 	  	 131501 	 	 131501 	 	 0 
102 	 1 	 21  	 131501 	  	 131501 	 	 131501 	 	 0 
102 	 1 	 22  	 131501 	  	 131501 	 	 131501 	 	 0 
102 	 1 	 23  	 131501 	  	 131501 	 	 131501 	 	 0 
102 	 1 	 24  	 131501 	  	 131501 	 	 131501 	 	 0 
102 	 1 	 25  	 131501 	  	 131501 	 	 131501 	 	 0 
102 	 1 	 26  	 131501 	  	 131501 	 	 131501 	 	 0 
102 	 1 	 27  	 131501 	  	 131501 	 	 131501 	 	 0 
102 	 1 	 28  	 131501 	  	 131501 	 	 131501 	 	 0 
102 	 1 	 29  	 131501 	  	 131501 	 	 131501 	 	 0 
102 	 1 	 30  	 131501 	  	 131501 	 	 131501 	 	 0 
102 	 1 	 31  	 131501 	  	 131501 	 	 131501 	 	 0 
102 	 1 	 32  	 131501 	  	 131501 	 	 131501 	 	 0 
102 	 1 	 33  	 131501 	  	 131501 	 	 131501 	 	 0 
102 	 1 	 34  	 131501 	  	 131501 	 	 131501 	 	 0 
102 	 1 	 35  	 131501 	  	 131501 	 	 131501 	 	 0 
102 	 1 	 36  	 131501 	  	 131501 	 	 131501 	 	 0 
102 	 1 	 37  	 131501 	  	 131501 	 	 131501 	 	 0 
102 	 1 	 38  	 131501 	  	 131501 	 	 131501 	 	 0 
102 	 1 	 39  	 131501 	  	 131501 	 	 131501 	 	 0 
102 	 1 	 40  	 131501 	  	 131501 	 	 131501 	 	 0 
102 	 1 	 41  	 131501 	  	 131501 	 	 131501 	 	 0 
102 	 1 	 42  	 131501 	  	 131501 	 	 131501 	 	 0 
102 	 1 	 43  	 131501 	  	 131501 	 	 131501 	 	 0 
102 	 1 	 44  	 131501 	  	 131501 	 	 131501 	 	 0 
102 	 1 	 45  	 131501 	  	 131501 	 	 131501 	 	 0 
102 	 1 	 46  	 131501 	  	 131501 	 	 131501 	 	 0 
102 	 1 	 47  	 131501 	  	 131501 	 	 131501 	 	 0 
102 	 1 	 48  	 131501 	  	 131501 	 	 131501 	 	 0 
102 	 1 	 49  	 131501 	  	 131501 	 	 131501 	 	 0 
102 	 1 	 50  	 131501 	  	 131501 	 	 131501 	 	 0 
102 	 1 	 51  	 131501 	  	 131501 	 	 131501 	 	 0 
102 	 1 	 52  	 131501 	  	 131501 	 	 131501 	 	 0 
102 	 1 	 53  	 131501 	  	 131501 	 	 131501 	 	 0 
102 	 1 	 54  	 131501 	  	 131501 	 	 131501 	 	 0 
102 	 1 	 55  	 131501 	  	 131501 	 	 131501 	 	 0 
102 	 1 	 56  	 131501 	  	 131501 	 	 131501 	 	 0 
102 	 1 	 57  	 131501 	  	 131501 	 	 131501 	 	 0 
102 	 1 	 58  	 131501 	  	 131501 	 	 131501 	 	 0 
102 	 1 	 59  	 131501 	  	 131501 	 	 131501 	 	 0 
102 	 1 	 60  	 131501 	  	 131501 	 	 131501 	 	 0 
102 	 1 	 61  	 131501 	  	 131501 	 	 131501 	 	 0 
102 	 1 	 62  	 131501 	  	 131501 	 	 131501 	 	 0 
102 	 1 	 63  	 131501 	  	 131501 	 	 131501 	 	 0 
102 	 1 	 64  	 131501 	  	 131501 	 	 131501 	 	 0 
102 	 1 	 65  	 131501 	  	 131501 	 	 131501 	 	 0 
102 	 1 	 66  	 131501 	  	 131501 	 	 131501 	 	 0 
102 	 1 	 67  	 131501 	  	 131501 	 	 131501 	 	 0 
102 	 1 	 68  	 131501 	  	 131501 	 	 131501 	 	 0 
102 	 1 	 69  	 131501 	  	 131501 	 	 131501 	 	 0 
102 	 1 	 70  	 131501 	  	 131501 	 	 131501 	 	 0 
102 	 1 	 71  	 131501 	  	 131501 	 	 131501 	 	 0 
102 	 1 	 72  	 131501 	  	 131501 	 	 131501 	 	 0 
102 	 1 	 73  	 131501 	  	 131501 	 	 131501 	 	 0 
102 	 1 	 74  	 131501 	  	 131501 	 	 131501 	 	 0 
102 	 1 	 75  	 131501 	  	 131501 	 	 131501 	 	 0 
102 	 1 	 76  	 131501 	  	 131501 	 	 131501 	 	 0 
102 	 1 	 77  	 131501 	  	 131501 	 	 131501 	 	 0 
102 	 1 	 78  	 131501 	  	 131501 	 	 131501 	 	 0 
102 	 1 	 79  	 131501 	  	 131501 	 	 131501 	 	 0 
102 	 1 	 80  	 131501 	  	 131501 	 	 131501 	 	 0 
102 	 1 	 81  	 131501 	  	 131501 	 	 131501 	 	 0 
102 	 1 	 82  	 131501 	  	 131501 	 	 131501 	 	 0 
102 	 1 	 83  	 131501 	  	 131501 	 	 131501 	 	 0 
102 	 1 	 84  	 131501 	  	 131501 	 	 131501 	 	 0 
102 	 1 	 85  	 131501 	  	 131501 	 	 131501 	 	 0 
102 	 1 	 86  	 131501 	  	 131501 	 	 131501 	 	 0 
102 	 1 	 87  	 131501 	  	 131501 	 	 131501 	 	 0 
102 	 1 	 88  	 131501 	  	 131501 	 	 131501 	 	 0 
102 	 1 	 89  	 131501 	  	 131501 	 	 131501 	 	 0 
102 	 1 	 90  	 131501 	  	 131501 	 	 131501 	 	 0 
102 	 1 	 91  	 131501 	  	 131501 	 	 131501 	 	 0 
102 	 1 	 92  	 131501 	  	 131501 	 	 131501 	 	 0 
102 	 1 	 93  	 131501 	  	 131501 	 	 131501 	 	 0 
102 	 1 	 94  	 131501 	  	 131501 	 	 131501 	 	 0 
102 	 1 	 95  	 131501 	  	 131501 	 	 131501 	 	 0 
102 	 1 	 96  	 131501 	  	 131501 	 	 131501 	 	 0 
102 	 1 	 97  	 131501 	  	 131501 	 	 131501 	 	 0 
102 	 1 	 98  	 131501 	  	 131501 	 	 131501 	 	 0 
102 	 1 	 99  	 131501 	  	 131501 	 	 131501 	 	 0 
102 	 1 	 100  	 131501 	  	 131501 	 	 131501 	 	 0 
102 	 1 	 101  	 131501 	  	 131501 	 	 131501 	 	 0 
102 	 1 	 102  	 131501 	  	 131501 	 	 131501 	 	 0 
102 	 1 	 103  	 131501 	  	 131501 	 	 131501 	 	 0 
102 	 1 	 104  	 131501 	  	 131501 	 	 131501 	 	 0 
102 	 1 	 105  	 131501 	  	 131501 	 	 131501 	 	 0 
102 	 1 	 106  	 131501 	  	 131501 	 	 131501 	 	 0 
102 	 1 	 107  	 131501 	  	 131501 	 	 131501 	 	 0 
102 	 1 	 108  	 131501 	  	 131501 	 	 131501 	 	 0 
102 	 1 	 109  	 131501 	  	 131501 	 	 131501 	 	 0 
102 	 1 	 110  	 131501 	  	 131501 	 	 131501 	 	 0 
102 	 1 	 111  	 131501 	  	 131501 	 	 131501 	 	 0 
102 	 1 	 112  	 131501 	  	 131501 	 	 131501 	 	 0 
102 	 1 	 113  	 131501 	  	 131501 	 	 131501 	 	 0 
102 	 1 	 114  	 131501 	  	 131501 	 	 131501 	 	 0 
102 	 1 	 115  	 131501 	  	 131501 	 	 131501 	 	 0 
102 	 1 	 116  	 131501 	  	 131501 	 	 131501 	 	 0 
102 	 1 	 117  	 131501 	  	 131501 	 	 131501 	 	 0 
102 	 1 	 118  	 131501 	  	 131501 	 	 131501 	 	 0 
102 	 1 	 119  	 131501 	  	 131501 	 	 131501 	 	 0 
102 	 1 	 120  	 131501 	  	 131501 	 	 131501 	 	 0 
102 	 1 	 121  	 131501 	  	 131501 	 	 131501 	 	 0 
102 	 1 	 122  	 131501 	  	 131501 	 	 131501 	 	 0 
102 	 1 	 123  	 131501 	  	 131501 	 	 131501 	 	 0 
102 	 1 	 124  	 131501 	  	 131501 	 	 131501 	 	 0 
102 	 1 	 125  	 131501 	  	 131501 	 	 131501 	 	 0 
102 	 1 	 126  	 131501 	  	 131501 	 	 131501 	 	 0 
102 	 1 	 127  	 131501 	  	 131501 	 	 131501 	 	 0 
102 	 1 	 128  	 131501 	  	 131501 	 	 131501 	 	 0 
102 	 1 	 129  	 131501 	  	 131501 	 	 131501 	 	 0 
102 	 1 	 130  	 131501 	  	 131501 	 	 131501 	 	 0 
102 	 1 	 131  	 131501 	  	 131501 	 	 131501 	 	 0 
102 	 1 	 132  	 131501 	  	 131501 	 	 131501 	 	 0 
102 	 1 	 133  	 131501 	  	 131501 	 	 131501 	 	 0 
102 	 1 	 134  	 131501 	  	 131501 	 	 131501 	 	 0 
102 	 1 	 135  	 131501 	  	 131501 	 	 131501 	 	 0 
102 	 1 	 136  	 131501 	  	 131501 	 	 131501 	 	 0 
102 	 1 	 137  	 131501 	  	 131501 	 	 131501 	 	 0 
102 	 1 	 138  	 131501 	  	 131501 	 	 131501 	 	 0 
102 	 1 	 139  	 131501 	  	 131501 	 	 131501 	 	 0 
102 	 1 	 140  	 131501 	  	 131501 	 	 131501 	 	 0 
102 	 1 	 141  	 131501 	  	 131501 	 	 131501 	 	 0 
102 	 1 	 142  	 131501 	  	 131501 	 	 131501 	 	 0 
102 	 1 	 143  	 131501 	  	 131501 	 	 131501 	 	 0 
102 	 1 	 144  	 131501 	  	 131501 	 	 131501 	 	 0 
102 	 1 	 145  	 131501 	  	 131501 	 	 131501 	 	 0 
102 	 1 	 146  	 131501 	  	 131501 	 	 131501 	 	 0 
102 	 1 	 147  	 131501 	  	 131501 	 	 131501 	 	 0 
102 	 1 	 148  	 131501 	  	 131501 	 	 131501 	 	 0 
102 	 1 	 149  	 131501 	  	 131501 	 	 131501 	 	 0 
102 	 1 	 150  	 131501 	  	 131501 	 	 131501 	 	 0 
102 	 1 	 151  	 131501 	  	 131501 	 	 131501 	 	 0 
102 	 1 	 152  	 131501 	  	 131501 	 	 131501 	 	 0 
102 	 1 	 153  	 131501 	  	 131501 	 	 131501 	 	 0 
102 	 1 	 154  	 131501 	  	 131501 	 	 131501 	 	 0 
102 	 1 	 155  	 131501 	  	 131501 	 	 131501 	 	 0 
102 	 1 	 156  	 131501 	  	 131501 	 	 131501 	 	 0 
102 	 1 	 157  	 131501 	  	 131501 	 	 131501 	 	 0 
102 	 1 	 158  	 131501 	  	 131501 	 	 131501 	 	 0 
102 	 1 	 159  	 131501 	  	 131501 	 	 131501 	 	 0 
102 	 1 	 160  	 131501 	  	 131501 	 	 131501 	 	 0 
102 	 1 	 161  	 131501 	  	 131501 	 	 131501 	 	 0 
102 	 1 	 162  	 131501 	  	 131501 	 	 131501 	 	 0 
102 	 1 	 163  	 131501 	  	 131501 	 	 131501 	 	 0 
102 	 1 	 164  	 131501 	  	 131501 	 	 131501 	 	 0 
102 	 1 	 165  	 131501 	  	 131501 	 	 131501 	 	 0 
102 	 1 	 166  	 131501 	  	 131501 	 	 131501 	 	 0 
102 	 1 	 167  	 131501 	  	 131501 	 	 131501 	 	 0 
102 	 1 	 168  	 131501 	  	 131501 	 	 131501 	 	 0 
102 	 1 	 169  	 131501 	  	 131501 	 	 131501 	 	 0 
102 	 1 	 170  	 131501 	  	 131501 	 	 131501 	 	 0 
102 	 1 	 171  	 131501 	  	 131501 	 	 131501 	 	 0 
102 	 1 	 172  	 131501 	  	 131501 	 	 131501 	 	 0 
102 	 1 	 173  	 131501 	  	 131501 	 	 131501 	 	 0 
102 	 1 	 174  	 131501 	  	 131501 	 	 131501 	 	 0 
102 	 1 	 175  	 131501 	  	 131501 	 	 131501 	 	 0 
102 	 1 	 176  	 131501 	  	 131501 	 	 131501 	 	 0 
102 	 1 	 177  	 131501 	  	 131501 	 	 131501 	 	 0 
102 	 1 	 178  	 131501 	  	 131501 	 	 131501 	 	 0 
102 	 1 	 179  	 131501 	  	 131501 	 	 131501 	 	 0 
102 	 1 	 180  	 131501 	  	 131501 	 	 131501 	 	 0 
102 	 1 	 181  	 131501 	  	 131501 	 	 131501 	 	 0 
102 	 1 	 182  	 131501 	  	 131501 	 	 131501 	 	 0 
102 	 1 	 183  	 131501 	  	 131501 	 	 131501 	 	 0 
102 	 1 	 184  	 131501 	  	 131501 	 	 131501 	 	 0 
102 	 1 	 185  	 131501 	  	 131501 	 	 131501 	 	 0 
102 	 1 	 186  	 131501 	  	 131501 	 	 131501 	 	 0 
102 	 1 	 187  	 131501 	  	 131501 	 	 131501 	 	 0 
102 	 1 	 188  	 131501 	  	 131501 	 	 131501 	 	 0 
102 	 1 	 189  	 131501 	  	 131501 	 	 131501 	 	 0 
102 	 1 	 190  	 131501 	  	 131501 	 	 131501 	 	 0 
102 	 1 	 191  	 131501 	  	 131501 	 	 131501 	 	 0 
102 	 1 	 192  	 131501 	  	 131501 	 	 131501 	 	 0 
102 	 1 	 193  	 131501 	  	 131501 	 	 131501 	 	 0 
102 	 1 	 194  	 131501 	  	 131501 	 	 131501 	 	 0 
102 	 1 	 195  	 131501 	  	 131501 	 	 131501 	 	 0 
102 	 1 	 196  	 131501 	  	 131501 	 	 131501 	 	 0 
102 	 1 	 197  	 131501 	  	 131501 	 	 131501 	 	 0 
102 	 1 	 198  	 131501 	  	 131501 	 	 131501 	 	 0 
102 	 1 	 199  	 131501 	  	 131501 	 	 131501 	 	 0 
102 	 1 	 200  	 131501 	  	 131501 	 	 131501 	 	 0 
102 	 1 	 201  	 131501 	  	 131501 	 	 131501 	 	 0 
102 	 1 	 202  	 131501 	  	 131501 	 	 131501 	 	 0 
102 	 1 	 203  	 131501 	  	 131501 	 	 131501 	 	 0 
102 	 1 	 204  	 131501 	  	 131501 	 	 131501 	 	 0 
102 	 1 	 205  	 131501 	  	 131501 	 	 131501 	 	 0 
102 	 1 	 206  	 131501 	  	 131501 	 	 131501 	 	 0 
102 	 1 	 207  	 131501 	  	 131501 	 	 131501 	 	 0 
102 	 1 	 208  	 131501 	  	 131501 	 	 131501 	 	 0 
102 	 1 	 209  	 131501 	  	 131501 	 	 131501 	 	 0 
102 	 1 	 210  	 131501 	  	 131501 	 	 131501 	 	 0 
102 	 1 	 211  	 131501 	  	 131501 	 	 131501 	 	 0 
102 	 1 	 212  	 131501 	  	 131501 	 	 131501 	 	 0 
102 	 1 	 213  	 131501 	  	 131501 	 	 131501 	 	 0 
102 	 1 	 214  	 131501 	  	 131501 	 	 131501 	 	 0 
102 	 1 	 215  	 131501 	  	 131501 	 	 131501 	 	 0 
102 	 1 	 216  	 131501 	  	 131501 	 	 131501 	 	 0 
102 	 1 	 217  	 131501 	  	 131501 	 	 131501 	 	 0 
102 	 1 	 218  	 131501 	  	 131501 	 	 131501 	 	 0 
102 	 1 	 219  	 131501 	  	 131501 	 	 131501 	 	 0 
102 	 1 	 220  	 131501 	  	 131501 	 	 131501 	 	 0 
102 	 1 	 221  	 131501 	  	 131501 	 	 131501 	 	 0 
102 	 1 	 222  	 131501 	  	 131501 	 	 131501 	 	 0 
102 	 1 	 223  	 131501 	  	 131501 	 	 131501 	 	 0 
102 	 1 	 224  	 131501 	  	 131501 	 	 131501 	 	 0 
102 	 1 	 225  	 131501 	  	 131501 	 	 131501 	 	 0 
102 	 1 	 226  	 131501 	  	 131501 	 	 131501 	 	 0 
102 	 1 	 227  	 131501 	  	 131501 	 	 131501 	 	 0 
102 	 1 	 228  	 131501 	  	 131501 	 	 131501 	 	 0 
102 	 1 	 229  	 131501 	  	 131501 	 	 131501 	 	 0 
102 	 1 	 230  	 131501 	  	 131501 	 	 131501 	 	 0 
102 	 1 	 231  	 131501 	  	 131501 	 	 131501 	 	 0 
102 	 1 	 232  	 131501 	  	 131501 	 	 131501 	 	 0 
102 	 1 	 233  	 131501 	  	 131501 	 	 131501 	 	 0 
102 	 1 	 234  	 131501 	  	 131501 	 	 131501 	 	 0 
102 	 1 	 235  	 131501 	  	 131501 	 	 131501 	 	 0 
102 	 1 	 236  	 131501 	  	 131501 	 	 131501 	 	 0 
102 	 1 	 237  	 131501 	  	 131501 	 	 131501 	 	 0 
102 	 1 	 238  	 131501 	  	 131501 	 	 131501 	 	 0 
102 	 1 	 239  	 131501 	  	 131501 	 	 131501 	 	 0 
102 	 1 	 240  	 131501 	  	 131501 	 	 131501 	 	 0 
102 	 1 	 241  	 131501 	  	 131501 	 	 131501 	 	 0 
102 	 1 	 242  	 131501 	  	 131501 	 	 131501 	 	 0 
102 	 1 	 243  	 131501 	  	 131501 	 	 131501 	 	 0 
102 	 1 	 244  	 131501 	  	 131501 	 	 131501 	 	 0 
102 	 1 	 245  	 131501 	  	 131501 	 	 131501 	 	 0 
102 	 1 	 246  	 131501 	  	 131501 	 	 131501 	 	 0 
102 	 1 	 247  	 131501 	  	 131501 	 	 131501 	 	 0 
102 	 1 	 248  	 131501 	  	 131501 	 	 131501 	 	 0 
102 	 1 	 249  	 131501 	  	 131501 	 	 131501 	 	 0 
102 	 1 	 250  	 131501 	  	 131501 	 	 131501 	 	 0 
102 	 1 	 251  	 131501 	  	 131501 	 	 131501 	 	 0 
102 	 1 	 252  	 131501 	  	 131501 	 	 131501 	 	 0 
102 	 1 	 253  	 131501 	  	 131501 	 	 131501 	 	 0 
102 	 1 	 254  	 131501 	  	 131501 	 	 131501 	 	 0 
102 	 1 	 255  	 131501 	  	 131501 	 	 131501 	 	 0 
102 	 1 	 256  	 131501 	  	 131501 	 	 131501 	 	 0 
102 	 1 	 257  	 131501 	  	 131501 	 	 131501 	 	 0 
102 	 1 	 258  	 131501 	  	 131501 	 	 131501 	 	 0 
102 	 1 	 259  	 131501 	  	 131501 	 	 131501 	 	 0 
102 	 1 	 260  	 131501 	  	 131501 	 	 131501 	 	 0 
102 	 1 	 261  	 131501 	  	 131501 	 	 131501 	 	 0 
102 	 1 	 262  	 131501 	  	 131501 	 	 131501 	 	 0 
102 	 1 	 263  	 131501 	  	 131501 	 	 131501 	 	 0 
102 	 1 	 264  	 131501 	  	 131501 	 	 131501 	 	 0 
102 	 1 	 265  	 131501 	  	 131501 	 	 131501 	 	 0 
102 	 1 	 266  	 131501 	  	 131501 	 	 131501 	 	 0 
102 	 1 	 267  	 131501 	  	 131501 	 	 131501 	 	 0 
102 	 1 	 268  	 131501 	  	 131501 	 	 131501 	 	 0 
102 	 1 	 269  	 131501 	  	 131501 	 	 131501 	 	 0 
102 	 1 	 270  	 131501 	  	 131501 	 	 131501 	 	 0 
102 	 1 	 271  	 131501 	  	 131501 	 	 131501 	 	 0 
102 	 1 	 272  	 131501 	  	 131501 	 	 131501 	 	 0 
102 	 1 	 273  	 131501 	  	 131501 	 	 131501 	 	 0 
102 	 1 	 274  	 131501 	  	 131501 	 	 131501 	 	 0 
102 	 1 	 275  	 131501 	  	 131501 	 	 131501 	 	 0 
102 	 1 	 276  	 131501 	  	 131501 	 	 131501 	 	 0 
102 	 1 	 277  	 131501 	  	 131501 	 	 131501 	 	 0 
102 	 1 	 278  	 131501 	  	 131501 	 	 131501 	 	 0 
102 	 1 	 279  	 131501 	  	 131501 	 	 131501 	 	 0 
102 	 1 	 280  	 131501 	  	 131501 	 	 131501 	 	 0 
102 	 1 	 281  	 131501 	  	 131501 	 	 131501 	 	 0 
102 	 1 	 282  	 131501 	  	 131501 	 	 131501 	 	 0 
102 	 1 	 283  	 131501 	  	 131501 	 	 131501 	 	 0 
102 	 1 	 284  	 131501 	  	 131501 	 	 131501 	 	 0 
102 	 1 	 285  	 131501 	  	 131501 	 	 131501 	 	 0 
102 	 1 	 286  	 131501 	  	 131501 	 	 131501 	 	 0 
102 	 1 	 287  	 131501 	  	 131501 	 	 131501 	 	 0 
102 	 1 	 288  	 131501 	  	 131501 	 	 131501 	 	 0 
102 	 1 	 289  	 131501 	  	 131501 	 	 131501 	 	 0 
102 	 1 	 290  	 131501 	  	 131501 	 	 131501 	 	 0 
102 	 1 	 291  	 131501 	  	 131501 	 	 131501 	 	 0 
102 	 1 	 292  	 131501 	  	 131501 	 	 131501 	 	 0 
102 	 1 	 293  	 131501 	  	 131501 	 	 131501 	 	 0 
102 	 1 	 294  	 131501 	  	 131501 	 	 131501 	 	 0 
102 	 1 	 295  	 131501 	  	 131501 	 	 131501 	 	 0 
102 	 1 	 296  	 131501 	  	 131501 	 	 131501 	 	 0 
102 	 1 	 297  	 131501 	  	 131501 	 	 131501 	 	 0 
102 	 1 	 298  	 131501 	  	 131501 	 	 131501 	 	 0 
102 	 1 	 299  	 131501 	  	 131501 	 	 131501 	 	 0 
102 	 1 	 300  	 131501 	  	 131501 	 	 131501 	 	 0 
102 	 1 	 301  	 131501 	  	 131501 	 	 131501 	 	 0 
102 	 1 	 302  	 131501 	  	 131501 	 	 131501 	 	 0 
102 	 1 	 303  	 131501 	  	 131501 	 	 131501 	 	 0 
102 	 1 	 304  	 131501 	  	 131501 	 	 131501 	 	 0 
102 	 1 	 305  	 131501 	  	 131501 	 	 131501 	 	 0 
102 	 1 	 306  	 131501 	  	 131501 	 	 131501 	 	 0 
102 	 1 	 307  	 131501 	  	 131501 	 	 131501 	 	 0 
102 	 1 	 308  	 131501 	  	 131501 	 	 131501 	 	 0 
102 	 1 	 309  	 131501 	  	 131501 	 	 131501 	 	 0 
102 	 1 	 310  	 131501 	  	 131501 	 	 131501 	 	 0 
102 	 1 	 311  	 131501 	  	 131501 	 	 131501 	 	 0 
102 	 1 	 312  	 131501 	  	 131501 	 	 131501 	 	 0 
102 	 1 	 313  	 131501 	  	 131501 	 	 131501 	 	 0 
102 	 1 	 314  	 131501 	  	 131501 	 	 131501 	 	 0 
102 	 1 	 315  	 131501 	  	 131501 	 	 131501 	 	 0 
102 	 1 	 316  	 131501 	  	 131501 	 	 131501 	 	 0 
102 	 1 	 317  	 131501 	  	 131501 	 	 131501 	 	 0 
102 	 1 	 318  	 131501 	  	 131501 	 	 131501 	 	 0 
102 	 1 	 319  	 131501 	  	 131501 	 	 131501 	 	 0 
102 	 1 	 320  	 131501 	  	 131501 	 	 131501 	 	 0 
102 	 1 	 321  	 131501 	  	 131501 	 	 131501 	 	 0 
102 	 1 	 322  	 131501 	  	 131501 	 	 131501 	 	 0 
102 	 1 	 323  	 131501 	  	 131501 	 	 131501 	 	 0 
102 	 1 	 324  	 131501 	  	 131501 	 	 131501 	 	 0 
102 	 1 	 325  	 131501 	  	 131501 	 	 131501 	 	 0 
102 	 1 	 326  	 131501 	  	 131501 	 	 131501 	 	 0 
102 	 1 	 327  	 131501 	  	 131501 	 	 131501 	 	 0 
102 	 1 	 328  	 131501 	  	 131501 	 	 131501 	 	 0 
102 	 1 	 329  	 131501 	  	 131501 	 	 131501 	 	 0 
102 	 1 	 330  	 131501 	  	 131501 	 	 131501 	 	 0 
102 	 1 	 331  	 131501 	  	 131501 	 	 131501 	 	 0 
102 	 1 	 332  	 131501 	  	 131501 	 	 131501 	 	 0 
102 	 1 	 333  	 131501 	  	 131501 	 	 131501 	 	 0 
102 	 1 	 334  	 131501 	  	 131501 	 	 131501 	 	 0 
102 	 1 	 335  	 131501 	  	 131501 	 	 131501 	 	 0 
102 	 1 	 336  	 131501 	  	 131501 	 	 131501 	 	 0 
102 	 1 	 337  	 131501 	  	 131501 	 	 131501 	 	 0 
102 	 1 	 338  	 131501 	  	 131501 	 	 131501 	 	 0 
102 	 1 	 339  	 131501 	  	 131501 	 	 131501 	 	 0 
102 	 1 	 340  	 131501 	  	 131501 	 	 131501 	 	 0 
102 	 1 	 341  	 131501 	  	 131501 	 	 131501 	 	 0 
102 	 1 	 342  	 131501 	  	 131501 	 	 131501 	 	 0 
102 	 1 	 343  	 131501 	  	 131501 	 	 131501 	 	 0 
102 	 1 	 344  	 131501 	  	 131501 	 	 131501 	 	 0 
102 	 1 	 345  	 131501 	  	 131501 	 	 131501 	 	 0 
102 	 1 	 346  	 131501 	  	 131501 	 	 131501 	 	 0 
102 	 1 	 347  	 131501 	  	 131501 	 	 131501 	 	 0 
102 	 1 	 348  	 131501 	  	 131501 	 	 131501 	 	 0 
102 	 1 	 349  	 131501 	  	 131501 	 	 131501 	 	 0 
102 	 1 	 350  	 131501 	  	 131501 	 	 131501 	 	 0 
102 	 1 	 351  	 131501 	  	 131501 	 	 131501 	 	 0 
102 	 1 	 352  	 131501 	  	 131501 	 	 131501 	 	 0 
102 	 1 	 353  	 131501 	  	 131501 	 	 131501 	 	 0 
102 	 1 	 354  	 131501 	  	 131501 	 	 131501 	 	 0 
102 	 1 	 355  	 131501 	  	 131501 	 	 131501 	 	 0 
102 	 1 	 356  	 131501 	  	 131501 	 	 131501 	 	 0 
102 	 1 	 357  	 131501 	  	 131501 	 	 131501 	 	 0 
102 	 1 	 358  	 131501 	  	 131501 	 	 131501 	 	 0 
102 	 1 	 359  	 131501 	  	 131501 	 	 131501 	 	 0 
102 	 1 	 360  	 131501 	  	 131501 	 	 131501 	 	 0 
102 	 1 	 361  	 131501 	  	 131501 	 	 131501 	 	 0 
102 	 1 	 362  	 131501 	  	 131501 	 	 131501 	 	 0 
102 	 1 	 363  	 131501 	  	 131501 	 	 131501 	 	 0 
102 	 1 	 364  	 131501 	  	 131501 	 	 131501 	 	 0 
102 	 1 	 365  	 131501 	  	 131501 	 	 131501 	 	 0 
102 	 1 	 366  	 131501 	  	 131501 	 	 131501 	 	 0 
102 	 1 	 367  	 131501 	  	 131501 	 	 131501 	 	 0 
102 	 1 	 368  	 131501 	  	 131501 	 	 131501 	 	 0 
102 	 1 	 369  	 131501 	  	 131501 	 	 131501 	 	 0 
102 	 1 	 370  	 131501 	  	 131501 	 	 131501 	 	 0 
102 	 1 	 371  	 131501 	  	 131501 	 	 131501 	 	 0 
102 	 1 	 372  	 131501 	  	 131501 	 	 131501 	 	 0 
102 	 1 	 373  	 131501 	  	 131501 	 	 131501 	 	 0 
102 	 1 	 374  	 131501 	  	 131501 	 	 131501 	 	 0 
102 	 1 	 375  	 131501 	  	 131501 	 	 131501 	 	 0 
102 	 1 	 376  	 131501 	  	 131501 	 	 131501 	 	 0 
102 	 1 	 377  	 131501 	  	 131501 	 	 131501 	 	 0 
102 	 1 	 378  	 131501 	  	 131501 	 	 131501 	 	 0 
102 	 1 	 379  	 131501 	  	 131501 	 	 131501 	 	 0 
102 	 1 	 380  	 131501 	  	 131501 	 	 131501 	 	 0 
102 	 1 	 381  	 131501 	  	 131501 	 	 131501 	 	 0 
102 	 1 	 382  	 131501 	  	 131501 	 	 131501 	 	 0 
102 	 1 	 383  	 131501 	  	 131501 	 	 131501 	 	 0 
102 	 1 	 384  	 131501 	  	 131501 	 	 131501 	 	 0 
102 	 1 	 385  	 131501 	  	 131501 	 	 131501 	 	 0 
102 	 1 	 386  	 131501 	  	 131501 	 	 131501 	 	 0 
102 	 1 	 387  	 131501 	  	 131501 	 	 131501 	 	 0 
102 	 1 	 388  	 131501 	  	 131501 	 	 131501 	 	 0 
102 	 1 	 389  	 131501 	  	 131501 	 	 131501 	 	 0 
102 	 1 	 390  	 131501 	  	 131501 	 	 131501 	 	 0 
102 	 1 	 391  	 131501 	  	 131501 	 	 131501 	 	 0 
102 	 1 	 392  	 131501 	  	 131501 	 	 131501 	 	 0 
102 	 1 	 393  	 131501 	  	 131501 	 	 131501 	 	 0 
102 	 1 	 394  	 131501 	  	 131501 	 	 131501 	 	 0 
102 	 1 	 395  	 131501 	  	 131501 	 	 131501 	 	 0 
102 	 1 	 396  	 131501 	  	 131501 	 	 131501 	 	 0 
102 	 1 	 397  	 131501 	  	 131501 	 	 131501 	 	 0 
102 	 1 	 398  	 131501 	  	 131501 	 	 131501 	 	 0 
102 	 1 	 399  	 131501 	  	 131501 	 	 131501 	 	 0 
102 	 1 	 400  	 131501 	  	 131501 	 	 131501 	 	 0 
102 	 1 	 401  	 131501 	  	 131501 	 	 131501 	 	 0 
102 	 1 	 402  	 131501 	  	 131501 	 	 131501 	 	 0 
102 	 1 	 403  	 131501 	  	 131501 	 	 131501 	 	 0 
102 	 1 	 404  	 131501 	  	 131501 	 	 131501 	 	 0 
102 	 1 	 405  	 131501 	  	 131501 	 	 131501 	 	 0 
102 	 1 	 406  	 131501 	  	 131501 	 	 131501 	 	 0 
102 	 1 	 407  	 131501 	  	 131501 	 	 131501 	 	 0 
102 	 1 	 408  	 131501 	  	 131501 	 	 131501 	 	 0 
102 	 1 	 409  	 131501 	  	 131501 	 	 131501 	 	 0 
102 	 1 	 410  	 131501 	  	 131501 	 	 131501 	 	 0 
102 	 1 	 411  	 131501 	  	 131501 	 	 131501 	 	 0 
102 	 1 	 412  	 131501 	  	 131501 	 	 131501 	 	 0 
102 	 1 	 413  	 131501 	  	 131501 	 	 131501 	 	 0 
102 	 1 	 414  	 131501 	  	 131501 	 	 131501 	 	 0 
102 	 1 	 415  	 131501 	  	 131501 	 	 131501 	 	 0 
102 	 1 	 416  	 131501 	  	 131501 	 	 131501 	 	 0 
102 	 1 	 417  	 131501 	  	 131501 	 	 131501 	 	 0 
102 	 1 	 418  	 131501 	  	 131501 	 	 131501 	 	 0 
102 	 1 	 419  	 131501 	  	 131501 	 	 131501 	 	 0 
102 	 1 	 420  	 131501 	  	 131501 	 	 131501 	 	 0 
102 	 1 	 421  	 131501 	  	 131501 	 	 131501 	 	 0 
102 	 1 	 422  	 131501 	  	 131501 	 	 131501 	 	 0 
102 	 1 	 423  	 131501 	  	 131501 	 	 131501 	 	 0 
102 	 1 	 424  	 131501 	  	 131501 	 	 131501 	 	 0 
102 	 1 	 425  	 131501 	  	 131501 	 	 131501 	 	 0 
102 	 1 	 426  	 131501 	  	 131501 	 	 131501 	 	 0 
102 	 1 	 427  	 131501 	  	 131501 	 	 131501 	 	 0 
102 	 1 	 428  	 131501 	  	 131501 	 	 131501 	 	 0 
102 	 1 	 429  	 131501 	  	 131501 	 	 131501 	 	 0 
102 	 1 	 430  	 131501 	  	 131501 	 	 131501 	 	 0 
102 	 1 	 431  	 131501 	  	 131501 	 	 131501 	 	 0 
102 	 1 	 432  	 131501 	  	 131501 	 	 131501 	 	 0 
102 	 1 	 433  	 131501 	  	 131501 	 	 131501 	 	 0 
102 	 1 	 434  	 131501 	  	 131501 	 	 131501 	 	 0 
102 	 1 	 435  	 131501 	  	 131501 	 	 131501 	 	 0 
102 	 1 	 436  	 131501 	  	 131501 	 	 131501 	 	 0 
102 	 1 	 437  	 131501 	  	 131501 	 	 131501 	 	 0 
102 	 1 	 438  	 131501 	  	 131501 	 	 131501 	 	 0 
102 	 1 	 439  	 131501 	  	 131501 	 	 131501 	 	 0 
102 	 1 	 440  	 131501 	  	 131501 	 	 131501 	 	 0 
102 	 1 	 441  	 131501 	  	 131501 	 	 131501 	 	 0 
102 	 1 	 442  	 131501 	  	 131501 	 	 131501 	 	 0 
102 	 1 	 443  	 131501 	  	 131501 	 	 131501 	 	 0 
102 	 1 	 444  	 131501 	  	 131501 	 	 131501 	 	 0 
102 	 1 	 445  	 131501 	  	 131501 	 	 131501 	 	 0 
102 	 1 	 446  	 131501 	  	 131501 	 	 131501 	 	 0 
102 	 1 	 447  	 131501 	  	 131501 	 	 131501 	 	 0 
102 	 1 	 448  	 131501 	  	 131501 	 	 131501 	 	 0 
102 	 1 	 449  	 131501 	  	 131501 	 	 131501 	 	 0 
102 	 1 	 450  	 131501 	  	 131501 	 	 131501 	 	 0 
102 	 1 	 451  	 131501 	  	 131501 	 	 131501 	 	 0 
102 	 1 	 452  	 131501 	  	 131501 	 	 131501 	 	 0 
102 	 1 	 453  	 131501 	  	 131501 	 	 131501 	 	 0 
102 	 1 	 454  	 131501 	  	 131501 	 	 131501 	 	 0 
102 	 1 	 455  	 131501 	  	 131501 	 	 131501 	 	 0 
102 	 1 	 456  	 131501 	  	 131501 	 	 131501 	 	 0 
102 	 1 	 457  	 131501 	  	 131501 	 	 131501 	 	 0 
102 	 1 	 458  	 131501 	  	 131501 	 	 131501 	 	 0 
102 	 1 	 459  	 131501 	  	 131501 	 	 131501 	 	 0 
102 	 1 	 460  	 131501 	  	 131501 	 	 131501 	 	 0 
102 	 1 	 461  	 131501 	  	 131501 	 	 131501 	 	 0 
102 	 1 	 462  	 131501 	  	 131501 	 	 131501 	 	 0 
102 	 1 	 463  	 131501 	  	 131501 	 	 131501 	 	 0 
102 	 1 	 464  	 131501 	  	 131501 	 	 131501 	 	 0 
102 	 1 	 465  	 131501 	  	 131501 	 	 131501 	 	 0 
102 	 1 	 466  	 131501 	  	 131501 	 	 131501 	 	 0 
102 	 1 	 467  	 131501 	  	 131501 	 	 131501 	 	 0 
102 	 1 	 468  	 131501 	  	 131501 	 	 131501 	 	 0 
102 	 1 	 469  	 131501 	  	 131501 	 	 131501 	 	 0 
102 	 1 	 470  	 131501 	  	 131501 	 	 131501 	 	 0 
102 	 1 	 471  	 131501 	  	 131501 	 	 131501 	 	 0 
102 	 1 	 472  	 131501 	  	 131501 	 	 131501 	 	 0 
102 	 1 	 473  	 131501 	  	 131501 	 	 131501 	 	 0 
102 	 1 	 474  	 131501 	  	 131501 	 	 131501 	 	 0 
102 	 1 	 475  	 131501 	  	 131501 	 	 131501 	 	 0 
102 	 1 	 476  	 131501 	  	 131501 	 	 131501 	 	 0 
102 	 1 	 477  	 131501 	  	 131501 	 	 131501 	 	 0 
102 	 1 	 478  	 131501 	  	 131501 	 	 131501 	 	 0 
102 	 1 	 479  	 131501 	  	 131501 	 	 131501 	 	 0 
102 	 1 	 480  	 131501 	  	 131501 	 	 131501 	 	 0 
102 	 1 	 481  	 131501 	  	 131501 	 	 131501 	 	 0 
102 	 1 	 482  	 131501 	  	 131501 	 	 131501 	 	 0 
102 	 1 	 483  	 131501 	  	 131501 	 	 131501 	 	 0 
102 	 1 	 484  	 131501 	  	 131501 	 	 131501 	 	 0 
102 	 1 	 485  	 131501 	  	 131501 	 	 131501 	 	 0 
102 	 1 	 486  	 131501 	  	 131501 	 	 131501 	 	 0 
102 	 1 	 487  	 131501 	  	 131501 	 	 131501 	 	 0 
102 	 1 	 488  	 131501 	  	 131501 	 	 131501 	 	 0 
102 	 1 	 489  	 131501 	  	 131501 	 	 131501 	 	 0 
102 	 1 	 490  	 131501 	  	 131501 	 	 131501 	 	 0 
102 	 1 	 491  	 131501 	  	 131501 	 	 131501 	 	 0 
102 	 1 	 492  	 131501 	  	 131501 	 	 131501 	 	 0 
102 	 1 	 493  	 131501 	  	 131501 	 	 131501 	 	 0 
102 	 1 	 494  	 131501 	  	 131501 	 	 131501 	 	 0 
102 	 1 	 495  	 131501 	  	 131501 	 	 131501 	 	 0 
102 	 1 	 496  	 131501 	  	 131501 	 	 131501 	 	 0 
102 	 1 	 497  	 131501 	  	 131501 	 	 131501 	 	 0 
102 	 1 	 498  	 131501 	  	 131501 	 	 131501 	 	 0 
102 	 1 	 499  	 131501 	  	 131501 	 	 131501 	 	 0 
102 	 1 	 500  	 131501 	  	 131501 	 	 131501 	 	 0 
102 	 1 	 501  	 131501 	  	 131501 	 	 131501 	 	 0 
102 	 1 	 502  	 131501 	  	 131501 	 	 131501 	 	 0 
102 	 1 	 503  	 131501 	  	 131501 	 	 131501 	 	 0 
102 	 1 	 504  	 131501 	  	 131501 	 	 131501 	 	 0 
102 	 1 	 505  	 131501 	  	 131501 	 	 131501 	 	 0 
102 	 1 	 506  	 131501 	  	 131501 	 	 131501 	 	 0 
102 	 1 	 507  	 131501 	  	 131501 	 	 131501 	 	 0 
102 	 1 	 508  	 131501 	  	 131501 	 	 131501 	 	 0 
102 	 1 	 509  	 131501 	  	 131501 	 	 131501 	 	 0 
102 	 1 	 510  	 131501 	  	 131501 	 	 131501 	 	 0 
102 	 1 	 511  	 131501 	  	 131501 	 	 131501 	 	 0 
102 	 1 	 512  	 131501 	  	 131501 	 	 131501 	 	 0 
102 	 1 	 513  	 131501 	  	 131501 	 	 131501 	 	 0 
102 	 1 	 514  	 131501 	  	 131501 	 	 131501 	 	 0 
102 	 1 	 515  	 131501 	  	 131501 	 	 131501 	 	 0 
102 	 1 	 516  	 131501 	  	 131501 	 	 131501 	 	 0 
102 	 1 	 517  	 131501 	  	 131501 	 	 131501 	 	 0 
102 	 1 	 518  	 131501 	  	 131501 	 	 131501 	 	 0 
102 	 1 	 519  	 131501 	  	 131501 	 	 131501 	 	 0 
102 	 1 	 520  	 131501 	  	 131501 	 	 131501 	 	 0 
102 	 1 	 521  	 131501 	  	 131501 	 	 131501 	 	 0 
102 	 1 	 522  	 131501 	  	 131501 	 	 131501 	 	 0 
102 	 1 	 523  	 131501 	  	 131501 	 	 131501 	 	 0 
102 	 1 	 524  	 131501 	  	 131501 	 	 131501 	 	 0 
102 	 1 	 525  	 131501 	  	 131501 	 	 131501 	 	 0 
102 	 1 	 526  	 131501 	  	 131501 	 	 131501 	 	 0 
102 	 1 	 527  	 131501 	  	 131501 	 	 131501 	 	 0 
102 	 1 	 528  	 131501 	  	 131501 	 	 131501 	 	 0 
102 	 1 	 529  	 131501 	  	 131501 	 	 131501 	 	 0 
102 	 1 	 530  	 131501 	  	 131501 	 	 131501 	 	 0 
102 	 1 	 531  	 131501 	  	 131501 	 	 131501 	 	 0 
102 	 1 	 532  	 131501 	  	 131501 	 	 131501 	 	 0 
102 	 1 	 533  	 131501 	  	 131501 	 	 131501 	 	 0 
102 	 1 	 534  	 131501 	  	 131501 	 	 131501 	 	 0 
102 	 1 	 535  	 131501 	  	 131501 	 	 131501 	 	 0 
102 	 1 	 536  	 131501 	  	 131501 	 	 131501 	 	 0 
102 	 1 	 537  	 131501 	  	 131501 	 	 131501 	 	 0 
102 	 1 	 538  	 131501 	  	 131501 	 	 131501 	 	 0 
102 	 1 	 539  	 131501 	  	 131501 	 	 131501 	 	 0 
102 	 1 	 540  	 131501 	  	 131501 	 	 131501 	 	 0 
102 	 1 	 541  	 131501 	  	 131501 	 	 131501 	 	 0 
102 	 1 	 542  	 131501 	  	 131501 	 	 131501 	 	 0 
102 	 1 	 543  	 131501 	  	 131501 	 	 131501 	 	 0 
102 	 1 	 544  	 131501 	  	 131501 	 	 131501 	 	 0 
102 	 1 	 545  	 131501 	  	 131501 	 	 131501 	 	 0 
102 	 1 	 546  	 131501 	  	 131501 	 	 131501 	 	 0 
102 	 1 	 547  	 131501 	  	 131501 	 	 131501 	 	 0 
102 	 1 	 548  	 131501 	  	 131501 	 	 131501 	 	 0 
102 	 1 	 549  	 131501 	  	 131501 	 	 131501 	 	 0 
102 	 1 	 550  	 131501 	  	 131501 	 	 131501 	 	 0 
102 	 1 	 551  	 131501 	  	 131501 	 	 131501 	 	 0 
102 	 1 	 552  	 131501 	  	 131501 	 	 131501 	 	 0 
102 	 1 	 553  	 131501 	  	 131501 	 	 131501 	 	 0 
102 	 1 	 554  	 131501 	  	 131501 	 	 131501 	 	 0 
102 	 1 	 555  	 131501 	  	 131501 	 	 131501 	 	 0 
102 	 1 	 556  	 131501 	  	 131501 	 	 131501 	 	 0 
102 	 1 	 557  	 131501 	  	 131501 	 	 131501 	 	 0 
102 	 1 	 558  	 131501 	  	 131501 	 	 131501 	 	 0 
102 	 1 	 559  	 131501 	  	 131501 	 	 131501 	 	 0 
102 	 1 	 560  	 131501 	  	 131501 	 	 131501 	 	 0 
102 	 1 	 561  	 131501 	  	 131501 	 	 131501 	 	 0 
102 	 1 	 562  	 131501 	  	 131501 	 	 131501 	 	 0 
102 	 1 	 563  	 131501 	  	 131501 	 	 131501 	 	 0 
102 	 1 	 564  	 131501 	  	 131501 	 	 131501 	 	 0 
102 	 1 	 565  	 131501 	  	 131501 	 	 131501 	 	 0 
102 	 1 	 566  	 131501 	  	 131501 	 	 131501 	 	 0 
102 	 1 	 567  	 131501 	  	 131501 	 	 131501 	 	 0 
102 	 1 	 568  	 131501 	  	 131501 	 	 131501 	 	 0 
102 	 1 	 569  	 131501 	  	 131501 	 	 131501 	 	 0 
102 	 1 	 570  	 131501 	  	 131501 	 	 131501 	 	 0 
102 	 1 	 571  	 131501 	  	 131501 	 	 131501 	 	 0 
102 	 1 	 572  	 131501 	  	 131501 	 	 131501 	 	 0 
102 	 1 	 573  	 131501 	  	 131501 	 	 131501 	 	 0 
102 	 1 	 574  	 131501 	  	 131501 	 	 131501 	 	 0 
102 	 1 	 575  	 131501 	  	 131501 	 	 131501 	 	 0 
102 	 1 	 576  	 131501 	  	 131501 	 	 131501 	 	 0 
102 	 1 	 577  	 131501 	  	 131501 	 	 131501 	 	 0 
102 	 1 	 578  	 131501 	  	 131501 	 	 131501 	 	 0 
102 	 1 	 579  	 131501 	  	 131501 	 	 131501 	 	 0 
102 	 1 	 580  	 131501 	  	 131501 	 	 131501 	 	 0 
102 	 1 	 581  	 131501 	  	 131501 	 	 131501 	 	 0 
102 	 1 	 582  	 131501 	  	 131501 	 	 131501 	 	 0 
102 	 1 	 583  	 131501 	  	 131501 	 	 131501 	 	 0 
102 	 1 	 584  	 131501 	  	 131501 	 	 131501 	 	 0 
102 	 1 	 585  	 131501 	  	 131501 	 	 131501 	 	 0 
102 	 1 	 586  	 131501 	  	 131501 	 	 131501 	 	 0 
102 	 1 	 587  	 131501 	  	 131501 	 	 131501 	 	 0 
102 	 1 	 588  	 131501 	  	 131501 	 	 131501 	 	 0 
102 	 1 	 589  	 131501 	  	 131501 	 	 131501 	 	 0 
102 	 1 	 590  	 131501 	  	 131501 	 	 131501 	 	 0 
102 	 1 	 591  	 131501 	  	 131501 	 	 131501 	 	 0 
102 	 1 	 592  	 131501 	  	 131501 	 	 131501 	 	 0 
102 	 1 	 593  	 131501 	  	 131501 	 	 131501 	 	 0 
102 	 1 	 594  	 131501 	  	 131501 	 	 131501 	 	 0 
102 	 1 	 595  	 131501 	  	 131501 	 	 131501 	 	 0 
102 	 1 	 596  	 131501 	  	 131501 	 	 131501 	 	 0 
102 	 1 	 597  	 131501 	  	 131501 	 	 131501 	 	 0 
102 	 1 	 598  	 131501 	  	 131501 	 	 131501 	 	 0 
102 	 1 	 599  	 131501 	  	 131501 	 	 131501 	 	 0 
102 	 1 	 600  	 131501 	  	 131501 	 	 131501 	 	 0 
102 	 1 	 601  	 131501 	  	 131501 	 	 131501 	 	 0 
102 	 1 	 602  	 131501 	  	 131501 	 	 131501 	 	 0 
102 	 1 	 603  	 131501 	  	 131501 	 	 131501 	 	 0 
102 	 1 	 604  	 131501 	  	 131501 	 	 131501 	 	 0 
102 	 1 	 605  	 131501 	  	 131501 	 	 131501 	 	 0 
102 	 1 	 606  	 131501 	  	 131501 	 	 131501 	 	 0 
102 	 1 	 607  	 131501 	  	 131501 	 	 131501 	 	 0 
102 	 1 	 608  	 131501 	  	 131501 	 	 131501 	 	 0 
102 	 1 	 609  	 131501 	  	 131501 	 	 131501 	 	 0 
102 	 1 	 610  	 131501 	  	 131501 	 	 131501 	 	 0 
102 	 1 	 611  	 131501 	  	 131501 	 	 131501 	 	 0 
102 	 1 	 612  	 131501 	  	 131501 	 	 131501 	 	 0 
102 	 1 	 613  	 131501 	  	 131501 	 	 131501 	 	 0 
102 	 1 	 614  	 131501 	  	 131501 	 	 131501 	 	 0 
102 	 1 	 615  	 131501 	  	 131501 	 	 131501 	 	 0 
102 	 1 	 616  	 131501 	  	 131501 	 	 131501 	 	 0 
102 	 1 	 617  	 131501 	  	 131501 	 	 131501 	 	 0 
102 	 1 	 618  	 131501 	  	 131501 	 	 131501 	 	 0 
102 	 1 	 619  	 131501 	  	 131501 	 	 131501 	 	 0 
102 	 1 	 620  	 131501 	  	 131501 	 	 131501 	 	 0 
102 	 1 	 621  	 131501 	  	 131501 	 	 131501 	 	 0 
102 	 1 	 622  	 131501 	  	 131501 	 	 131501 	 	 0 
102 	 1 	 623  	 131501 	  	 131501 	 	 131501 	 	 0 
102 	 1 	 624  	 131501 	  	 131501 	 	 131501 	 	 0 
102 	 1 	 625  	 131501 	  	 131501 	 	 131501 	 	 0 
102 	 1 	 626  	 131501 	  	 131501 	 	 131501 	 	 0 
102 	 1 	 627  	 131501 	  	 131501 	 	 131501 	 	 0 
102 	 1 	 628  	 131501 	  	 131501 	 	 131501 	 	 0 
102 	 1 	 629  	 131501 	  	 131501 	 	 131501 	 	 0 
102 	 1 	 630  	 131501 	  	 131501 	 	 131501 	 	 0 
102 	 1 	 631  	 131501 	  	 131501 	 	 131501 	 	 0 
102 	 1 	 632  	 131501 	  	 131501 	 	 131501 	 	 0 
102 	 1 	 633  	 131501 	  	 131501 	 	 131501 	 	 0 
102 	 1 	 634  	 131501 	  	 131501 	 	 131501 	 	 0 
102 	 1 	 635  	 131501 	  	 131501 	 	 131501 	 	 0 
102 	 1 	 636  	 131501 	  	 131501 	 	 131501 	 	 0 
102 	 1 	 637  	 131501 	  	 131501 	 	 131501 	 	 0 
102 	 1 	 638  	 131501 	  	 131501 	 	 131501 	 	 0 
102 	 1 	 639  	 131501 	  	 131501 	 	 131501 	 	 0 
102 	 1 	 640  	 131501 	  	 131501 	 	 131501 	 	 0 
102 	 1 	 641  	 131501 	  	 131501 	 	 131501 	 	 0 
102 	 1 	 642  	 131501 	  	 131501 	 	 131501 	 	 0 
102 	 1 	 643  	 131501 	  	 131501 	 	 131501 	 	 0 
102 	 1 	 644  	 131501 	  	 131501 	 	 131501 	 	 0 
102 	 1 	 645  	 131501 	  	 131501 	 	 131501 	 	 0 
102 	 1 	 646  	 131501 	  	 131501 	 	 131501 	 	 0 
102 	 1 	 647  	 131501 	  	 131501 	 	 131501 	 	 0 
102 	 1 	 648  	 131501 	  	 131501 	 	 131501 	 	 0 
102 	 1 	 649  	 131501 	  	 131501 	 	 131501 	 	 0 
102 	 1 	 650  	 131501 	  	 131501 	 	 131501 	 	 0 
102 	 1 	 651  	 131501 	  	 131501 	 	 131501 	 	 0 
102 	 1 	 652  	 131501 	  	 131501 	 	 131501 	 	 0 
102 	 1 	 653  	 131501 	  	 131501 	 	 131501 	 	 0 
102 	 1 	 654  	 131501 	  	 131501 	 	 131501 	 	 0 
102 	 1 	 655  	 131501 	  	 131501 	 	 131501 	 	 0 
102 	 1 	 656  	 131501 	  	 131501 	 	 131501 	 	 0 
102 	 1 	 657  	 131501 	  	 131501 	 	 131501 	 	 0 
102 	 1 	 658  	 131501 	  	 131501 	 	 131501 	 	 0 
102 	 1 	 659  	 131501 	  	 131501 	 	 131501 	 	 0 
102 	 1 	 660  	 131501 	  	 131501 	 	 131501 	 	 0 
102 	 1 	 661  	 131501 	  	 131501 	 	 131501 	 	 0 
102 	 1 	 662  	 131501 	  	 131501 	 	 131501 	 	 0 
102 	 1 	 663  	 131501 	  	 131501 	 	 131501 	 	 0 
102 	 1 	 664  	 131501 	  	 131501 	 	 131501 	 	 0 
102 	 1 	 665  	 131501 	  	 131501 	 	 131501 	 	 0 
102 	 1 	 666  	 131501 	  	 131501 	 	 131501 	 	 0 
102 	 1 	 667  	 131501 	  	 131501 	 	 131501 	 	 0 
102 	 1 	 668  	 131501 	  	 131501 	 	 131501 	 	 0 
102 	 1 	 669  	 131501 	  	 131501 	 	 131501 	 	 0 
102 	 1 	 670  	 131501 	  	 131501 	 	 131501 	 	 0 
102 	 1 	 671  	 131501 	  	 131501 	 	 131501 	 	 0 
102 	 1 	 672  	 131501 	  	 131501 	 	 131501 	 	 0 
102 	 1 	 673  	 131501 	  	 131501 	 	 131501 	 	 0 
102 	 1 	 674  	 131501 	  	 131501 	 	 131501 	 	 0 
102 	 1 	 675  	 131501 	  	 131501 	 	 131501 	 	 0 
102 	 1 	 676  	 131501 	  	 131501 	 	 131501 	 	 0 
102 	 1 	 677  	 131501 	  	 131501 	 	 131501 	 	 0 
102 	 1 	 678  	 131501 	  	 131501 	 	 131501 	 	 0 
102 	 1 	 679  	 131501 	  	 131501 	 	 131501 	 	 0 
102 	 1 	 680  	 131501 	  	 131501 	 	 131501 	 	 0 
102 	 1 	 681  	 131501 	  	 131501 	 	 131501 	 	 0 
102 	 1 	 682  	 131501 	  	 131501 	 	 131501 	 	 0 
102 	 1 	 683  	 131501 	  	 131501 	 	 131501 	 	 0 
102 	 1 	 684  	 131501 	  	 131501 	 	 131501 	 	 0 
102 	 1 	 685  	 131501 	  	 131501 	 	 131501 	 	 0 
102 	 1 	 686  	 131501 	  	 131501 	 	 131501 	 	 0 
102 	 1 	 687  	 131501 	  	 131501 	 	 131501 	 	 0 
102 	 1 	 688  	 131501 	  	 131501 	 	 131501 	 	 0 
102 	 1 	 689  	 131501 	  	 131501 	 	 131501 	 	 0 
102 	 1 	 690  	 131501 	  	 131501 	 	 131501 	 	 0 
102 	 1 	 691  	 131501 	  	 131501 	 	 131501 	 	 0 
102 	 1 	 692  	 131501 	  	 131501 	 	 131501 	 	 0 
102 	 1 	 693  	 131501 	  	 131501 	 	 131501 	 	 0 
102 	 1 	 694  	 131501 	  	 131501 	 	 131501 	 	 0 
102 	 1 	 695  	 131501 	  	 131501 	 	 131501 	 	 0 
102 	 1 	 696  	 131501 	  	 131501 	 	 131501 	 	 0 
102 	 1 	 697  	 131501 	  	 131501 	 	 131501 	 	 0 
102 	 1 	 698  	 131501 	  	 131501 	 	 131501 	 	 0 
102 	 1 	 699  	 131501 	  	 131501 	 	 131501 	 	 0 
102 	 1 	 700  	 131501 	  	 131501 	 	 131501 	 	 0 
102 	 1 	 701  	 131501 	  	 131501 	 	 131501 	 	 0 
102 	 1 	 702  	 131501 	  	 131501 	 	 131501 	 	 0 
102 	 1 	 703  	 131501 	  	 131501 	 	 131501 	 	 0 
102 	 1 	 704  	 131501 	  	 131501 	 	 131501 	 	 0 
102 	 1 	 705  	 131501 	  	 131501 	 	 131501 	 	 0 
102 	 1 	 706  	 131501 	  	 131501 	 	 131501 	 	 0 
102 	 1 	 707  	 131501 	  	 131501 	 	 131501 	 	 0 
102 	 1 	 708  	 131501 	  	 131501 	 	 131501 	 	 0 
102 	 1 	 709  	 131501 	  	 131501 	 	 131501 	 	 0 
102 	 1 	 710  	 131501 	  	 131501 	 	 131501 	 	 0 
102 	 1 	 711  	 131501 	  	 131501 	 	 131501 	 	 0 
102 	 1 	 712  	 131501 	  	 131501 	 	 131501 	 	 0 
102 	 1 	 713  	 131501 	  	 131501 	 	 131501 	 	 0 
102 	 1 	 714  	 131501 	  	 131501 	 	 131501 	 	 0 
