102 	 3 	 1  	 36592.3 	  	 0 	 	 0 	 	 0 
102 	 3 	 2  	 36592.3 	  	 0 	 	 0 	 	 0 
102 	 3 	 3  	 36592.3 	  	 36532.4 	 	 0 	 	 0 
102 	 3 	 4  	 36592.3 	  	 36532.4 	 	 36532.4 	 	 0 
102 	 3 	 5  	 36592.3 	  	 36532.4 	 	 36532.4 	 	 0 
102 	 3 	 6  	 36592.3 	  	 36532.4 	 	 36532.4 	 	 0 
102 	 3 	 7  	 36592.3 	  	 36532.4 	 	 36532.4 	 	 0 
102 	 3 	 8  	 36592.3 	  	 36532.4 	 	 36532.4 	 	 0 
102 	 3 	 9  	 36592.3 	  	 36532.4 	 	 36532.4 	 	 0 
102 	 3 	 10  	 36592.3 	  	 36592.3 	 	 36532.4 	 	 0 
102 	 3 	 11  	 36592.3 	  	 36592.3 	 	 36592.3 	 	 0 
102 	 3 	 12  	 36592.3 	  	 36592.3 	 	 36592.3 	 	 0 
102 	 3 	 13  	 36592.3 	  	 36592.3 	 	 36592.3 	 	 0 
102 	 3 	 14  	 36592.3 	  	 36592.3 	 	 36592.3 	 	 0 
102 	 3 	 15  	 36592.3 	  	 36592.3 	 	 36592.3 	 	 0 
102 	 3 	 16  	 36592.3 	  	 36592.3 	 	 36592.3 	 	 0 
102 	 3 	 17  	 36592.3 	  	 36592.3 	 	 36592.3 	 	 0 
102 	 3 	 18  	 36592.3 	  	 36592.3 	 	 36592.3 	 	 0 
102 	 3 	 19  	 36592.3 	  	 36592.3 	 	 36592.3 	 	 0 
102 	 3 	 20  	 36592.3 	  	 36592.3 	 	 36592.3 	 	 0 
102 	 3 	 21  	 36592.3 	  	 36592.3 	 	 36592.3 	 	 0 
102 	 3 	 22  	 36592.3 	  	 36592.3 	 	 36592.3 	 	 0 
102 	 3 	 23  	 36592.3 	  	 36592.3 	 	 36592.3 	 	 0 
102 	 3 	 24  	 36592.3 	  	 36592.3 	 	 36592.3 	 	 0 
102 	 3 	 25  	 36592.3 	  	 36592.3 	 	 36592.3 	 	 0 
102 	 3 	 26  	 36592.3 	  	 36592.3 	 	 36592.3 	 	 0 
102 	 3 	 27  	 36592.3 	  	 36592.3 	 	 36592.3 	 	 0 
102 	 3 	 28  	 36592.3 	  	 36592.3 	 	 36592.3 	 	 0 
102 	 3 	 29  	 36592.3 	  	 36592.3 	 	 36592.3 	 	 0 
102 	 3 	 30  	 36592.3 	  	 36592.3 	 	 36592.3 	 	 0 
102 	 3 	 31  	 36592.3 	  	 36592.3 	 	 36592.3 	 	 0 
102 	 3 	 32  	 36592.3 	  	 36592.3 	 	 36592.3 	 	 0 
102 	 3 	 33  	 36592.3 	  	 36592.3 	 	 36592.3 	 	 0 
102 	 3 	 34  	 36592.3 	  	 36592.3 	 	 36592.3 	 	 0 
102 	 3 	 35  	 36592.3 	  	 36592.3 	 	 36592.3 	 	 0 
102 	 3 	 36  	 36592.3 	  	 36592.3 	 	 36592.3 	 	 0 
102 	 3 	 37  	 36592.3 	  	 36592.3 	 	 36592.3 	 	 0 
102 	 3 	 38  	 36592.3 	  	 36592.3 	 	 36592.3 	 	 0 
102 	 3 	 39  	 36592.3 	  	 36592.3 	 	 36592.3 	 	 0 
102 	 3 	 40  	 36592.3 	  	 36592.3 	 	 36592.3 	 	 0 
102 	 3 	 41  	 36592.3 	  	 36592.3 	 	 36592.3 	 	 0 
102 	 3 	 42  	 36592.3 	  	 36592.3 	 	 36592.3 	 	 0 
102 	 3 	 43  	 36592.3 	  	 36592.3 	 	 36592.3 	 	 0 
102 	 3 	 44  	 36592.3 	  	 36592.3 	 	 36592.3 	 	 0 
102 	 3 	 45  	 36592.3 	  	 36592.3 	 	 36592.3 	 	 0 
102 	 3 	 46  	 36592.3 	  	 36592.3 	 	 36592.3 	 	 0 
102 	 3 	 47  	 36592.3 	  	 36592.3 	 	 36592.3 	 	 0 
102 	 3 	 48  	 36592.3 	  	 36592.3 	 	 36592.3 	 	 0 
102 	 3 	 49  	 36592.3 	  	 36592.3 	 	 36592.3 	 	 0 
102 	 3 	 50  	 36592.3 	  	 36592.3 	 	 36592.3 	 	 0 
102 	 3 	 51  	 36592.3 	  	 36592.3 	 	 36592.3 	 	 0 
102 	 3 	 52  	 36592.3 	  	 36592.3 	 	 36592.3 	 	 0 
102 	 3 	 53  	 36592.3 	  	 36592.3 	 	 36592.3 	 	 0 
102 	 3 	 54  	 36592.3 	  	 36592.3 	 	 36592.3 	 	 0 
102 	 3 	 55  	 36592.3 	  	 36592.3 	 	 36592.3 	 	 0 
102 	 3 	 56  	 36592.3 	  	 36592.3 	 	 36592.3 	 	 0 
102 	 3 	 57  	 36592.3 	  	 36592.3 	 	 36592.3 	 	 0 
102 	 3 	 58  	 36592.3 	  	 36592.3 	 	 36592.3 	 	 0 
102 	 3 	 59  	 36592.3 	  	 36592.3 	 	 36592.3 	 	 0 
102 	 3 	 60  	 36592.3 	  	 36592.3 	 	 36592.3 	 	 0 
102 	 3 	 61  	 36592.3 	  	 36592.3 	 	 36592.3 	 	 0 
102 	 3 	 62  	 36592.3 	  	 36592.3 	 	 36592.3 	 	 0 
102 	 3 	 63  	 36592.3 	  	 36592.3 	 	 36592.3 	 	 0 
102 	 3 	 64  	 36592.3 	  	 36592.3 	 	 36592.3 	 	 0 
102 	 3 	 65  	 36592.3 	  	 36592.3 	 	 36592.3 	 	 0 
102 	 3 	 66  	 36592.3 	  	 36592.3 	 	 36592.3 	 	 0 
102 	 3 	 67  	 36592.3 	  	 36592.3 	 	 36592.3 	 	 0 
102 	 3 	 68  	 36592.3 	  	 36592.3 	 	 36592.3 	 	 0 
102 	 3 	 69  	 36592.3 	  	 36592.3 	 	 36592.3 	 	 0 
102 	 3 	 70  	 36592.3 	  	 36592.3 	 	 36592.3 	 	 0 
102 	 3 	 71  	 36592.3 	  	 36592.3 	 	 36592.3 	 	 0 
102 	 3 	 72  	 36592.3 	  	 36592.3 	 	 36592.3 	 	 0 
102 	 3 	 73  	 36592.3 	  	 36592.3 	 	 36592.3 	 	 0 
102 	 3 	 74  	 36592.3 	  	 36592.3 	 	 36592.3 	 	 0 
102 	 3 	 75  	 36592.3 	  	 36592.3 	 	 36592.3 	 	 0 
102 	 3 	 76  	 36592.3 	  	 36592.3 	 	 36592.3 	 	 0 
102 	 3 	 77  	 36592.3 	  	 36592.3 	 	 36592.3 	 	 0 
102 	 3 	 78  	 36592.3 	  	 36592.3 	 	 36592.3 	 	 0 
102 	 3 	 79  	 36592.3 	  	 36592.3 	 	 36592.3 	 	 0 
102 	 3 	 80  	 36592.3 	  	 36592.3 	 	 36592.3 	 	 0 
102 	 3 	 81  	 36592.3 	  	 36592.3 	 	 36592.3 	 	 0 
102 	 3 	 82  	 36592.3 	  	 36592.3 	 	 36592.3 	 	 0 
102 	 3 	 83  	 36592.3 	  	 36592.3 	 	 36592.3 	 	 0 
102 	 3 	 84  	 36592.3 	  	 36592.3 	 	 36592.3 	 	 0 
102 	 3 	 85  	 36592.3 	  	 36592.3 	 	 36592.3 	 	 0 
102 	 3 	 86  	 36592.3 	  	 36592.3 	 	 36592.3 	 	 0 
102 	 3 	 87  	 36592.3 	  	 36592.3 	 	 36592.3 	 	 0 
102 	 3 	 88  	 36592.3 	  	 36592.3 	 	 36592.3 	 	 0 
102 	 3 	 89  	 36592.3 	  	 36592.3 	 	 36592.3 	 	 0 
102 	 3 	 90  	 36592.3 	  	 36592.3 	 	 36592.3 	 	 0 
102 	 3 	 91  	 36592.3 	  	 36592.3 	 	 36592.3 	 	 0 
102 	 3 	 92  	 36592.3 	  	 36592.3 	 	 36592.3 	 	 0 
102 	 3 	 93  	 36592.3 	  	 36592.3 	 	 36592.3 	 	 0 
102 	 3 	 94  	 36592.3 	  	 36592.3 	 	 36592.3 	 	 0 
102 	 3 	 95  	 36592.3 	  	 36592.3 	 	 36592.3 	 	 0 
102 	 3 	 96  	 36592.3 	  	 36592.3 	 	 36592.3 	 	 0 
102 	 3 	 97  	 36592.3 	  	 36592.3 	 	 36592.3 	 	 0 
102 	 3 	 98  	 36592.3 	  	 36592.3 	 	 36592.3 	 	 0 
102 	 3 	 99  	 36592.3 	  	 36592.3 	 	 36592.3 	 	 0 
102 	 3 	 100  	 36592.3 	  	 36592.3 	 	 36592.3 	 	 0 
102 	 3 	 101  	 36592.3 	  	 36592.3 	 	 36592.3 	 	 0 
102 	 3 	 102  	 36592.3 	  	 36592.3 	 	 36592.3 	 	 0 
102 	 3 	 103  	 36592.3 	  	 36592.3 	 	 36592.3 	 	 0 
102 	 3 	 104  	 36592.3 	  	 36592.3 	 	 36592.3 	 	 0 
102 	 3 	 105  	 36592.3 	  	 36592.3 	 	 36592.3 	 	 0 
102 	 3 	 106  	 36592.3 	  	 36592.3 	 	 36592.3 	 	 0 
102 	 3 	 107  	 36592.3 	  	 36592.3 	 	 36592.3 	 	 0 
102 	 3 	 108  	 36592.3 	  	 36592.3 	 	 36592.3 	 	 0 
102 	 3 	 109  	 36592.3 	  	 36592.3 	 	 36592.3 	 	 0 
102 	 3 	 110  	 36592.3 	  	 36592.3 	 	 36592.3 	 	 0 
102 	 3 	 111  	 36592.3 	  	 36592.3 	 	 36592.3 	 	 0 
102 	 3 	 112  	 36592.3 	  	 36592.3 	 	 36592.3 	 	 0 
102 	 3 	 113  	 36592.3 	  	 36592.3 	 	 36592.3 	 	 0 
102 	 3 	 114  	 36592.3 	  	 36592.3 	 	 36592.3 	 	 0 
102 	 3 	 115  	 36592.3 	  	 36592.3 	 	 36592.3 	 	 0 
102 	 3 	 116  	 36592.3 	  	 36592.3 	 	 36592.3 	 	 0 
102 	 3 	 117  	 36592.3 	  	 36592.3 	 	 36592.3 	 	 0 
102 	 3 	 118  	 36592.3 	  	 36592.3 	 	 36592.3 	 	 0 
102 	 3 	 119  	 36592.3 	  	 36592.3 	 	 36592.3 	 	 0 
102 	 3 	 120  	 36592.3 	  	 36592.3 	 	 36592.3 	 	 0 
102 	 3 	 121  	 36592.3 	  	 36592.3 	 	 36592.3 	 	 0 
102 	 3 	 122  	 36592.3 	  	 36592.3 	 	 36592.3 	 	 0 
102 	 3 	 123  	 36592.3 	  	 36592.3 	 	 36592.3 	 	 0 
102 	 3 	 124  	 36592.3 	  	 36592.3 	 	 36592.3 	 	 0 
102 	 3 	 125  	 36592.3 	  	 36592.3 	 	 36592.3 	 	 0 
102 	 3 	 126  	 36592.3 	  	 36592.3 	 	 36592.3 	 	 0 
102 	 3 	 127  	 36592.3 	  	 36592.3 	 	 36592.3 	 	 0 
102 	 3 	 128  	 36592.3 	  	 36592.3 	 	 36592.3 	 	 0 
102 	 3 	 129  	 36592.3 	  	 36592.3 	 	 36592.3 	 	 0 
102 	 3 	 130  	 36592.3 	  	 36592.3 	 	 36592.3 	 	 0 
102 	 3 	 131  	 36592.3 	  	 36592.3 	 	 36592.3 	 	 0 
102 	 3 	 132  	 36592.3 	  	 36592.3 	 	 36592.3 	 	 0 
102 	 3 	 133  	 36592.3 	  	 36592.3 	 	 36592.3 	 	 0 
102 	 3 	 134  	 36592.3 	  	 36592.3 	 	 36592.3 	 	 0 
102 	 3 	 135  	 36592.3 	  	 36592.3 	 	 36592.3 	 	 0 
102 	 3 	 136  	 36592.3 	  	 36592.3 	 	 36592.3 	 	 0 
102 	 3 	 137  	 36592.3 	  	 36592.3 	 	 36592.3 	 	 0 
102 	 3 	 138  	 36592.3 	  	 36592.3 	 	 36592.3 	 	 0 
102 	 3 	 139  	 36592.3 	  	 36592.3 	 	 36592.3 	 	 0 
102 	 3 	 140  	 36592.3 	  	 36592.3 	 	 36592.3 	 	 0 
102 	 3 	 141  	 36592.3 	  	 36592.3 	 	 36592.3 	 	 0 
102 	 3 	 142  	 36592.3 	  	 36592.3 	 	 36592.3 	 	 0 
102 	 3 	 143  	 36592.3 	  	 36592.3 	 	 36592.3 	 	 0 
102 	 3 	 144  	 36592.3 	  	 36592.3 	 	 36592.3 	 	 0 
102 	 3 	 145  	 36592.3 	  	 36592.3 	 	 36592.3 	 	 0 
102 	 3 	 146  	 36592.3 	  	 36592.3 	 	 36592.3 	 	 0 
102 	 3 	 147  	 36592.3 	  	 36592.3 	 	 36592.3 	 	 0 
102 	 3 	 148  	 36592.3 	  	 36592.3 	 	 36592.3 	 	 0 
102 	 3 	 149  	 36592.3 	  	 36592.3 	 	 36592.3 	 	 0 
102 	 3 	 150  	 36592.3 	  	 36592.3 	 	 36592.3 	 	 0 
102 	 3 	 151  	 36592.3 	  	 36592.3 	 	 36592.3 	 	 0 
102 	 3 	 152  	 36592.3 	  	 36592.3 	 	 36592.3 	 	 0 
102 	 3 	 153  	 36592.3 	  	 36592.3 	 	 36592.3 	 	 0 
102 	 3 	 154  	 36592.3 	  	 36592.3 	 	 36592.3 	 	 0 
102 	 3 	 155  	 36592.3 	  	 36592.3 	 	 36592.3 	 	 0 
102 	 3 	 156  	 36592.3 	  	 36592.3 	 	 36592.3 	 	 0 
102 	 3 	 157  	 36592.3 	  	 36592.3 	 	 36592.3 	 	 0 
102 	 3 	 158  	 36592.3 	  	 36592.3 	 	 36592.3 	 	 0 
102 	 3 	 159  	 36592.3 	  	 36592.3 	 	 36592.3 	 	 0 
102 	 3 	 160  	 36592.3 	  	 36592.3 	 	 36592.3 	 	 0 
102 	 3 	 161  	 36592.3 	  	 36592.3 	 	 36592.3 	 	 0 
102 	 3 	 162  	 36592.3 	  	 36592.3 	 	 36592.3 	 	 0 
102 	 3 	 163  	 36592.3 	  	 36592.3 	 	 36592.3 	 	 0 
102 	 3 	 164  	 36592.3 	  	 36592.3 	 	 36592.3 	 	 0 
102 	 3 	 165  	 36592.3 	  	 36592.3 	 	 36592.3 	 	 0 
102 	 3 	 166  	 36592.3 	  	 36592.3 	 	 36592.3 	 	 0 
102 	 3 	 167  	 36592.3 	  	 36592.3 	 	 36592.3 	 	 0 
102 	 3 	 168  	 36592.3 	  	 36592.3 	 	 36592.3 	 	 0 
102 	 3 	 169  	 36592.3 	  	 36592.3 	 	 36592.3 	 	 0 
102 	 3 	 170  	 36592.3 	  	 36592.3 	 	 36592.3 	 	 0 
102 	 3 	 171  	 36592.3 	  	 36592.3 	 	 36592.3 	 	 0 
102 	 3 	 172  	 36592.3 	  	 36592.3 	 	 36592.3 	 	 0 
102 	 3 	 173  	 36592.3 	  	 36592.3 	 	 36592.3 	 	 0 
102 	 3 	 174  	 36592.3 	  	 36592.3 	 	 36592.3 	 	 0 
102 	 3 	 175  	 36592.3 	  	 36592.3 	 	 36592.3 	 	 0 
102 	 3 	 176  	 36592.3 	  	 36592.3 	 	 36592.3 	 	 0 
102 	 3 	 177  	 36592.3 	  	 36592.3 	 	 36592.3 	 	 0 
102 	 3 	 178  	 36592.3 	  	 36592.3 	 	 36592.3 	 	 0 
102 	 3 	 179  	 36592.3 	  	 36592.3 	 	 36592.3 	 	 0 
102 	 3 	 180  	 36592.3 	  	 36592.3 	 	 36592.3 	 	 0 
102 	 3 	 181  	 36592.3 	  	 36592.3 	 	 36592.3 	 	 0 
102 	 3 	 182  	 36592.3 	  	 36592.3 	 	 36592.3 	 	 0 
102 	 3 	 183  	 36592.3 	  	 36592.3 	 	 36592.3 	 	 0 
102 	 3 	 184  	 36592.3 	  	 36592.3 	 	 36592.3 	 	 0 
102 	 3 	 185  	 36592.3 	  	 36592.3 	 	 36592.3 	 	 0 
102 	 3 	 186  	 36592.3 	  	 36592.3 	 	 36592.3 	 	 0 
102 	 3 	 187  	 36592.3 	  	 36592.3 	 	 36592.3 	 	 0 
102 	 3 	 188  	 36592.3 	  	 36592.3 	 	 36592.3 	 	 0 
102 	 3 	 189  	 36592.3 	  	 36592.3 	 	 36592.3 	 	 0 
102 	 3 	 190  	 36592.3 	  	 36592.3 	 	 36592.3 	 	 0 
102 	 3 	 191  	 36592.3 	  	 36592.3 	 	 36592.3 	 	 0 
102 	 3 	 192  	 36592.3 	  	 36592.3 	 	 36592.3 	 	 0 
102 	 3 	 193  	 36592.3 	  	 36592.3 	 	 36592.3 	 	 0 
102 	 3 	 194  	 36592.3 	  	 36592.3 	 	 36592.3 	 	 0 
102 	 3 	 195  	 36592.3 	  	 36592.3 	 	 36592.3 	 	 0 
102 	 3 	 196  	 36592.3 	  	 36592.3 	 	 36592.3 	 	 0 
102 	 3 	 197  	 36592.3 	  	 36592.3 	 	 36592.3 	 	 0 
102 	 3 	 198  	 36592.3 	  	 36592.3 	 	 36592.3 	 	 0 
102 	 3 	 199  	 36592.3 	  	 36592.3 	 	 36592.3 	 	 0 
102 	 3 	 200  	 36592.3 	  	 36592.3 	 	 36592.3 	 	 0 
102 	 3 	 201  	 36592.3 	  	 36592.3 	 	 36592.3 	 	 0 
102 	 3 	 202  	 36592.3 	  	 36592.3 	 	 36592.3 	 	 0 
102 	 3 	 203  	 36592.3 	  	 36592.3 	 	 36592.3 	 	 0 
102 	 3 	 204  	 36592.3 	  	 36592.3 	 	 36592.3 	 	 0 
102 	 3 	 205  	 36592.3 	  	 36592.3 	 	 36592.3 	 	 0 
102 	 3 	 206  	 36592.3 	  	 36592.3 	 	 36592.3 	 	 0 
102 	 3 	 207  	 36592.3 	  	 36592.3 	 	 36592.3 	 	 0 
102 	 3 	 208  	 36592.3 	  	 36592.3 	 	 36592.3 	 	 0 
102 	 3 	 209  	 36592.3 	  	 36592.3 	 	 36592.3 	 	 0 
102 	 3 	 210  	 36592.3 	  	 36592.3 	 	 36592.3 	 	 0 
102 	 3 	 211  	 36592.3 	  	 36592.3 	 	 36592.3 	 	 0 
102 	 3 	 212  	 36592.3 	  	 36592.3 	 	 36592.3 	 	 0 
102 	 3 	 213  	 36592.3 	  	 36592.3 	 	 36592.3 	 	 0 
102 	 3 	 214  	 36592.3 	  	 36592.3 	 	 36592.3 	 	 0 
102 	 3 	 215  	 36592.3 	  	 36592.3 	 	 36592.3 	 	 0 
102 	 3 	 216  	 36592.3 	  	 36592.3 	 	 36592.3 	 	 0 
102 	 3 	 217  	 36592.3 	  	 36592.3 	 	 36592.3 	 	 0 
102 	 3 	 218  	 36592.3 	  	 36592.3 	 	 36592.3 	 	 0 
102 	 3 	 219  	 36592.3 	  	 36592.3 	 	 36592.3 	 	 0 
102 	 3 	 220  	 36592.3 	  	 36592.3 	 	 36592.3 	 	 0 
102 	 3 	 221  	 36592.3 	  	 36592.3 	 	 36592.3 	 	 0 
102 	 3 	 222  	 36592.3 	  	 36592.3 	 	 36592.3 	 	 0 
102 	 3 	 223  	 36592.3 	  	 36592.3 	 	 36592.3 	 	 0 
102 	 3 	 224  	 36592.3 	  	 36592.3 	 	 36592.3 	 	 0 
102 	 3 	 225  	 36592.3 	  	 36592.3 	 	 36592.3 	 	 0 
102 	 3 	 226  	 36592.3 	  	 36592.3 	 	 36592.3 	 	 0 
102 	 3 	 227  	 36592.3 	  	 36592.3 	 	 36592.3 	 	 0 
102 	 3 	 228  	 36592.3 	  	 36592.3 	 	 36592.3 	 	 0 
102 	 3 	 229  	 36592.3 	  	 36592.3 	 	 36592.3 	 	 0 
102 	 3 	 230  	 36592.3 	  	 36592.3 	 	 36592.3 	 	 0 
102 	 3 	 231  	 36592.3 	  	 36592.3 	 	 36592.3 	 	 0 
102 	 3 	 232  	 36592.3 	  	 36592.3 	 	 36592.3 	 	 0 
102 	 3 	 233  	 36592.3 	  	 36592.3 	 	 36592.3 	 	 0 
102 	 3 	 234  	 36592.3 	  	 36592.3 	 	 36592.3 	 	 0 
102 	 3 	 235  	 36592.3 	  	 36592.3 	 	 36592.3 	 	 0 
102 	 3 	 236  	 36592.3 	  	 36592.3 	 	 36592.3 	 	 0 
102 	 3 	 237  	 36592.3 	  	 36592.3 	 	 36592.3 	 	 0 
102 	 3 	 238  	 36592.3 	  	 36592.3 	 	 36592.3 	 	 0 
102 	 3 	 239  	 36592.3 	  	 36592.3 	 	 36592.3 	 	 0 
102 	 3 	 240  	 36592.3 	  	 36592.3 	 	 36592.3 	 	 0 
102 	 3 	 241  	 36592.3 	  	 36592.3 	 	 36592.3 	 	 0 
102 	 3 	 242  	 36592.3 	  	 36592.3 	 	 36592.3 	 	 0 
102 	 3 	 243  	 36592.3 	  	 36592.3 	 	 36592.3 	 	 0 
102 	 3 	 244  	 36592.3 	  	 36592.3 	 	 36592.3 	 	 0 
102 	 3 	 245  	 36592.3 	  	 36592.3 	 	 36592.3 	 	 0 
102 	 3 	 246  	 36592.3 	  	 36592.3 	 	 36592.3 	 	 0 
102 	 3 	 247  	 36592.3 	  	 36592.3 	 	 36592.3 	 	 0 
102 	 3 	 248  	 36592.3 	  	 36592.3 	 	 36592.3 	 	 0 
102 	 3 	 249  	 36592.3 	  	 36592.3 	 	 36592.3 	 	 0 
102 	 3 	 250  	 36592.3 	  	 36592.3 	 	 36592.3 	 	 0 
102 	 3 	 251  	 36592.3 	  	 36592.3 	 	 36592.3 	 	 0 
102 	 3 	 252  	 36592.3 	  	 36592.3 	 	 36592.3 	 	 0 
102 	 3 	 253  	 36592.3 	  	 36592.3 	 	 36592.3 	 	 0 
102 	 3 	 254  	 36592.3 	  	 36592.3 	 	 36592.3 	 	 0 
102 	 3 	 255  	 36592.3 	  	 36592.3 	 	 36592.3 	 	 0 
102 	 3 	 256  	 36592.3 	  	 36592.3 	 	 36592.3 	 	 0 
102 	 3 	 257  	 36592.3 	  	 36592.3 	 	 36592.3 	 	 0 
102 	 3 	 258  	 36592.3 	  	 36592.3 	 	 36592.3 	 	 0 
102 	 3 	 259  	 36592.3 	  	 36592.3 	 	 36592.3 	 	 0 
102 	 3 	 260  	 36592.3 	  	 36592.3 	 	 36592.3 	 	 0 
102 	 3 	 261  	 36592.3 	  	 36592.3 	 	 36592.3 	 	 0 
102 	 3 	 262  	 36592.3 	  	 36592.3 	 	 36592.3 	 	 0 
102 	 3 	 263  	 36592.3 	  	 36592.3 	 	 36592.3 	 	 0 
102 	 3 	 264  	 36592.3 	  	 36592.3 	 	 36592.3 	 	 0 
102 	 3 	 265  	 36592.3 	  	 36592.3 	 	 36592.3 	 	 0 
102 	 3 	 266  	 36592.3 	  	 36592.3 	 	 36592.3 	 	 0 
102 	 3 	 267  	 36592.3 	  	 36592.3 	 	 36592.3 	 	 0 
102 	 3 	 268  	 36592.3 	  	 36592.3 	 	 36592.3 	 	 0 
102 	 3 	 269  	 36592.3 	  	 36592.3 	 	 36592.3 	 	 0 
102 	 3 	 270  	 36592.3 	  	 36592.3 	 	 36592.3 	 	 0 
102 	 3 	 271  	 36592.3 	  	 36592.3 	 	 36592.3 	 	 0 
102 	 3 	 272  	 36592.3 	  	 36592.3 	 	 36592.3 	 	 0 
102 	 3 	 273  	 36592.3 	  	 36592.3 	 	 36592.3 	 	 0 
102 	 3 	 274  	 36592.3 	  	 36592.3 	 	 36592.3 	 	 0 
102 	 3 	 275  	 36592.3 	  	 36592.3 	 	 36592.3 	 	 0 
102 	 3 	 276  	 36592.3 	  	 36592.3 	 	 36592.3 	 	 0 
102 	 3 	 277  	 36592.3 	  	 36592.3 	 	 36592.3 	 	 0 
102 	 3 	 278  	 36592.3 	  	 36592.3 	 	 36592.3 	 	 0 
102 	 3 	 279  	 36592.3 	  	 36592.3 	 	 36592.3 	 	 0 
102 	 3 	 280  	 36592.3 	  	 36592.3 	 	 36592.3 	 	 0 
102 	 3 	 281  	 36592.3 	  	 36592.3 	 	 36592.3 	 	 0 
102 	 3 	 282  	 36592.3 	  	 36592.3 	 	 36592.3 	 	 0 
102 	 3 	 283  	 36592.3 	  	 36592.3 	 	 36592.3 	 	 0 
102 	 3 	 284  	 36592.3 	  	 36592.3 	 	 36592.3 	 	 0 
102 	 3 	 285  	 36592.3 	  	 36592.3 	 	 36592.3 	 	 0 
102 	 3 	 286  	 36592.3 	  	 36592.3 	 	 36592.3 	 	 0 
102 	 3 	 287  	 36592.3 	  	 36592.3 	 	 36592.3 	 	 0 
102 	 3 	 288  	 36592.3 	  	 36592.3 	 	 36592.3 	 	 0 
102 	 3 	 289  	 36592.3 	  	 36592.3 	 	 36592.3 	 	 0 
102 	 3 	 290  	 36592.3 	  	 36592.3 	 	 36592.3 	 	 0 
102 	 3 	 291  	 36592.3 	  	 36592.3 	 	 36592.3 	 	 0 
102 	 3 	 292  	 36592.3 	  	 36592.3 	 	 36592.3 	 	 0 
102 	 3 	 293  	 36592.3 	  	 36592.3 	 	 36592.3 	 	 0 
102 	 3 	 294  	 36592.3 	  	 36592.3 	 	 36592.3 	 	 0 
102 	 3 	 295  	 36592.3 	  	 36592.3 	 	 36592.3 	 	 0 
102 	 3 	 296  	 36592.3 	  	 36592.3 	 	 36592.3 	 	 0 
102 	 3 	 297  	 36592.3 	  	 36592.3 	 	 36592.3 	 	 0 
102 	 3 	 298  	 36592.3 	  	 36592.3 	 	 36592.3 	 	 0 
102 	 3 	 299  	 36592.3 	  	 36592.3 	 	 36592.3 	 	 0 
102 	 3 	 300  	 36592.3 	  	 36592.3 	 	 36592.3 	 	 0 
102 	 3 	 301  	 36592.3 	  	 36592.3 	 	 36592.3 	 	 0 
102 	 3 	 302  	 36592.3 	  	 36592.3 	 	 36592.3 	 	 0 
102 	 3 	 303  	 36592.3 	  	 36592.3 	 	 36592.3 	 	 0 
102 	 3 	 304  	 36592.3 	  	 36592.3 	 	 36592.3 	 	 0 
102 	 3 	 305  	 36592.3 	  	 36592.3 	 	 36592.3 	 	 0 
102 	 3 	 306  	 36592.3 	  	 36592.3 	 	 36592.3 	 	 0 
102 	 3 	 307  	 36592.3 	  	 36592.3 	 	 36592.3 	 	 0 
102 	 3 	 308  	 36592.3 	  	 36592.3 	 	 36592.3 	 	 0 
102 	 3 	 309  	 36592.3 	  	 36592.3 	 	 36592.3 	 	 0 
102 	 3 	 310  	 36592.3 	  	 36592.3 	 	 36592.3 	 	 0 
102 	 3 	 311  	 36592.3 	  	 36592.3 	 	 36592.3 	 	 0 
102 	 3 	 312  	 36592.3 	  	 36592.3 	 	 36592.3 	 	 0 
102 	 3 	 313  	 36592.3 	  	 36592.3 	 	 36592.3 	 	 0 
102 	 3 	 314  	 36592.3 	  	 36592.3 	 	 36592.3 	 	 0 
102 	 3 	 315  	 36592.3 	  	 36592.3 	 	 36592.3 	 	 0 
102 	 3 	 316  	 36592.3 	  	 36592.3 	 	 36592.3 	 	 0 
102 	 3 	 317  	 36592.3 	  	 36592.3 	 	 36592.3 	 	 0 
102 	 3 	 318  	 36592.3 	  	 36592.3 	 	 36592.3 	 	 0 
102 	 3 	 319  	 36592.3 	  	 36592.3 	 	 36592.3 	 	 0 
102 	 3 	 320  	 36592.3 	  	 36592.3 	 	 36592.3 	 	 0 
102 	 3 	 321  	 36592.3 	  	 36592.3 	 	 36592.3 	 	 0 
102 	 3 	 322  	 36592.3 	  	 36592.3 	 	 36592.3 	 	 0 
102 	 3 	 323  	 36592.3 	  	 36592.3 	 	 36592.3 	 	 0 
102 	 3 	 324  	 36592.3 	  	 36592.3 	 	 36592.3 	 	 0 
102 	 3 	 325  	 36592.3 	  	 36592.3 	 	 36592.3 	 	 0 
102 	 3 	 326  	 36592.3 	  	 36592.3 	 	 36592.3 	 	 0 
102 	 3 	 327  	 36592.3 	  	 36592.3 	 	 36592.3 	 	 0 
102 	 3 	 328  	 36592.3 	  	 36592.3 	 	 36592.3 	 	 0 
102 	 3 	 329  	 36592.3 	  	 36592.3 	 	 36592.3 	 	 0 
102 	 3 	 330  	 36592.3 	  	 36592.3 	 	 36592.3 	 	 0 
102 	 3 	 331  	 36592.3 	  	 36592.3 	 	 36592.3 	 	 0 
102 	 3 	 332  	 36592.3 	  	 36592.3 	 	 36592.3 	 	 0 
102 	 3 	 333  	 36592.3 	  	 36592.3 	 	 36592.3 	 	 0 
102 	 3 	 334  	 36592.3 	  	 36592.3 	 	 36592.3 	 	 0 
102 	 3 	 335  	 36592.3 	  	 36592.3 	 	 36592.3 	 	 0 
102 	 3 	 336  	 36592.3 	  	 36592.3 	 	 36592.3 	 	 0 
102 	 3 	 337  	 36592.3 	  	 36592.3 	 	 36592.3 	 	 0 
102 	 3 	 338  	 36592.3 	  	 36592.3 	 	 36592.3 	 	 0 
102 	 3 	 339  	 36592.3 	  	 36592.3 	 	 36592.3 	 	 0 
102 	 3 	 340  	 36592.3 	  	 36592.3 	 	 36592.3 	 	 0 
102 	 3 	 341  	 36592.3 	  	 36592.3 	 	 36592.3 	 	 0 
102 	 3 	 342  	 36592.3 	  	 36592.3 	 	 36592.3 	 	 0 
102 	 3 	 343  	 36592.3 	  	 36592.3 	 	 36592.3 	 	 0 
102 	 3 	 344  	 36592.3 	  	 36592.3 	 	 36592.3 	 	 0 
102 	 3 	 345  	 36592.3 	  	 36592.3 	 	 36592.3 	 	 0 
102 	 3 	 346  	 36592.3 	  	 36592.3 	 	 36592.3 	 	 0 
102 	 3 	 347  	 36592.3 	  	 36592.3 	 	 36592.3 	 	 0 
102 	 3 	 348  	 36592.3 	  	 36592.3 	 	 36592.3 	 	 0 
102 	 3 	 349  	 36592.3 	  	 36592.3 	 	 36592.3 	 	 0 
102 	 3 	 350  	 36592.3 	  	 36592.3 	 	 36592.3 	 	 0 
102 	 3 	 351  	 36592.3 	  	 36592.3 	 	 36592.3 	 	 0 
102 	 3 	 352  	 36592.3 	  	 36592.3 	 	 36592.3 	 	 0 
102 	 3 	 353  	 36592.3 	  	 36592.3 	 	 36592.3 	 	 0 
102 	 3 	 354  	 36592.3 	  	 36592.3 	 	 36592.3 	 	 0 
102 	 3 	 355  	 36592.3 	  	 36592.3 	 	 36592.3 	 	 0 
102 	 3 	 356  	 36592.3 	  	 36592.3 	 	 36592.3 	 	 0 
102 	 3 	 357  	 36592.3 	  	 36592.3 	 	 36592.3 	 	 0 
102 	 3 	 358  	 36592.3 	  	 36592.3 	 	 36592.3 	 	 0 
102 	 3 	 359  	 36592.3 	  	 36592.3 	 	 36592.3 	 	 0 
102 	 3 	 360  	 36592.3 	  	 36592.3 	 	 36592.3 	 	 0 
102 	 3 	 361  	 36592.3 	  	 36592.3 	 	 36592.3 	 	 0 
102 	 3 	 362  	 36592.3 	  	 36592.3 	 	 36592.3 	 	 0 
102 	 3 	 363  	 36592.3 	  	 36592.3 	 	 36592.3 	 	 0 
102 	 3 	 364  	 36592.3 	  	 36592.3 	 	 36592.3 	 	 0 
102 	 3 	 365  	 36592.3 	  	 36592.3 	 	 36592.3 	 	 0 
102 	 3 	 366  	 36592.3 	  	 36592.3 	 	 36592.3 	 	 0 
102 	 3 	 367  	 36592.3 	  	 36592.3 	 	 36592.3 	 	 0 
102 	 3 	 368  	 36592.3 	  	 36592.3 	 	 36592.3 	 	 0 
102 	 3 	 369  	 36592.3 	  	 36592.3 	 	 36592.3 	 	 0 
102 	 3 	 370  	 36592.3 	  	 36592.3 	 	 36592.3 	 	 0 
102 	 3 	 371  	 36592.3 	  	 36592.3 	 	 36592.3 	 	 0 
102 	 3 	 372  	 36592.3 	  	 36592.3 	 	 36592.3 	 	 0 
102 	 3 	 373  	 36592.3 	  	 36592.3 	 	 36592.3 	 	 0 
102 	 3 	 374  	 36592.3 	  	 36592.3 	 	 36592.3 	 	 0 
102 	 3 	 375  	 36592.3 	  	 36592.3 	 	 36592.3 	 	 0 
102 	 3 	 376  	 36592.3 	  	 36592.3 	 	 36592.3 	 	 0 
102 	 3 	 377  	 36592.3 	  	 36592.3 	 	 36592.3 	 	 0 
102 	 3 	 378  	 36592.3 	  	 36592.3 	 	 36592.3 	 	 0 
102 	 3 	 379  	 36592.3 	  	 36592.3 	 	 36592.3 	 	 0 
102 	 3 	 380  	 36592.3 	  	 36592.3 	 	 36592.3 	 	 0 
102 	 3 	 381  	 36592.3 	  	 36592.3 	 	 36592.3 	 	 0 
102 	 3 	 382  	 36592.3 	  	 36592.3 	 	 36592.3 	 	 0 
102 	 3 	 383  	 36592.3 	  	 36592.3 	 	 36592.3 	 	 0 
102 	 3 	 384  	 36592.3 	  	 36592.3 	 	 36592.3 	 	 0 
102 	 3 	 385  	 36592.3 	  	 36592.3 	 	 36592.3 	 	 0 
102 	 3 	 386  	 36592.3 	  	 36592.3 	 	 36592.3 	 	 0 
102 	 3 	 387  	 36592.3 	  	 36592.3 	 	 36592.3 	 	 0 
102 	 3 	 388  	 36592.3 	  	 36592.3 	 	 36592.3 	 	 0 
102 	 3 	 389  	 36592.3 	  	 36592.3 	 	 36592.3 	 	 0 
102 	 3 	 390  	 36592.3 	  	 36592.3 	 	 36592.3 	 	 0 
102 	 3 	 391  	 36592.3 	  	 36592.3 	 	 36592.3 	 	 0 
102 	 3 	 392  	 36592.3 	  	 36592.3 	 	 36592.3 	 	 0 
102 	 3 	 393  	 36592.3 	  	 36592.3 	 	 36592.3 	 	 0 
102 	 3 	 394  	 36592.3 	  	 36592.3 	 	 36592.3 	 	 0 
102 	 3 	 395  	 36592.3 	  	 36592.3 	 	 36592.3 	 	 0 
102 	 3 	 396  	 36592.3 	  	 36592.3 	 	 36592.3 	 	 0 
102 	 3 	 397  	 36592.3 	  	 36592.3 	 	 36592.3 	 	 0 
102 	 3 	 398  	 36592.3 	  	 36592.3 	 	 36592.3 	 	 0 
102 	 3 	 399  	 36592.3 	  	 36592.3 	 	 36592.3 	 	 0 
102 	 3 	 400  	 36592.3 	  	 36592.3 	 	 36592.3 	 	 0 
102 	 3 	 401  	 36592.3 	  	 36592.3 	 	 36592.3 	 	 0 
102 	 3 	 402  	 36592.3 	  	 36592.3 	 	 36592.3 	 	 0 
102 	 3 	 403  	 36592.3 	  	 36592.3 	 	 36592.3 	 	 0 
102 	 3 	 404  	 36592.3 	  	 36592.3 	 	 36592.3 	 	 0 
102 	 3 	 405  	 36592.3 	  	 36592.3 	 	 36592.3 	 	 0 
102 	 3 	 406  	 36592.3 	  	 36592.3 	 	 36592.3 	 	 0 
102 	 3 	 407  	 36592.3 	  	 36592.3 	 	 36592.3 	 	 0 
102 	 3 	 408  	 36592.3 	  	 36592.3 	 	 36592.3 	 	 0 
102 	 3 	 409  	 36592.3 	  	 36592.3 	 	 36592.3 	 	 0 
102 	 3 	 410  	 36592.3 	  	 36592.3 	 	 36592.3 	 	 0 
102 	 3 	 411  	 36592.3 	  	 36592.3 	 	 36592.3 	 	 0 
102 	 3 	 412  	 36592.3 	  	 36592.3 	 	 36592.3 	 	 0 
102 	 3 	 413  	 36592.3 	  	 36592.3 	 	 36592.3 	 	 0 
102 	 3 	 414  	 36592.3 	  	 36592.3 	 	 36592.3 	 	 0 
102 	 3 	 415  	 36592.3 	  	 36592.3 	 	 36592.3 	 	 0 
102 	 3 	 416  	 36592.3 	  	 36592.3 	 	 36592.3 	 	 0 
102 	 3 	 417  	 36592.3 	  	 36592.3 	 	 36592.3 	 	 0 
102 	 3 	 418  	 36592.3 	  	 36592.3 	 	 36592.3 	 	 0 
102 	 3 	 419  	 36592.3 	  	 36592.3 	 	 36592.3 	 	 0 
102 	 3 	 420  	 36592.3 	  	 36592.3 	 	 36592.3 	 	 0 
102 	 3 	 421  	 36592.3 	  	 36592.3 	 	 36592.3 	 	 0 
102 	 3 	 422  	 36592.3 	  	 36592.3 	 	 36592.3 	 	 0 
102 	 3 	 423  	 36592.3 	  	 36592.3 	 	 36592.3 	 	 0 
102 	 3 	 424  	 36592.3 	  	 36592.3 	 	 36592.3 	 	 0 
102 	 3 	 425  	 36592.3 	  	 36592.3 	 	 36592.3 	 	 0 
102 	 3 	 426  	 36592.3 	  	 36592.3 	 	 36592.3 	 	 0 
102 	 3 	 427  	 36592.3 	  	 36592.3 	 	 36592.3 	 	 0 
102 	 3 	 428  	 36592.3 	  	 36592.3 	 	 36592.3 	 	 0 
102 	 3 	 429  	 36592.3 	  	 36592.3 	 	 36592.3 	 	 0 
102 	 3 	 430  	 36592.3 	  	 36592.3 	 	 36592.3 	 	 0 
102 	 3 	 431  	 36592.3 	  	 36592.3 	 	 36592.3 	 	 0 
102 	 3 	 432  	 36592.3 	  	 36592.3 	 	 36592.3 	 	 0 
102 	 3 	 433  	 36592.3 	  	 36592.3 	 	 36592.3 	 	 0 
102 	 3 	 434  	 36592.3 	  	 36592.3 	 	 36592.3 	 	 0 
102 	 3 	 435  	 36592.3 	  	 36592.3 	 	 36592.3 	 	 0 
102 	 3 	 436  	 36592.3 	  	 36592.3 	 	 36592.3 	 	 0 
102 	 3 	 437  	 36592.3 	  	 36592.3 	 	 36592.3 	 	 0 
102 	 3 	 438  	 36592.3 	  	 36592.3 	 	 36592.3 	 	 0 
102 	 3 	 439  	 36592.3 	  	 36592.3 	 	 36592.3 	 	 0 
102 	 3 	 440  	 36592.3 	  	 36592.3 	 	 36592.3 	 	 0 
102 	 3 	 441  	 36592.3 	  	 36592.3 	 	 36592.3 	 	 0 
102 	 3 	 442  	 36592.3 	  	 36592.3 	 	 36592.3 	 	 0 
102 	 3 	 443  	 36592.3 	  	 36592.3 	 	 36592.3 	 	 0 
102 	 3 	 444  	 36592.3 	  	 36592.3 	 	 36592.3 	 	 0 
102 	 3 	 445  	 36592.3 	  	 36592.3 	 	 36592.3 	 	 0 
102 	 3 	 446  	 36592.3 	  	 36592.3 	 	 36592.3 	 	 0 
102 	 3 	 447  	 36592.3 	  	 36592.3 	 	 36592.3 	 	 0 
102 	 3 	 448  	 36592.3 	  	 36592.3 	 	 36592.3 	 	 0 
102 	 3 	 449  	 36592.3 	  	 36592.3 	 	 36592.3 	 	 0 
102 	 3 	 450  	 36592.3 	  	 36592.3 	 	 36592.3 	 	 0 
102 	 3 	 451  	 36592.3 	  	 36592.3 	 	 36592.3 	 	 0 
102 	 3 	 452  	 36592.3 	  	 36592.3 	 	 36592.3 	 	 0 
102 	 3 	 453  	 36592.3 	  	 36592.3 	 	 36592.3 	 	 0 
102 	 3 	 454  	 36592.3 	  	 36592.3 	 	 36592.3 	 	 0 
102 	 3 	 455  	 36592.3 	  	 36592.3 	 	 36592.3 	 	 0 
102 	 3 	 456  	 36592.3 	  	 36592.3 	 	 36592.3 	 	 0 
102 	 3 	 457  	 36592.3 	  	 36592.3 	 	 36592.3 	 	 0 
102 	 3 	 458  	 36592.3 	  	 36592.3 	 	 36592.3 	 	 0 
102 	 3 	 459  	 36592.3 	  	 36592.3 	 	 36592.3 	 	 0 
102 	 3 	 460  	 36592.3 	  	 36592.3 	 	 36592.3 	 	 0 
102 	 3 	 461  	 36592.3 	  	 36592.3 	 	 36592.3 	 	 0 
102 	 3 	 462  	 36592.3 	  	 36592.3 	 	 36592.3 	 	 0 
102 	 3 	 463  	 36592.3 	  	 36592.3 	 	 36592.3 	 	 0 
102 	 3 	 464  	 36592.3 	  	 36592.3 	 	 36592.3 	 	 0 
102 	 3 	 465  	 36592.3 	  	 36592.3 	 	 36592.3 	 	 0 
102 	 3 	 466  	 36592.3 	  	 36592.3 	 	 36592.3 	 	 0 
102 	 3 	 467  	 36592.3 	  	 36592.3 	 	 36592.3 	 	 0 
102 	 3 	 468  	 36592.3 	  	 36592.3 	 	 36592.3 	 	 0 
102 	 3 	 469  	 36592.3 	  	 36592.3 	 	 36592.3 	 	 0 
102 	 3 	 470  	 36592.3 	  	 36592.3 	 	 36592.3 	 	 0 
102 	 3 	 471  	 36592.3 	  	 36592.3 	 	 36592.3 	 	 0 
102 	 3 	 472  	 36592.3 	  	 36592.3 	 	 36592.3 	 	 0 
102 	 3 	 473  	 36592.3 	  	 36592.3 	 	 36592.3 	 	 0 
102 	 3 	 474  	 36592.3 	  	 36592.3 	 	 36592.3 	 	 0 
102 	 3 	 475  	 36592.3 	  	 36592.3 	 	 36592.3 	 	 0 
102 	 3 	 476  	 36592.3 	  	 36592.3 	 	 36592.3 	 	 0 
102 	 3 	 477  	 36592.3 	  	 36592.3 	 	 36592.3 	 	 0 
102 	 3 	 478  	 36592.3 	  	 36592.3 	 	 36592.3 	 	 0 
102 	 3 	 479  	 36592.3 	  	 36592.3 	 	 36592.3 	 	 0 
102 	 3 	 480  	 36592.3 	  	 36592.3 	 	 36592.3 	 	 0 
102 	 3 	 481  	 36592.3 	  	 36592.3 	 	 36592.3 	 	 0 
102 	 3 	 482  	 36592.3 	  	 36592.3 	 	 36592.3 	 	 0 
102 	 3 	 483  	 36592.3 	  	 36592.3 	 	 36592.3 	 	 0 
102 	 3 	 484  	 36592.3 	  	 36592.3 	 	 36592.3 	 	 0 
102 	 3 	 485  	 36592.3 	  	 36592.3 	 	 36592.3 	 	 0 
102 	 3 	 486  	 36592.3 	  	 36592.3 	 	 36592.3 	 	 0 
102 	 3 	 487  	 36592.3 	  	 36592.3 	 	 36592.3 	 	 0 
102 	 3 	 488  	 36592.3 	  	 36592.3 	 	 36592.3 	 	 0 
102 	 3 	 489  	 36592.3 	  	 36592.3 	 	 36592.3 	 	 0 
102 	 3 	 490  	 36592.3 	  	 36592.3 	 	 36592.3 	 	 0 
102 	 3 	 491  	 36592.3 	  	 36592.3 	 	 36592.3 	 	 0 
102 	 3 	 492  	 36592.3 	  	 36592.3 	 	 36592.3 	 	 0 
102 	 3 	 493  	 36592.3 	  	 36592.3 	 	 36592.3 	 	 0 
102 	 3 	 494  	 36592.3 	  	 36592.3 	 	 36592.3 	 	 0 
102 	 3 	 495  	 36592.3 	  	 36592.3 	 	 36592.3 	 	 0 
102 	 3 	 496  	 36592.3 	  	 36592.3 	 	 36592.3 	 	 0 
102 	 3 	 497  	 36592.3 	  	 36592.3 	 	 36592.3 	 	 0 
102 	 3 	 498  	 36592.3 	  	 36592.3 	 	 36592.3 	 	 0 
102 	 3 	 499  	 36592.3 	  	 36592.3 	 	 36592.3 	 	 0 
102 	 3 	 500  	 36592.3 	  	 36592.3 	 	 36592.3 	 	 0 
102 	 3 	 501  	 36592.3 	  	 36592.3 	 	 36592.3 	 	 0 
102 	 3 	 502  	 36592.3 	  	 36592.3 	 	 36592.3 	 	 0 
102 	 3 	 503  	 36592.3 	  	 36592.3 	 	 36592.3 	 	 0 
102 	 3 	 504  	 36592.3 	  	 36592.3 	 	 36592.3 	 	 0 
102 	 3 	 505  	 36592.3 	  	 36592.3 	 	 36592.3 	 	 0 
102 	 3 	 506  	 36592.3 	  	 36592.3 	 	 36592.3 	 	 0 
102 	 3 	 507  	 36592.3 	  	 36592.3 	 	 36592.3 	 	 0 
102 	 3 	 508  	 36592.3 	  	 36592.3 	 	 36592.3 	 	 0 
102 	 3 	 509  	 36592.3 	  	 36592.3 	 	 36592.3 	 	 0 
102 	 3 	 510  	 36592.3 	  	 36592.3 	 	 36592.3 	 	 0 
102 	 3 	 511  	 36592.3 	  	 36592.3 	 	 36592.3 	 	 0 
102 	 3 	 512  	 36592.3 	  	 36592.3 	 	 36592.3 	 	 0 
102 	 3 	 513  	 36592.3 	  	 36592.3 	 	 36592.3 	 	 0 
102 	 3 	 514  	 36592.3 	  	 36592.3 	 	 36592.3 	 	 0 
102 	 3 	 515  	 36592.3 	  	 36592.3 	 	 36592.3 	 	 0 
102 	 3 	 516  	 36592.3 	  	 36592.3 	 	 36592.3 	 	 0 
102 	 3 	 517  	 36592.3 	  	 36592.3 	 	 36592.3 	 	 0 
102 	 3 	 518  	 36592.3 	  	 36592.3 	 	 36592.3 	 	 0 
102 	 3 	 519  	 36592.3 	  	 36592.3 	 	 36592.3 	 	 0 
102 	 3 	 520  	 36592.3 	  	 36592.3 	 	 36592.3 	 	 0 
102 	 3 	 521  	 36592.3 	  	 36592.3 	 	 36592.3 	 	 0 
102 	 3 	 522  	 36592.3 	  	 36592.3 	 	 36592.3 	 	 0 
102 	 3 	 523  	 36592.3 	  	 36592.3 	 	 36592.3 	 	 0 
102 	 3 	 524  	 36592.3 	  	 36592.3 	 	 36592.3 	 	 0 
102 	 3 	 525  	 36592.3 	  	 36592.3 	 	 36592.3 	 	 0 
102 	 3 	 526  	 36592.3 	  	 36592.3 	 	 36592.3 	 	 0 
102 	 3 	 527  	 36592.3 	  	 36592.3 	 	 36592.3 	 	 0 
102 	 3 	 528  	 36592.3 	  	 36592.3 	 	 36592.3 	 	 0 
102 	 3 	 529  	 36592.3 	  	 36592.3 	 	 36592.3 	 	 0 
102 	 3 	 530  	 36592.3 	  	 36592.3 	 	 36592.3 	 	 0 
102 	 3 	 531  	 36592.3 	  	 36592.3 	 	 36592.3 	 	 0 
102 	 3 	 532  	 36592.3 	  	 36592.3 	 	 36592.3 	 	 0 
102 	 3 	 533  	 36592.3 	  	 36592.3 	 	 36592.3 	 	 0 
102 	 3 	 534  	 36592.3 	  	 36592.3 	 	 36592.3 	 	 0 
102 	 3 	 535  	 36592.3 	  	 36592.3 	 	 36592.3 	 	 0 
102 	 3 	 536  	 36592.3 	  	 36592.3 	 	 36592.3 	 	 0 
102 	 3 	 537  	 36592.3 	  	 36592.3 	 	 36592.3 	 	 0 
102 	 3 	 538  	 36592.3 	  	 36592.3 	 	 36592.3 	 	 0 
102 	 3 	 539  	 36592.3 	  	 36592.3 	 	 36592.3 	 	 0 
102 	 3 	 540  	 36592.3 	  	 36592.3 	 	 36592.3 	 	 0 
102 	 3 	 541  	 36592.3 	  	 36592.3 	 	 36592.3 	 	 0 
102 	 3 	 542  	 36592.3 	  	 36592.3 	 	 36592.3 	 	 0 
102 	 3 	 543  	 36592.3 	  	 36592.3 	 	 36592.3 	 	 0 
102 	 3 	 544  	 36592.3 	  	 36592.3 	 	 36592.3 	 	 0 
102 	 3 	 545  	 36592.3 	  	 36592.3 	 	 36592.3 	 	 0 
102 	 3 	 546  	 36592.3 	  	 36592.3 	 	 36592.3 	 	 0 
102 	 3 	 547  	 36592.3 	  	 36592.3 	 	 36592.3 	 	 0 
102 	 3 	 548  	 36592.3 	  	 36592.3 	 	 36592.3 	 	 0 
102 	 3 	 549  	 36592.3 	  	 36592.3 	 	 36592.3 	 	 0 
102 	 3 	 550  	 36592.3 	  	 36592.3 	 	 36592.3 	 	 0 
102 	 3 	 551  	 36592.3 	  	 36592.3 	 	 36592.3 	 	 0 
102 	 3 	 552  	 36592.3 	  	 36592.3 	 	 36592.3 	 	 0 
102 	 3 	 553  	 36592.3 	  	 36592.3 	 	 36592.3 	 	 0 
102 	 3 	 554  	 36592.3 	  	 36592.3 	 	 36592.3 	 	 0 
102 	 3 	 555  	 36592.3 	  	 36592.3 	 	 36592.3 	 	 0 
102 	 3 	 556  	 36592.3 	  	 36592.3 	 	 36592.3 	 	 0 
102 	 3 	 557  	 36592.3 	  	 36592.3 	 	 36592.3 	 	 0 
102 	 3 	 558  	 36592.3 	  	 36592.3 	 	 36592.3 	 	 0 
102 	 3 	 559  	 36592.3 	  	 36592.3 	 	 36592.3 	 	 0 
102 	 3 	 560  	 36592.3 	  	 36592.3 	 	 36592.3 	 	 0 
102 	 3 	 561  	 36592.3 	  	 36592.3 	 	 36592.3 	 	 0 
102 	 3 	 562  	 36592.3 	  	 36592.3 	 	 36592.3 	 	 0 
102 	 3 	 563  	 36592.3 	  	 36592.3 	 	 36592.3 	 	 0 
102 	 3 	 564  	 36592.3 	  	 36592.3 	 	 36592.3 	 	 0 
102 	 3 	 565  	 36592.3 	  	 36592.3 	 	 36592.3 	 	 0 
102 	 3 	 566  	 36592.3 	  	 36592.3 	 	 36592.3 	 	 0 
102 	 3 	 567  	 36592.3 	  	 36592.3 	 	 36592.3 	 	 0 
102 	 3 	 568  	 36592.3 	  	 36592.3 	 	 36592.3 	 	 0 
102 	 3 	 569  	 36592.3 	  	 36592.3 	 	 36592.3 	 	 0 
102 	 3 	 570  	 36592.3 	  	 36592.3 	 	 36592.3 	 	 0 
102 	 3 	 571  	 36592.3 	  	 36592.3 	 	 36592.3 	 	 0 
102 	 3 	 572  	 36592.3 	  	 36592.3 	 	 36592.3 	 	 0 
102 	 3 	 573  	 36592.3 	  	 36592.3 	 	 36592.3 	 	 0 
102 	 3 	 574  	 36592.3 	  	 36592.3 	 	 36592.3 	 	 0 
102 	 3 	 575  	 36592.3 	  	 36592.3 	 	 36592.3 	 	 0 
102 	 3 	 576  	 36592.3 	  	 36592.3 	 	 36592.3 	 	 0 
102 	 3 	 577  	 36592.3 	  	 36592.3 	 	 36592.3 	 	 0 
102 	 3 	 578  	 36592.3 	  	 36592.3 	 	 36592.3 	 	 0 
102 	 3 	 579  	 36592.3 	  	 36592.3 	 	 36592.3 	 	 0 
102 	 3 	 580  	 36592.3 	  	 36592.3 	 	 36592.3 	 	 0 
102 	 3 	 581  	 36592.3 	  	 36592.3 	 	 36592.3 	 	 0 
102 	 3 	 582  	 36592.3 	  	 36592.3 	 	 36592.3 	 	 0 
102 	 3 	 583  	 36592.3 	  	 36592.3 	 	 36592.3 	 	 0 
102 	 3 	 584  	 36592.3 	  	 36592.3 	 	 36592.3 	 	 0 
102 	 3 	 585  	 36592.3 	  	 36592.3 	 	 36592.3 	 	 0 
102 	 3 	 586  	 36592.3 	  	 36592.3 	 	 36592.3 	 	 0 
102 	 3 	 587  	 36592.3 	  	 36592.3 	 	 36592.3 	 	 0 
102 	 3 	 588  	 36592.3 	  	 36592.3 	 	 36592.3 	 	 0 
102 	 3 	 589  	 36592.3 	  	 36592.3 	 	 36592.3 	 	 0 
102 	 3 	 590  	 36592.3 	  	 36592.3 	 	 36592.3 	 	 0 
102 	 3 	 591  	 36592.3 	  	 36592.3 	 	 36592.3 	 	 0 
102 	 3 	 592  	 36592.3 	  	 36592.3 	 	 36592.3 	 	 0 
102 	 3 	 593  	 36592.3 	  	 36592.3 	 	 36592.3 	 	 0 
102 	 3 	 594  	 36592.3 	  	 36592.3 	 	 36592.3 	 	 0 
102 	 3 	 595  	 36592.3 	  	 36592.3 	 	 36592.3 	 	 0 
102 	 3 	 596  	 36592.3 	  	 36592.3 	 	 36592.3 	 	 0 
102 	 3 	 597  	 36592.3 	  	 36592.3 	 	 36592.3 	 	 0 
102 	 3 	 598  	 36592.3 	  	 36592.3 	 	 36592.3 	 	 0 
102 	 3 	 599  	 36592.3 	  	 36592.3 	 	 36592.3 	 	 0 
102 	 3 	 600  	 36592.3 	  	 36592.3 	 	 36592.3 	 	 0 
102 	 3 	 601  	 36592.3 	  	 36592.3 	 	 36592.3 	 	 0 
102 	 3 	 602  	 36592.3 	  	 36592.3 	 	 36592.3 	 	 0 
102 	 3 	 603  	 36592.3 	  	 36592.3 	 	 36592.3 	 	 0 
102 	 3 	 604  	 36592.3 	  	 36592.3 	 	 36592.3 	 	 0 
102 	 3 	 605  	 36592.3 	  	 36592.3 	 	 36592.3 	 	 0 
102 	 3 	 606  	 36592.3 	  	 36592.3 	 	 36592.3 	 	 0 
102 	 3 	 607  	 36592.3 	  	 36592.3 	 	 36592.3 	 	 0 
102 	 3 	 608  	 36592.3 	  	 36592.3 	 	 36592.3 	 	 0 
102 	 3 	 609  	 36592.3 	  	 36592.3 	 	 36592.3 	 	 0 
102 	 3 	 610  	 36592.3 	  	 36592.3 	 	 36592.3 	 	 0 
102 	 3 	 611  	 36592.3 	  	 36592.3 	 	 36592.3 	 	 0 
102 	 3 	 612  	 36592.3 	  	 36592.3 	 	 36592.3 	 	 0 
102 	 3 	 613  	 36592.3 	  	 36592.3 	 	 36592.3 	 	 0 
102 	 3 	 614  	 36592.3 	  	 36592.3 	 	 36592.3 	 	 0 
102 	 3 	 615  	 36592.3 	  	 36592.3 	 	 36592.3 	 	 0 
102 	 3 	 616  	 36592.3 	  	 36592.3 	 	 36592.3 	 	 0 
102 	 3 	 617  	 36592.3 	  	 36592.3 	 	 36592.3 	 	 0 
102 	 3 	 618  	 36592.3 	  	 36592.3 	 	 36592.3 	 	 0 
102 	 3 	 619  	 36592.3 	  	 36592.3 	 	 36592.3 	 	 0 
102 	 3 	 620  	 36592.3 	  	 36592.3 	 	 36592.3 	 	 0 
102 	 3 	 621  	 36592.3 	  	 36592.3 	 	 36592.3 	 	 0 
102 	 3 	 622  	 36592.3 	  	 36592.3 	 	 36592.3 	 	 0 
102 	 3 	 623  	 36592.3 	  	 36592.3 	 	 36592.3 	 	 0 
102 	 3 	 624  	 36592.3 	  	 36592.3 	 	 36592.3 	 	 0 
102 	 3 	 625  	 36592.3 	  	 36592.3 	 	 36592.3 	 	 0 
102 	 3 	 626  	 36592.3 	  	 36592.3 	 	 36592.3 	 	 0 
102 	 3 	 627  	 36592.3 	  	 36592.3 	 	 36592.3 	 	 0 
102 	 3 	 628  	 36592.3 	  	 36592.3 	 	 36592.3 	 	 0 
102 	 3 	 629  	 36592.3 	  	 36592.3 	 	 36592.3 	 	 0 
102 	 3 	 630  	 36592.3 	  	 36592.3 	 	 36592.3 	 	 0 
102 	 3 	 631  	 36592.3 	  	 36592.3 	 	 36592.3 	 	 0 
102 	 3 	 632  	 36592.3 	  	 36592.3 	 	 36592.3 	 	 0 
102 	 3 	 633  	 36592.3 	  	 36592.3 	 	 36592.3 	 	 0 
102 	 3 	 634  	 36592.3 	  	 36592.3 	 	 36592.3 	 	 0 
102 	 3 	 635  	 36592.3 	  	 36592.3 	 	 36592.3 	 	 0 
102 	 3 	 636  	 36592.3 	  	 36592.3 	 	 36592.3 	 	 0 
102 	 3 	 637  	 36592.3 	  	 36592.3 	 	 36592.3 	 	 0 
102 	 3 	 638  	 36592.3 	  	 36592.3 	 	 36592.3 	 	 0 
102 	 3 	 639  	 36592.3 	  	 36592.3 	 	 36592.3 	 	 0 
102 	 3 	 640  	 36592.3 	  	 36592.3 	 	 36592.3 	 	 0 
102 	 3 	 641  	 36592.3 	  	 36592.3 	 	 36592.3 	 	 0 
102 	 3 	 642  	 36592.3 	  	 36592.3 	 	 36592.3 	 	 0 
102 	 3 	 643  	 36592.3 	  	 36592.3 	 	 36592.3 	 	 0 
102 	 3 	 644  	 36592.3 	  	 36592.3 	 	 36592.3 	 	 0 
102 	 3 	 645  	 36592.3 	  	 36592.3 	 	 36592.3 	 	 0 
102 	 3 	 646  	 36592.3 	  	 36592.3 	 	 36592.3 	 	 0 
102 	 3 	 647  	 36592.3 	  	 36592.3 	 	 36592.3 	 	 0 
102 	 3 	 648  	 36592.3 	  	 36592.3 	 	 36592.3 	 	 0 
102 	 3 	 649  	 36592.3 	  	 36592.3 	 	 36592.3 	 	 0 
102 	 3 	 650  	 36592.3 	  	 36592.3 	 	 36592.3 	 	 0 
102 	 3 	 651  	 36592.3 	  	 36592.3 	 	 36592.3 	 	 0 
102 	 3 	 652  	 36592.3 	  	 36592.3 	 	 36592.3 	 	 0 
102 	 3 	 653  	 36592.3 	  	 36592.3 	 	 36592.3 	 	 0 
102 	 3 	 654  	 36592.3 	  	 36592.3 	 	 36592.3 	 	 0 
102 	 3 	 655  	 36592.3 	  	 36592.3 	 	 36592.3 	 	 0 
102 	 3 	 656  	 36592.3 	  	 36592.3 	 	 36592.3 	 	 0 
102 	 3 	 657  	 36592.3 	  	 36592.3 	 	 36592.3 	 	 0 
102 	 3 	 658  	 36592.3 	  	 36592.3 	 	 36592.3 	 	 0 
102 	 3 	 659  	 36592.3 	  	 36592.3 	 	 36592.3 	 	 0 
102 	 3 	 660  	 36592.3 	  	 36592.3 	 	 36592.3 	 	 0 
102 	 3 	 661  	 36592.3 	  	 36592.3 	 	 36592.3 	 	 0 
102 	 3 	 662  	 36592.3 	  	 36592.3 	 	 36592.3 	 	 0 
102 	 3 	 663  	 36592.3 	  	 36592.3 	 	 36592.3 	 	 0 
102 	 3 	 664  	 36592.3 	  	 36592.3 	 	 36592.3 	 	 0 
102 	 3 	 665  	 36592.3 	  	 36592.3 	 	 36592.3 	 	 0 
102 	 3 	 666  	 36592.3 	  	 36592.3 	 	 36592.3 	 	 0 
102 	 3 	 667  	 36592.3 	  	 36592.3 	 	 36592.3 	 	 0 
102 	 3 	 668  	 36592.3 	  	 36592.3 	 	 36592.3 	 	 0 
102 	 3 	 669  	 36592.3 	  	 36592.3 	 	 36592.3 	 	 0 
102 	 3 	 670  	 36592.3 	  	 36592.3 	 	 36592.3 	 	 0 
102 	 3 	 671  	 36592.3 	  	 36592.3 	 	 36592.3 	 	 0 
102 	 3 	 672  	 36592.3 	  	 36592.3 	 	 36592.3 	 	 0 
102 	 3 	 673  	 36592.3 	  	 36592.3 	 	 36592.3 	 	 0 
102 	 3 	 674  	 36592.3 	  	 36592.3 	 	 36592.3 	 	 0 
102 	 3 	 675  	 36592.3 	  	 36592.3 	 	 36592.3 	 	 0 
102 	 3 	 676  	 36592.3 	  	 36592.3 	 	 36592.3 	 	 0 
102 	 3 	 677  	 36592.3 	  	 36592.3 	 	 36592.3 	 	 0 
102 	 3 	 678  	 36592.3 	  	 36592.3 	 	 36592.3 	 	 0 
102 	 3 	 679  	 36592.3 	  	 36592.3 	 	 36592.3 	 	 0 
102 	 3 	 680  	 36592.3 	  	 36592.3 	 	 36592.3 	 	 0 
102 	 3 	 681  	 36592.3 	  	 36592.3 	 	 36592.3 	 	 0 
102 	 3 	 682  	 36592.3 	  	 36592.3 	 	 36592.3 	 	 0 
102 	 3 	 683  	 36592.3 	  	 36592.3 	 	 36592.3 	 	 0 
102 	 3 	 684  	 36592.3 	  	 36592.3 	 	 36592.3 	 	 0 
102 	 3 	 685  	 36592.3 	  	 36592.3 	 	 36592.3 	 	 0 
102 	 3 	 686  	 36592.3 	  	 36592.3 	 	 36592.3 	 	 0 
102 	 3 	 687  	 36592.3 	  	 36592.3 	 	 36592.3 	 	 0 
102 	 3 	 688  	 36592.3 	  	 36592.3 	 	 36592.3 	 	 0 
102 	 3 	 689  	 36592.3 	  	 36592.3 	 	 36592.3 	 	 0 
102 	 3 	 690  	 36592.3 	  	 36592.3 	 	 36592.3 	 	 0 
102 	 3 	 691  	 36592.3 	  	 36592.3 	 	 36592.3 	 	 0 
102 	 3 	 692  	 36592.3 	  	 36592.3 	 	 36592.3 	 	 0 
102 	 3 	 693  	 36592.3 	  	 36592.3 	 	 36592.3 	 	 0 
102 	 3 	 694  	 36592.3 	  	 36592.3 	 	 36592.3 	 	 0 
102 	 3 	 695  	 36592.3 	  	 36592.3 	 	 36592.3 	 	 0 
102 	 3 	 696  	 36592.3 	  	 36592.3 	 	 36592.3 	 	 0 
102 	 3 	 697  	 36592.3 	  	 36592.3 	 	 36592.3 	 	 0 
102 	 3 	 698  	 36592.3 	  	 36592.3 	 	 36592.3 	 	 0 
102 	 3 	 699  	 36592.3 	  	 36592.3 	 	 36592.3 	 	 0 
102 	 3 	 700  	 36592.3 	  	 36592.3 	 	 36592.3 	 	 0 
102 	 3 	 701  	 36592.3 	  	 36592.3 	 	 36592.3 	 	 0 
102 	 3 	 702  	 36592.3 	  	 36592.3 	 	 36592.3 	 	 0 
102 	 3 	 703  	 36592.3 	  	 36592.3 	 	 36592.3 	 	 0 
102 	 3 	 704  	 36592.3 	  	 36592.3 	 	 36592.3 	 	 0 
102 	 3 	 705  	 36592.3 	  	 36592.3 	 	 36592.3 	 	 0 
102 	 3 	 706  	 36592.3 	  	 36592.3 	 	 36592.3 	 	 0 
102 	 3 	 707  	 36592.3 	  	 36592.3 	 	 36592.3 	 	 0 
102 	 3 	 708  	 36592.3 	  	 36592.3 	 	 36592.3 	 	 0 
102 	 3 	 709  	 36592.3 	  	 36592.3 	 	 36592.3 	 	 0 
102 	 3 	 710  	 36592.3 	  	 36592.3 	 	 36592.3 	 	 0 
102 	 3 	 711  	 36592.3 	  	 36592.3 	 	 36592.3 	 	 0 
102 	 3 	 712  	 36592.3 	  	 36592.3 	 	 36592.3 	 	 0 
102 	 3 	 713  	 36592.3 	  	 36592.3 	 	 36592.3 	 	 0 
102 	 3 	 714  	 36592.3 	  	 36592.3 	 	 36592.3 	 	 0 
