102 	 7 	 1  	 431932 	  	 0 	 	 0 	 	 0 
102 	 7 	 2  	 431932 	  	 0 	 	 0 	 	 0 
102 	 7 	 3  	 431932 	  	 0 	 	 0 	 	 0 
102 	 7 	 4  	 431932 	  	 0 	 	 0 	 	 0 
102 	 7 	 5  	 431932 	  	 0 	 	 0 	 	 0 
102 	 7 	 6  	 431932 	  	 0 	 	 0 	 	 0 
102 	 7 	 7  	 431932 	  	 431932 	 	 0 	 	 0 
102 	 7 	 8  	 431932 	  	 431932 	 	 431932 	 	 0 
102 	 7 	 9  	 431932 	  	 431932 	 	 431932 	 	 0 
102 	 7 	 10  	 431932 	  	 431932 	 	 431932 	 	 0 
102 	 7 	 11  	 431932 	  	 431932 	 	 431932 	 	 0 
102 	 7 	 12  	 431932 	  	 431932 	 	 431932 	 	 0 
102 	 7 	 13  	 431932 	  	 431932 	 	 431932 	 	 0 
102 	 7 	 14  	 431932 	  	 431932 	 	 431932 	 	 0 
102 	 7 	 15  	 431932 	  	 431932 	 	 431932 	 	 0 
102 	 7 	 16  	 431932 	  	 431932 	 	 431932 	 	 0 
102 	 7 	 17  	 431932 	  	 431932 	 	 431932 	 	 0 
102 	 7 	 18  	 431932 	  	 431932 	 	 431932 	 	 0 
102 	 7 	 19  	 431932 	  	 431932 	 	 431932 	 	 0 
102 	 7 	 20  	 431932 	  	 431932 	 	 431932 	 	 0 
102 	 7 	 21  	 431932 	  	 431932 	 	 431932 	 	 0 
102 	 7 	 22  	 431932 	  	 431932 	 	 431932 	 	 0 
102 	 7 	 23  	 431932 	  	 431932 	 	 431932 	 	 0 
102 	 7 	 24  	 431932 	  	 431932 	 	 431932 	 	 0 
102 	 7 	 25  	 431932 	  	 431932 	 	 431932 	 	 0 
102 	 7 	 26  	 431932 	  	 431932 	 	 431932 	 	 0 
102 	 7 	 27  	 431932 	  	 431932 	 	 431932 	 	 0 
102 	 7 	 28  	 431932 	  	 431932 	 	 431932 	 	 0 
102 	 7 	 29  	 431932 	  	 431932 	 	 431932 	 	 0 
102 	 7 	 30  	 431932 	  	 431932 	 	 431932 	 	 0 
102 	 7 	 31  	 431932 	  	 431932 	 	 431932 	 	 0 
102 	 7 	 32  	 431932 	  	 431932 	 	 431932 	 	 0 
102 	 7 	 33  	 431932 	  	 431932 	 	 431932 	 	 0 
102 	 7 	 34  	 431932 	  	 431932 	 	 431932 	 	 0 
102 	 7 	 35  	 431932 	  	 431932 	 	 431932 	 	 0 
102 	 7 	 36  	 431932 	  	 431932 	 	 431932 	 	 0 
102 	 7 	 37  	 431932 	  	 431932 	 	 431932 	 	 0 
102 	 7 	 38  	 431932 	  	 431932 	 	 431932 	 	 0 
102 	 7 	 39  	 431932 	  	 431932 	 	 431932 	 	 0 
102 	 7 	 40  	 431932 	  	 431932 	 	 431932 	 	 0 
102 	 7 	 41  	 431932 	  	 431932 	 	 431932 	 	 0 
102 	 7 	 42  	 431932 	  	 431932 	 	 431932 	 	 0 
102 	 7 	 43  	 431932 	  	 431932 	 	 431932 	 	 0 
102 	 7 	 44  	 431932 	  	 431932 	 	 431932 	 	 0 
102 	 7 	 45  	 431932 	  	 431932 	 	 431932 	 	 0 
102 	 7 	 46  	 431932 	  	 431932 	 	 431932 	 	 0 
102 	 7 	 47  	 431932 	  	 431932 	 	 431932 	 	 0 
102 	 7 	 48  	 431932 	  	 431932 	 	 431932 	 	 0 
102 	 7 	 49  	 431932 	  	 431932 	 	 431932 	 	 0 
102 	 7 	 50  	 431932 	  	 431932 	 	 431932 	 	 0 
102 	 7 	 51  	 431932 	  	 431932 	 	 431932 	 	 0 
102 	 7 	 52  	 431932 	  	 431932 	 	 431932 	 	 0 
102 	 7 	 53  	 431932 	  	 431932 	 	 431932 	 	 0 
102 	 7 	 54  	 431932 	  	 431932 	 	 431932 	 	 0 
102 	 7 	 55  	 431932 	  	 431932 	 	 431932 	 	 0 
102 	 7 	 56  	 431932 	  	 431932 	 	 431932 	 	 0 
102 	 7 	 57  	 431932 	  	 431932 	 	 431932 	 	 0 
102 	 7 	 58  	 431932 	  	 431932 	 	 431932 	 	 0 
102 	 7 	 59  	 431932 	  	 431932 	 	 431932 	 	 0 
102 	 7 	 60  	 431932 	  	 431932 	 	 431932 	 	 0 
102 	 7 	 61  	 431932 	  	 431932 	 	 431932 	 	 0 
102 	 7 	 62  	 431932 	  	 431932 	 	 431932 	 	 0 
102 	 7 	 63  	 431932 	  	 431932 	 	 431932 	 	 0 
102 	 7 	 64  	 431932 	  	 431932 	 	 431932 	 	 0 
102 	 7 	 65  	 431932 	  	 431932 	 	 431932 	 	 0 
102 	 7 	 66  	 431932 	  	 431932 	 	 431932 	 	 0 
102 	 7 	 67  	 431932 	  	 431932 	 	 431932 	 	 0 
102 	 7 	 68  	 431932 	  	 431932 	 	 431932 	 	 0 
102 	 7 	 69  	 431932 	  	 431932 	 	 431932 	 	 0 
102 	 7 	 70  	 431932 	  	 431932 	 	 431932 	 	 0 
102 	 7 	 71  	 431932 	  	 431932 	 	 431932 	 	 0 
102 	 7 	 72  	 431932 	  	 431932 	 	 431932 	 	 0 
102 	 7 	 73  	 431932 	  	 431932 	 	 431932 	 	 0 
102 	 7 	 74  	 431932 	  	 431932 	 	 431932 	 	 0 
102 	 7 	 75  	 431932 	  	 431932 	 	 431932 	 	 0 
102 	 7 	 76  	 431932 	  	 431932 	 	 431932 	 	 0 
102 	 7 	 77  	 431932 	  	 431932 	 	 431932 	 	 0 
102 	 7 	 78  	 431932 	  	 431932 	 	 431932 	 	 0 
102 	 7 	 79  	 431932 	  	 431932 	 	 431932 	 	 0 
102 	 7 	 80  	 431932 	  	 431932 	 	 431932 	 	 0 
102 	 7 	 81  	 431932 	  	 431932 	 	 431932 	 	 0 
102 	 7 	 82  	 431932 	  	 431932 	 	 431932 	 	 0 
102 	 7 	 83  	 431932 	  	 431932 	 	 431932 	 	 0 
102 	 7 	 84  	 431932 	  	 431932 	 	 431932 	 	 0 
102 	 7 	 85  	 431932 	  	 431932 	 	 431932 	 	 0 
102 	 7 	 86  	 431932 	  	 431932 	 	 431932 	 	 0 
102 	 7 	 87  	 431932 	  	 431932 	 	 431932 	 	 0 
102 	 7 	 88  	 431932 	  	 431932 	 	 431932 	 	 0 
102 	 7 	 89  	 431932 	  	 431932 	 	 431932 	 	 0 
102 	 7 	 90  	 431932 	  	 431932 	 	 431932 	 	 0 
102 	 7 	 91  	 431932 	  	 431932 	 	 431932 	 	 0 
102 	 7 	 92  	 431932 	  	 431932 	 	 431932 	 	 0 
102 	 7 	 93  	 431932 	  	 431932 	 	 431932 	 	 0 
102 	 7 	 94  	 431932 	  	 431932 	 	 431932 	 	 0 
102 	 7 	 95  	 431932 	  	 431932 	 	 431932 	 	 0 
102 	 7 	 96  	 431932 	  	 431932 	 	 431932 	 	 0 
102 	 7 	 97  	 431932 	  	 431932 	 	 431932 	 	 0 
102 	 7 	 98  	 431932 	  	 431932 	 	 431932 	 	 0 
102 	 7 	 99  	 431932 	  	 431932 	 	 431932 	 	 0 
102 	 7 	 100  	 431932 	  	 431932 	 	 431932 	 	 0 
102 	 7 	 101  	 431932 	  	 431932 	 	 431932 	 	 0 
102 	 7 	 102  	 431932 	  	 431932 	 	 431932 	 	 0 
102 	 7 	 103  	 431932 	  	 431932 	 	 431932 	 	 0 
102 	 7 	 104  	 431932 	  	 431932 	 	 431932 	 	 0 
102 	 7 	 105  	 431932 	  	 431932 	 	 431932 	 	 0 
102 	 7 	 106  	 431932 	  	 431932 	 	 431932 	 	 0 
102 	 7 	 107  	 431932 	  	 431932 	 	 431932 	 	 0 
102 	 7 	 108  	 431932 	  	 431932 	 	 431932 	 	 0 
102 	 7 	 109  	 431932 	  	 431932 	 	 431932 	 	 0 
102 	 7 	 110  	 431932 	  	 431932 	 	 431932 	 	 0 
102 	 7 	 111  	 431932 	  	 431932 	 	 431932 	 	 0 
102 	 7 	 112  	 431932 	  	 431932 	 	 431932 	 	 0 
102 	 7 	 113  	 431932 	  	 431932 	 	 431932 	 	 0 
102 	 7 	 114  	 431932 	  	 431932 	 	 431932 	 	 0 
102 	 7 	 115  	 431932 	  	 431932 	 	 431932 	 	 0 
102 	 7 	 116  	 431932 	  	 431932 	 	 431932 	 	 0 
102 	 7 	 117  	 431932 	  	 431932 	 	 431932 	 	 0 
102 	 7 	 118  	 431932 	  	 431932 	 	 431932 	 	 0 
102 	 7 	 119  	 431932 	  	 431932 	 	 431932 	 	 0 
102 	 7 	 120  	 431932 	  	 431932 	 	 431932 	 	 0 
102 	 7 	 121  	 431932 	  	 431932 	 	 431932 	 	 0 
102 	 7 	 122  	 431932 	  	 431932 	 	 431932 	 	 0 
102 	 7 	 123  	 431932 	  	 431932 	 	 431932 	 	 0 
102 	 7 	 124  	 431932 	  	 431932 	 	 431932 	 	 0 
102 	 7 	 125  	 431932 	  	 431932 	 	 431932 	 	 0 
102 	 7 	 126  	 431932 	  	 431932 	 	 431932 	 	 0 
102 	 7 	 127  	 431932 	  	 431932 	 	 431932 	 	 0 
102 	 7 	 128  	 431932 	  	 431932 	 	 431932 	 	 0 
102 	 7 	 129  	 431932 	  	 431932 	 	 431932 	 	 0 
102 	 7 	 130  	 431932 	  	 431932 	 	 431932 	 	 0 
102 	 7 	 131  	 431932 	  	 431932 	 	 431932 	 	 0 
102 	 7 	 132  	 431932 	  	 431932 	 	 431932 	 	 0 
102 	 7 	 133  	 431932 	  	 431932 	 	 431932 	 	 0 
102 	 7 	 134  	 431932 	  	 431932 	 	 431932 	 	 0 
102 	 7 	 135  	 431932 	  	 431932 	 	 431932 	 	 0 
102 	 7 	 136  	 431932 	  	 431932 	 	 431932 	 	 0 
102 	 7 	 137  	 431932 	  	 431932 	 	 431932 	 	 0 
102 	 7 	 138  	 431932 	  	 431932 	 	 431932 	 	 0 
102 	 7 	 139  	 431932 	  	 431932 	 	 431932 	 	 0 
102 	 7 	 140  	 431932 	  	 431932 	 	 431932 	 	 0 
102 	 7 	 141  	 431932 	  	 431932 	 	 431932 	 	 0 
102 	 7 	 142  	 431932 	  	 431932 	 	 431932 	 	 0 
102 	 7 	 143  	 431932 	  	 431932 	 	 431932 	 	 0 
102 	 7 	 144  	 431932 	  	 431932 	 	 431932 	 	 0 
102 	 7 	 145  	 431932 	  	 431932 	 	 431932 	 	 0 
102 	 7 	 146  	 431932 	  	 431932 	 	 431932 	 	 0 
102 	 7 	 147  	 431932 	  	 431932 	 	 431932 	 	 0 
102 	 7 	 148  	 431932 	  	 431932 	 	 431932 	 	 0 
102 	 7 	 149  	 431932 	  	 431932 	 	 431932 	 	 0 
102 	 7 	 150  	 431932 	  	 431932 	 	 431932 	 	 0 
102 	 7 	 151  	 431932 	  	 431932 	 	 431932 	 	 0 
102 	 7 	 152  	 431932 	  	 431932 	 	 431932 	 	 0 
102 	 7 	 153  	 431932 	  	 431932 	 	 431932 	 	 0 
102 	 7 	 154  	 431932 	  	 431932 	 	 431932 	 	 0 
102 	 7 	 155  	 431932 	  	 431932 	 	 431932 	 	 0 
102 	 7 	 156  	 431932 	  	 431932 	 	 431932 	 	 0 
102 	 7 	 157  	 431932 	  	 431932 	 	 431932 	 	 0 
102 	 7 	 158  	 431932 	  	 431932 	 	 431932 	 	 0 
102 	 7 	 159  	 431932 	  	 431932 	 	 431932 	 	 0 
102 	 7 	 160  	 431932 	  	 431932 	 	 431932 	 	 0 
102 	 7 	 161  	 431932 	  	 431932 	 	 431932 	 	 0 
102 	 7 	 162  	 431932 	  	 431932 	 	 431932 	 	 0 
102 	 7 	 163  	 431932 	  	 431932 	 	 431932 	 	 0 
102 	 7 	 164  	 431932 	  	 431932 	 	 431932 	 	 0 
102 	 7 	 165  	 431932 	  	 431932 	 	 431932 	 	 0 
102 	 7 	 166  	 431932 	  	 431932 	 	 431932 	 	 0 
102 	 7 	 167  	 431932 	  	 431932 	 	 431932 	 	 0 
102 	 7 	 168  	 431932 	  	 431932 	 	 431932 	 	 0 
102 	 7 	 169  	 431932 	  	 431932 	 	 431932 	 	 0 
102 	 7 	 170  	 431932 	  	 431932 	 	 431932 	 	 0 
102 	 7 	 171  	 431932 	  	 431932 	 	 431932 	 	 0 
102 	 7 	 172  	 431932 	  	 431932 	 	 431932 	 	 0 
102 	 7 	 173  	 431932 	  	 431932 	 	 431932 	 	 0 
102 	 7 	 174  	 431932 	  	 431932 	 	 431932 	 	 0 
102 	 7 	 175  	 431932 	  	 431932 	 	 431932 	 	 0 
102 	 7 	 176  	 431932 	  	 431932 	 	 431932 	 	 0 
102 	 7 	 177  	 431932 	  	 431932 	 	 431932 	 	 0 
102 	 7 	 178  	 431932 	  	 431932 	 	 431932 	 	 0 
102 	 7 	 179  	 431932 	  	 431932 	 	 431932 	 	 0 
102 	 7 	 180  	 431932 	  	 431932 	 	 431932 	 	 0 
102 	 7 	 181  	 431932 	  	 431932 	 	 431932 	 	 0 
102 	 7 	 182  	 431932 	  	 431932 	 	 431932 	 	 0 
102 	 7 	 183  	 431932 	  	 431932 	 	 431932 	 	 0 
102 	 7 	 184  	 431932 	  	 431932 	 	 431932 	 	 0 
102 	 7 	 185  	 431932 	  	 431932 	 	 431932 	 	 0 
102 	 7 	 186  	 431932 	  	 431932 	 	 431932 	 	 0 
102 	 7 	 187  	 431932 	  	 431932 	 	 431932 	 	 0 
102 	 7 	 188  	 431932 	  	 431932 	 	 431932 	 	 0 
102 	 7 	 189  	 431932 	  	 431932 	 	 431932 	 	 0 
102 	 7 	 190  	 431932 	  	 431932 	 	 431932 	 	 0 
102 	 7 	 191  	 431932 	  	 431932 	 	 431932 	 	 0 
102 	 7 	 192  	 431932 	  	 431932 	 	 431932 	 	 0 
102 	 7 	 193  	 431932 	  	 431932 	 	 431932 	 	 0 
102 	 7 	 194  	 431932 	  	 431932 	 	 431932 	 	 0 
102 	 7 	 195  	 431932 	  	 431932 	 	 431932 	 	 0 
102 	 7 	 196  	 431932 	  	 431932 	 	 431932 	 	 0 
102 	 7 	 197  	 431932 	  	 431932 	 	 431932 	 	 0 
102 	 7 	 198  	 431932 	  	 431932 	 	 431932 	 	 0 
102 	 7 	 199  	 431932 	  	 431932 	 	 431932 	 	 0 
102 	 7 	 200  	 431932 	  	 431932 	 	 431932 	 	 0 
102 	 7 	 201  	 431932 	  	 431932 	 	 431932 	 	 0 
102 	 7 	 202  	 431932 	  	 431932 	 	 431932 	 	 0 
102 	 7 	 203  	 431932 	  	 431932 	 	 431932 	 	 0 
102 	 7 	 204  	 431932 	  	 431932 	 	 431932 	 	 0 
102 	 7 	 205  	 431932 	  	 431932 	 	 431932 	 	 0 
102 	 7 	 206  	 431932 	  	 431932 	 	 431932 	 	 0 
102 	 7 	 207  	 431932 	  	 431932 	 	 431932 	 	 0 
102 	 7 	 208  	 431932 	  	 431932 	 	 431932 	 	 0 
102 	 7 	 209  	 431932 	  	 431932 	 	 431932 	 	 0 
102 	 7 	 210  	 431932 	  	 431932 	 	 431932 	 	 0 
102 	 7 	 211  	 431932 	  	 431932 	 	 431932 	 	 0 
102 	 7 	 212  	 431932 	  	 431932 	 	 431932 	 	 0 
102 	 7 	 213  	 431932 	  	 431932 	 	 431932 	 	 0 
102 	 7 	 214  	 431932 	  	 431932 	 	 431932 	 	 0 
102 	 7 	 215  	 431932 	  	 431932 	 	 431932 	 	 0 
102 	 7 	 216  	 431932 	  	 431932 	 	 431932 	 	 0 
102 	 7 	 217  	 431932 	  	 431932 	 	 431932 	 	 0 
102 	 7 	 218  	 431932 	  	 431932 	 	 431932 	 	 0 
102 	 7 	 219  	 431932 	  	 431932 	 	 431932 	 	 0 
102 	 7 	 220  	 431932 	  	 431932 	 	 431932 	 	 0 
102 	 7 	 221  	 431932 	  	 431932 	 	 431932 	 	 0 
102 	 7 	 222  	 431932 	  	 431932 	 	 431932 	 	 0 
102 	 7 	 223  	 431932 	  	 431932 	 	 431932 	 	 0 
102 	 7 	 224  	 431932 	  	 431932 	 	 431932 	 	 0 
102 	 7 	 225  	 431932 	  	 431932 	 	 431932 	 	 0 
102 	 7 	 226  	 431932 	  	 431932 	 	 431932 	 	 0 
102 	 7 	 227  	 431932 	  	 431932 	 	 431932 	 	 0 
102 	 7 	 228  	 431932 	  	 431932 	 	 431932 	 	 0 
102 	 7 	 229  	 431932 	  	 431932 	 	 431932 	 	 0 
102 	 7 	 230  	 431932 	  	 431932 	 	 431932 	 	 0 
102 	 7 	 231  	 431932 	  	 431932 	 	 431932 	 	 0 
102 	 7 	 232  	 431932 	  	 431932 	 	 431932 	 	 0 
102 	 7 	 233  	 431932 	  	 431932 	 	 431932 	 	 0 
102 	 7 	 234  	 431932 	  	 431932 	 	 431932 	 	 0 
102 	 7 	 235  	 431932 	  	 431932 	 	 431932 	 	 0 
102 	 7 	 236  	 431932 	  	 431932 	 	 431932 	 	 0 
102 	 7 	 237  	 431932 	  	 431932 	 	 431932 	 	 0 
102 	 7 	 238  	 431932 	  	 431932 	 	 431932 	 	 0 
102 	 7 	 239  	 431932 	  	 431932 	 	 431932 	 	 0 
102 	 7 	 240  	 431932 	  	 431932 	 	 431932 	 	 0 
102 	 7 	 241  	 431932 	  	 431932 	 	 431932 	 	 0 
102 	 7 	 242  	 431932 	  	 431932 	 	 431932 	 	 0 
102 	 7 	 243  	 431932 	  	 431932 	 	 431932 	 	 0 
102 	 7 	 244  	 431932 	  	 431932 	 	 431932 	 	 0 
102 	 7 	 245  	 431932 	  	 431932 	 	 431932 	 	 0 
102 	 7 	 246  	 431932 	  	 431932 	 	 431932 	 	 0 
102 	 7 	 247  	 431932 	  	 431932 	 	 431932 	 	 0 
102 	 7 	 248  	 431932 	  	 431932 	 	 431932 	 	 0 
102 	 7 	 249  	 431932 	  	 431932 	 	 431932 	 	 0 
102 	 7 	 250  	 431932 	  	 431932 	 	 431932 	 	 0 
102 	 7 	 251  	 431932 	  	 431932 	 	 431932 	 	 0 
102 	 7 	 252  	 431932 	  	 431932 	 	 431932 	 	 0 
102 	 7 	 253  	 431932 	  	 431932 	 	 431932 	 	 0 
102 	 7 	 254  	 431932 	  	 431932 	 	 431932 	 	 0 
102 	 7 	 255  	 431932 	  	 431932 	 	 431932 	 	 0 
102 	 7 	 256  	 431932 	  	 431932 	 	 431932 	 	 0 
102 	 7 	 257  	 431932 	  	 431932 	 	 431932 	 	 0 
102 	 7 	 258  	 431932 	  	 431932 	 	 431932 	 	 0 
102 	 7 	 259  	 431932 	  	 431932 	 	 431932 	 	 0 
102 	 7 	 260  	 431932 	  	 431932 	 	 431932 	 	 0 
102 	 7 	 261  	 431932 	  	 431932 	 	 431932 	 	 0 
102 	 7 	 262  	 431932 	  	 431932 	 	 431932 	 	 0 
102 	 7 	 263  	 431932 	  	 431932 	 	 431932 	 	 0 
102 	 7 	 264  	 431932 	  	 431932 	 	 431932 	 	 0 
102 	 7 	 265  	 431932 	  	 431932 	 	 431932 	 	 0 
102 	 7 	 266  	 431932 	  	 431932 	 	 431932 	 	 0 
102 	 7 	 267  	 431932 	  	 431932 	 	 431932 	 	 0 
102 	 7 	 268  	 431932 	  	 431932 	 	 431932 	 	 0 
102 	 7 	 269  	 431932 	  	 431932 	 	 431932 	 	 0 
102 	 7 	 270  	 431932 	  	 431932 	 	 431932 	 	 0 
102 	 7 	 271  	 431932 	  	 431932 	 	 431932 	 	 0 
102 	 7 	 272  	 431932 	  	 431932 	 	 431932 	 	 0 
102 	 7 	 273  	 431932 	  	 431932 	 	 431932 	 	 0 
102 	 7 	 274  	 431932 	  	 431932 	 	 431932 	 	 0 
102 	 7 	 275  	 431932 	  	 431932 	 	 431932 	 	 0 
102 	 7 	 276  	 431932 	  	 431932 	 	 431932 	 	 0 
102 	 7 	 277  	 431932 	  	 431932 	 	 431932 	 	 0 
102 	 7 	 278  	 431932 	  	 431932 	 	 431932 	 	 0 
102 	 7 	 279  	 431932 	  	 431932 	 	 431932 	 	 0 
102 	 7 	 280  	 431932 	  	 431932 	 	 431932 	 	 0 
102 	 7 	 281  	 431932 	  	 431932 	 	 431932 	 	 0 
102 	 7 	 282  	 431932 	  	 431932 	 	 431932 	 	 0 
102 	 7 	 283  	 431932 	  	 431932 	 	 431932 	 	 0 
102 	 7 	 284  	 431932 	  	 431932 	 	 431932 	 	 0 
102 	 7 	 285  	 431932 	  	 431932 	 	 431932 	 	 0 
102 	 7 	 286  	 431932 	  	 431932 	 	 431932 	 	 0 
102 	 7 	 287  	 431932 	  	 431932 	 	 431932 	 	 0 
102 	 7 	 288  	 431932 	  	 431932 	 	 431932 	 	 0 
102 	 7 	 289  	 431932 	  	 431932 	 	 431932 	 	 0 
102 	 7 	 290  	 431932 	  	 431932 	 	 431932 	 	 0 
102 	 7 	 291  	 431932 	  	 431932 	 	 431932 	 	 0 
102 	 7 	 292  	 431932 	  	 431932 	 	 431932 	 	 0 
102 	 7 	 293  	 431932 	  	 431932 	 	 431932 	 	 0 
102 	 7 	 294  	 431932 	  	 431932 	 	 431932 	 	 0 
102 	 7 	 295  	 431932 	  	 431932 	 	 431932 	 	 0 
102 	 7 	 296  	 431932 	  	 431932 	 	 431932 	 	 0 
102 	 7 	 297  	 431932 	  	 431932 	 	 431932 	 	 0 
102 	 7 	 298  	 431932 	  	 431932 	 	 431932 	 	 0 
102 	 7 	 299  	 431932 	  	 431932 	 	 431932 	 	 0 
102 	 7 	 300  	 431932 	  	 431932 	 	 431932 	 	 0 
102 	 7 	 301  	 431932 	  	 431932 	 	 431932 	 	 0 
102 	 7 	 302  	 431932 	  	 431932 	 	 431932 	 	 0 
102 	 7 	 303  	 431932 	  	 431932 	 	 431932 	 	 0 
102 	 7 	 304  	 431932 	  	 431932 	 	 431932 	 	 0 
102 	 7 	 305  	 431932 	  	 431932 	 	 431932 	 	 0 
102 	 7 	 306  	 431932 	  	 431932 	 	 431932 	 	 0 
102 	 7 	 307  	 431932 	  	 431932 	 	 431932 	 	 0 
102 	 7 	 308  	 431932 	  	 431932 	 	 431932 	 	 0 
102 	 7 	 309  	 431932 	  	 431932 	 	 431932 	 	 0 
102 	 7 	 310  	 431932 	  	 431932 	 	 431932 	 	 0 
102 	 7 	 311  	 431932 	  	 431932 	 	 431932 	 	 0 
102 	 7 	 312  	 431932 	  	 431932 	 	 431932 	 	 0 
102 	 7 	 313  	 431932 	  	 431932 	 	 431932 	 	 0 
102 	 7 	 314  	 431932 	  	 431932 	 	 431932 	 	 0 
102 	 7 	 315  	 431932 	  	 431932 	 	 431932 	 	 0 
102 	 7 	 316  	 431932 	  	 431932 	 	 431932 	 	 0 
102 	 7 	 317  	 431932 	  	 431932 	 	 431932 	 	 0 
102 	 7 	 318  	 431932 	  	 431932 	 	 431932 	 	 0 
102 	 7 	 319  	 431932 	  	 431932 	 	 431932 	 	 0 
102 	 7 	 320  	 431932 	  	 431932 	 	 431932 	 	 0 
102 	 7 	 321  	 431932 	  	 431932 	 	 431932 	 	 0 
102 	 7 	 322  	 431932 	  	 431932 	 	 431932 	 	 0 
102 	 7 	 323  	 431932 	  	 431932 	 	 431932 	 	 0 
102 	 7 	 324  	 431932 	  	 431932 	 	 431932 	 	 0 
102 	 7 	 325  	 431932 	  	 431932 	 	 431932 	 	 0 
102 	 7 	 326  	 431932 	  	 431932 	 	 431932 	 	 0 
102 	 7 	 327  	 431932 	  	 431932 	 	 431932 	 	 0 
102 	 7 	 328  	 431932 	  	 431932 	 	 431932 	 	 0 
102 	 7 	 329  	 431932 	  	 431932 	 	 431932 	 	 0 
102 	 7 	 330  	 431932 	  	 431932 	 	 431932 	 	 0 
102 	 7 	 331  	 431932 	  	 431932 	 	 431932 	 	 0 
102 	 7 	 332  	 431932 	  	 431932 	 	 431932 	 	 0 
102 	 7 	 333  	 431932 	  	 431932 	 	 431932 	 	 0 
102 	 7 	 334  	 431932 	  	 431932 	 	 431932 	 	 0 
102 	 7 	 335  	 431932 	  	 431932 	 	 431932 	 	 0 
102 	 7 	 336  	 431932 	  	 431932 	 	 431932 	 	 0 
102 	 7 	 337  	 431932 	  	 431932 	 	 431932 	 	 0 
102 	 7 	 338  	 431932 	  	 431932 	 	 431932 	 	 0 
102 	 7 	 339  	 431932 	  	 431932 	 	 431932 	 	 0 
102 	 7 	 340  	 431932 	  	 431932 	 	 431932 	 	 0 
102 	 7 	 341  	 431932 	  	 431932 	 	 431932 	 	 0 
102 	 7 	 342  	 431932 	  	 431932 	 	 431932 	 	 0 
102 	 7 	 343  	 431932 	  	 431932 	 	 431932 	 	 0 
102 	 7 	 344  	 431932 	  	 431932 	 	 431932 	 	 0 
102 	 7 	 345  	 431932 	  	 431932 	 	 431932 	 	 0 
102 	 7 	 346  	 431932 	  	 431932 	 	 431932 	 	 0 
102 	 7 	 347  	 431932 	  	 431932 	 	 431932 	 	 0 
102 	 7 	 348  	 431932 	  	 431932 	 	 431932 	 	 0 
102 	 7 	 349  	 431932 	  	 431932 	 	 431932 	 	 0 
102 	 7 	 350  	 431932 	  	 431932 	 	 431932 	 	 0 
102 	 7 	 351  	 431932 	  	 431932 	 	 431932 	 	 0 
102 	 7 	 352  	 431932 	  	 431932 	 	 431932 	 	 0 
102 	 7 	 353  	 431932 	  	 431932 	 	 431932 	 	 0 
102 	 7 	 354  	 431932 	  	 431932 	 	 431932 	 	 0 
102 	 7 	 355  	 431932 	  	 431932 	 	 431932 	 	 0 
102 	 7 	 356  	 431932 	  	 431932 	 	 431932 	 	 0 
102 	 7 	 357  	 431932 	  	 431932 	 	 431932 	 	 0 
102 	 7 	 358  	 431932 	  	 431932 	 	 431932 	 	 0 
102 	 7 	 359  	 431932 	  	 431932 	 	 431932 	 	 0 
102 	 7 	 360  	 431932 	  	 431932 	 	 431932 	 	 0 
102 	 7 	 361  	 431932 	  	 431932 	 	 431932 	 	 0 
102 	 7 	 362  	 431932 	  	 431932 	 	 431932 	 	 0 
102 	 7 	 363  	 431932 	  	 431932 	 	 431932 	 	 0 
102 	 7 	 364  	 431932 	  	 431932 	 	 431932 	 	 0 
102 	 7 	 365  	 431932 	  	 431932 	 	 431932 	 	 0 
102 	 7 	 366  	 431932 	  	 431932 	 	 431932 	 	 0 
102 	 7 	 367  	 431932 	  	 431932 	 	 431932 	 	 0 
102 	 7 	 368  	 431932 	  	 431932 	 	 431932 	 	 0 
102 	 7 	 369  	 431932 	  	 431932 	 	 431932 	 	 0 
102 	 7 	 370  	 431932 	  	 431932 	 	 431932 	 	 0 
102 	 7 	 371  	 431932 	  	 431932 	 	 431932 	 	 0 
102 	 7 	 372  	 431932 	  	 431932 	 	 431932 	 	 0 
102 	 7 	 373  	 431932 	  	 431932 	 	 431932 	 	 0 
102 	 7 	 374  	 431932 	  	 431932 	 	 431932 	 	 0 
102 	 7 	 375  	 431932 	  	 431932 	 	 431932 	 	 0 
102 	 7 	 376  	 431932 	  	 431932 	 	 431932 	 	 0 
102 	 7 	 377  	 431932 	  	 431932 	 	 431932 	 	 0 
102 	 7 	 378  	 431932 	  	 431932 	 	 431932 	 	 0 
102 	 7 	 379  	 431932 	  	 431932 	 	 431932 	 	 0 
102 	 7 	 380  	 431932 	  	 431932 	 	 431932 	 	 0 
102 	 7 	 381  	 431932 	  	 431932 	 	 431932 	 	 0 
102 	 7 	 382  	 431932 	  	 431932 	 	 431932 	 	 0 
102 	 7 	 383  	 431932 	  	 431932 	 	 431932 	 	 0 
102 	 7 	 384  	 431932 	  	 431932 	 	 431932 	 	 0 
102 	 7 	 385  	 431932 	  	 431932 	 	 431932 	 	 0 
102 	 7 	 386  	 431932 	  	 431932 	 	 431932 	 	 0 
102 	 7 	 387  	 431932 	  	 431932 	 	 431932 	 	 0 
102 	 7 	 388  	 431932 	  	 431932 	 	 431932 	 	 0 
102 	 7 	 389  	 431932 	  	 431932 	 	 431932 	 	 0 
102 	 7 	 390  	 431932 	  	 431932 	 	 431932 	 	 0 
102 	 7 	 391  	 431932 	  	 431932 	 	 431932 	 	 0 
102 	 7 	 392  	 431932 	  	 431932 	 	 431932 	 	 0 
102 	 7 	 393  	 431932 	  	 431932 	 	 431932 	 	 0 
102 	 7 	 394  	 431932 	  	 431932 	 	 431932 	 	 0 
102 	 7 	 395  	 431932 	  	 431932 	 	 431932 	 	 0 
102 	 7 	 396  	 431932 	  	 431932 	 	 431932 	 	 0 
102 	 7 	 397  	 431932 	  	 431932 	 	 431932 	 	 0 
102 	 7 	 398  	 431932 	  	 431932 	 	 431932 	 	 0 
102 	 7 	 399  	 431932 	  	 431932 	 	 431932 	 	 0 
102 	 7 	 400  	 431932 	  	 431932 	 	 431932 	 	 0 
102 	 7 	 401  	 431932 	  	 431932 	 	 431932 	 	 0 
102 	 7 	 402  	 431932 	  	 431932 	 	 431932 	 	 0 
102 	 7 	 403  	 431932 	  	 431932 	 	 431932 	 	 0 
102 	 7 	 404  	 431932 	  	 431932 	 	 431932 	 	 0 
102 	 7 	 405  	 431932 	  	 431932 	 	 431932 	 	 0 
102 	 7 	 406  	 431932 	  	 431932 	 	 431932 	 	 0 
102 	 7 	 407  	 431932 	  	 431932 	 	 431932 	 	 0 
102 	 7 	 408  	 431932 	  	 431932 	 	 431932 	 	 0 
102 	 7 	 409  	 431932 	  	 431932 	 	 431932 	 	 0 
102 	 7 	 410  	 431932 	  	 431932 	 	 431932 	 	 0 
102 	 7 	 411  	 431932 	  	 431932 	 	 431932 	 	 0 
102 	 7 	 412  	 431932 	  	 431932 	 	 431932 	 	 0 
102 	 7 	 413  	 431932 	  	 431932 	 	 431932 	 	 0 
102 	 7 	 414  	 431932 	  	 431932 	 	 431932 	 	 0 
102 	 7 	 415  	 431932 	  	 431932 	 	 431932 	 	 0 
102 	 7 	 416  	 431932 	  	 431932 	 	 431932 	 	 0 
102 	 7 	 417  	 431932 	  	 431932 	 	 431932 	 	 0 
102 	 7 	 418  	 431932 	  	 431932 	 	 431932 	 	 0 
102 	 7 	 419  	 431932 	  	 431932 	 	 431932 	 	 0 
102 	 7 	 420  	 431932 	  	 431932 	 	 431932 	 	 0 
102 	 7 	 421  	 431932 	  	 431932 	 	 431932 	 	 0 
102 	 7 	 422  	 431932 	  	 431932 	 	 431932 	 	 0 
102 	 7 	 423  	 431932 	  	 431932 	 	 431932 	 	 0 
102 	 7 	 424  	 431932 	  	 431932 	 	 431932 	 	 0 
102 	 7 	 425  	 431932 	  	 431932 	 	 431932 	 	 0 
102 	 7 	 426  	 431932 	  	 431932 	 	 431932 	 	 0 
102 	 7 	 427  	 431932 	  	 431932 	 	 431932 	 	 0 
102 	 7 	 428  	 431932 	  	 431932 	 	 431932 	 	 0 
102 	 7 	 429  	 431932 	  	 431932 	 	 431932 	 	 0 
102 	 7 	 430  	 431932 	  	 431932 	 	 431932 	 	 0 
102 	 7 	 431  	 431932 	  	 431932 	 	 431932 	 	 0 
102 	 7 	 432  	 431932 	  	 431932 	 	 431932 	 	 0 
102 	 7 	 433  	 431932 	  	 431932 	 	 431932 	 	 0 
102 	 7 	 434  	 431932 	  	 431932 	 	 431932 	 	 0 
102 	 7 	 435  	 431932 	  	 431932 	 	 431932 	 	 0 
102 	 7 	 436  	 431932 	  	 431932 	 	 431932 	 	 0 
102 	 7 	 437  	 431932 	  	 431932 	 	 431932 	 	 0 
102 	 7 	 438  	 431932 	  	 431932 	 	 431932 	 	 0 
102 	 7 	 439  	 431932 	  	 431932 	 	 431932 	 	 0 
102 	 7 	 440  	 431932 	  	 431932 	 	 431932 	 	 0 
102 	 7 	 441  	 431932 	  	 431932 	 	 431932 	 	 0 
102 	 7 	 442  	 431932 	  	 431932 	 	 431932 	 	 0 
102 	 7 	 443  	 431932 	  	 431932 	 	 431932 	 	 0 
102 	 7 	 444  	 431932 	  	 431932 	 	 431932 	 	 0 
102 	 7 	 445  	 431932 	  	 431932 	 	 431932 	 	 0 
102 	 7 	 446  	 431932 	  	 431932 	 	 431932 	 	 0 
102 	 7 	 447  	 431932 	  	 431932 	 	 431932 	 	 0 
102 	 7 	 448  	 431932 	  	 431932 	 	 431932 	 	 0 
102 	 7 	 449  	 431932 	  	 431932 	 	 431932 	 	 0 
102 	 7 	 450  	 431932 	  	 431932 	 	 431932 	 	 0 
102 	 7 	 451  	 431932 	  	 431932 	 	 431932 	 	 0 
102 	 7 	 452  	 431932 	  	 431932 	 	 431932 	 	 0 
102 	 7 	 453  	 431932 	  	 431932 	 	 431932 	 	 0 
102 	 7 	 454  	 431932 	  	 431932 	 	 431932 	 	 0 
102 	 7 	 455  	 431932 	  	 431932 	 	 431932 	 	 0 
102 	 7 	 456  	 431932 	  	 431932 	 	 431932 	 	 0 
102 	 7 	 457  	 431932 	  	 431932 	 	 431932 	 	 0 
102 	 7 	 458  	 431932 	  	 431932 	 	 431932 	 	 0 
102 	 7 	 459  	 431932 	  	 431932 	 	 431932 	 	 0 
102 	 7 	 460  	 431932 	  	 431932 	 	 431932 	 	 0 
102 	 7 	 461  	 431932 	  	 431932 	 	 431932 	 	 0 
102 	 7 	 462  	 431932 	  	 431932 	 	 431932 	 	 0 
102 	 7 	 463  	 431932 	  	 431932 	 	 431932 	 	 0 
102 	 7 	 464  	 431932 	  	 431932 	 	 431932 	 	 0 
102 	 7 	 465  	 431932 	  	 431932 	 	 431932 	 	 0 
102 	 7 	 466  	 431932 	  	 431932 	 	 431932 	 	 0 
102 	 7 	 467  	 431932 	  	 431932 	 	 431932 	 	 0 
102 	 7 	 468  	 431932 	  	 431932 	 	 431932 	 	 0 
102 	 7 	 469  	 431932 	  	 431932 	 	 431932 	 	 0 
102 	 7 	 470  	 431932 	  	 431932 	 	 431932 	 	 0 
102 	 7 	 471  	 431932 	  	 431932 	 	 431932 	 	 0 
102 	 7 	 472  	 431932 	  	 431932 	 	 431932 	 	 0 
102 	 7 	 473  	 431932 	  	 431932 	 	 431932 	 	 0 
102 	 7 	 474  	 431932 	  	 431932 	 	 431932 	 	 0 
102 	 7 	 475  	 431932 	  	 431932 	 	 431932 	 	 0 
102 	 7 	 476  	 431932 	  	 431932 	 	 431932 	 	 0 
102 	 7 	 477  	 431932 	  	 431932 	 	 431932 	 	 0 
102 	 7 	 478  	 431932 	  	 431932 	 	 431932 	 	 0 
102 	 7 	 479  	 431932 	  	 431932 	 	 431932 	 	 0 
102 	 7 	 480  	 431932 	  	 431932 	 	 431932 	 	 0 
102 	 7 	 481  	 431932 	  	 431932 	 	 431932 	 	 0 
102 	 7 	 482  	 431932 	  	 431932 	 	 431932 	 	 0 
102 	 7 	 483  	 431932 	  	 431932 	 	 431932 	 	 0 
102 	 7 	 484  	 431932 	  	 431932 	 	 431932 	 	 0 
102 	 7 	 485  	 431932 	  	 431932 	 	 431932 	 	 0 
102 	 7 	 486  	 431932 	  	 431932 	 	 431932 	 	 0 
102 	 7 	 487  	 431932 	  	 431932 	 	 431932 	 	 0 
102 	 7 	 488  	 431932 	  	 431932 	 	 431932 	 	 0 
102 	 7 	 489  	 431932 	  	 431932 	 	 431932 	 	 0 
102 	 7 	 490  	 431932 	  	 431932 	 	 431932 	 	 0 
102 	 7 	 491  	 431932 	  	 431932 	 	 431932 	 	 0 
102 	 7 	 492  	 431932 	  	 431932 	 	 431932 	 	 0 
102 	 7 	 493  	 431932 	  	 431932 	 	 431932 	 	 0 
102 	 7 	 494  	 431932 	  	 431932 	 	 431932 	 	 0 
102 	 7 	 495  	 431932 	  	 431932 	 	 431932 	 	 0 
102 	 7 	 496  	 431932 	  	 431932 	 	 431932 	 	 0 
102 	 7 	 497  	 431932 	  	 431932 	 	 431932 	 	 0 
102 	 7 	 498  	 431932 	  	 431932 	 	 431932 	 	 0 
102 	 7 	 499  	 431932 	  	 431932 	 	 431932 	 	 0 
102 	 7 	 500  	 431932 	  	 431932 	 	 431932 	 	 0 
102 	 7 	 501  	 431932 	  	 431932 	 	 431932 	 	 0 
102 	 7 	 502  	 431932 	  	 431932 	 	 431932 	 	 0 
102 	 7 	 503  	 431932 	  	 431932 	 	 431932 	 	 0 
102 	 7 	 504  	 431932 	  	 431932 	 	 431932 	 	 0 
102 	 7 	 505  	 431932 	  	 431932 	 	 431932 	 	 0 
102 	 7 	 506  	 431932 	  	 431932 	 	 431932 	 	 0 
102 	 7 	 507  	 431932 	  	 431932 	 	 431932 	 	 0 
102 	 7 	 508  	 431932 	  	 431932 	 	 431932 	 	 0 
102 	 7 	 509  	 431932 	  	 431932 	 	 431932 	 	 0 
102 	 7 	 510  	 431932 	  	 431932 	 	 431932 	 	 0 
102 	 7 	 511  	 431932 	  	 431932 	 	 431932 	 	 0 
102 	 7 	 512  	 431932 	  	 431932 	 	 431932 	 	 0 
102 	 7 	 513  	 431932 	  	 431932 	 	 431932 	 	 0 
102 	 7 	 514  	 431932 	  	 431932 	 	 431932 	 	 0 
102 	 7 	 515  	 431932 	  	 431932 	 	 431932 	 	 0 
102 	 7 	 516  	 431932 	  	 431932 	 	 431932 	 	 0 
102 	 7 	 517  	 431932 	  	 431932 	 	 431932 	 	 0 
102 	 7 	 518  	 431932 	  	 431932 	 	 431932 	 	 0 
102 	 7 	 519  	 431932 	  	 431932 	 	 431932 	 	 0 
102 	 7 	 520  	 431932 	  	 431932 	 	 431932 	 	 0 
102 	 7 	 521  	 431932 	  	 431932 	 	 431932 	 	 0 
102 	 7 	 522  	 431932 	  	 431932 	 	 431932 	 	 0 
102 	 7 	 523  	 431932 	  	 431932 	 	 431932 	 	 0 
102 	 7 	 524  	 431932 	  	 431932 	 	 431932 	 	 0 
102 	 7 	 525  	 431932 	  	 431932 	 	 431932 	 	 0 
102 	 7 	 526  	 431932 	  	 431932 	 	 431932 	 	 0 
102 	 7 	 527  	 431932 	  	 431932 	 	 431932 	 	 0 
102 	 7 	 528  	 431932 	  	 431932 	 	 431932 	 	 0 
102 	 7 	 529  	 431932 	  	 431932 	 	 431932 	 	 0 
102 	 7 	 530  	 431932 	  	 431932 	 	 431932 	 	 0 
102 	 7 	 531  	 431932 	  	 431932 	 	 431932 	 	 0 
102 	 7 	 532  	 431932 	  	 431932 	 	 431932 	 	 0 
102 	 7 	 533  	 431932 	  	 431932 	 	 431932 	 	 0 
102 	 7 	 534  	 431932 	  	 431932 	 	 431932 	 	 0 
102 	 7 	 535  	 431932 	  	 431932 	 	 431932 	 	 0 
102 	 7 	 536  	 431932 	  	 431932 	 	 431932 	 	 0 
102 	 7 	 537  	 431932 	  	 431932 	 	 431932 	 	 0 
102 	 7 	 538  	 431932 	  	 431932 	 	 431932 	 	 0 
102 	 7 	 539  	 431932 	  	 431932 	 	 431932 	 	 0 
102 	 7 	 540  	 431932 	  	 431932 	 	 431932 	 	 0 
102 	 7 	 541  	 431932 	  	 431932 	 	 431932 	 	 0 
102 	 7 	 542  	 431932 	  	 431932 	 	 431932 	 	 0 
102 	 7 	 543  	 431932 	  	 431932 	 	 431932 	 	 0 
102 	 7 	 544  	 431932 	  	 431932 	 	 431932 	 	 0 
102 	 7 	 545  	 431932 	  	 431932 	 	 431932 	 	 0 
102 	 7 	 546  	 431932 	  	 431932 	 	 431932 	 	 0 
102 	 7 	 547  	 431932 	  	 431932 	 	 431932 	 	 0 
102 	 7 	 548  	 431932 	  	 431932 	 	 431932 	 	 0 
102 	 7 	 549  	 431932 	  	 431932 	 	 431932 	 	 0 
102 	 7 	 550  	 431932 	  	 431932 	 	 431932 	 	 0 
102 	 7 	 551  	 431932 	  	 431932 	 	 431932 	 	 0 
102 	 7 	 552  	 431932 	  	 431932 	 	 431932 	 	 0 
102 	 7 	 553  	 431932 	  	 431932 	 	 431932 	 	 0 
102 	 7 	 554  	 431932 	  	 431932 	 	 431932 	 	 0 
102 	 7 	 555  	 431932 	  	 431932 	 	 431932 	 	 0 
102 	 7 	 556  	 431932 	  	 431932 	 	 431932 	 	 0 
102 	 7 	 557  	 431932 	  	 431932 	 	 431932 	 	 0 
102 	 7 	 558  	 431932 	  	 431932 	 	 431932 	 	 0 
102 	 7 	 559  	 431932 	  	 431932 	 	 431932 	 	 0 
102 	 7 	 560  	 431932 	  	 431932 	 	 431932 	 	 0 
102 	 7 	 561  	 431932 	  	 431932 	 	 431932 	 	 0 
102 	 7 	 562  	 431932 	  	 431932 	 	 431932 	 	 0 
102 	 7 	 563  	 431932 	  	 431932 	 	 431932 	 	 0 
102 	 7 	 564  	 431932 	  	 431932 	 	 431932 	 	 0 
102 	 7 	 565  	 431932 	  	 431932 	 	 431932 	 	 0 
102 	 7 	 566  	 431932 	  	 431932 	 	 431932 	 	 0 
102 	 7 	 567  	 431932 	  	 431932 	 	 431932 	 	 0 
102 	 7 	 568  	 431932 	  	 431932 	 	 431932 	 	 0 
102 	 7 	 569  	 431932 	  	 431932 	 	 431932 	 	 0 
102 	 7 	 570  	 431932 	  	 431932 	 	 431932 	 	 0 
102 	 7 	 571  	 431932 	  	 431932 	 	 431932 	 	 0 
102 	 7 	 572  	 431932 	  	 431932 	 	 431932 	 	 0 
102 	 7 	 573  	 431932 	  	 431932 	 	 431932 	 	 0 
102 	 7 	 574  	 431932 	  	 431932 	 	 431932 	 	 0 
102 	 7 	 575  	 431932 	  	 431932 	 	 431932 	 	 0 
102 	 7 	 576  	 431932 	  	 431932 	 	 431932 	 	 0 
102 	 7 	 577  	 431932 	  	 431932 	 	 431932 	 	 0 
102 	 7 	 578  	 431932 	  	 431932 	 	 431932 	 	 0 
102 	 7 	 579  	 431932 	  	 431932 	 	 431932 	 	 0 
102 	 7 	 580  	 431932 	  	 431932 	 	 431932 	 	 0 
102 	 7 	 581  	 431932 	  	 431932 	 	 431932 	 	 0 
102 	 7 	 582  	 431932 	  	 431932 	 	 431932 	 	 0 
102 	 7 	 583  	 431932 	  	 431932 	 	 431932 	 	 0 
102 	 7 	 584  	 431932 	  	 431932 	 	 431932 	 	 0 
102 	 7 	 585  	 431932 	  	 431932 	 	 431932 	 	 0 
102 	 7 	 586  	 431932 	  	 431932 	 	 431932 	 	 0 
102 	 7 	 587  	 431932 	  	 431932 	 	 431932 	 	 0 
102 	 7 	 588  	 431932 	  	 431932 	 	 431932 	 	 0 
102 	 7 	 589  	 431932 	  	 431932 	 	 431932 	 	 0 
102 	 7 	 590  	 431932 	  	 431932 	 	 431932 	 	 0 
102 	 7 	 591  	 431932 	  	 431932 	 	 431932 	 	 0 
102 	 7 	 592  	 431932 	  	 431932 	 	 431932 	 	 0 
102 	 7 	 593  	 431932 	  	 431932 	 	 431932 	 	 0 
102 	 7 	 594  	 431932 	  	 431932 	 	 431932 	 	 0 
102 	 7 	 595  	 431932 	  	 431932 	 	 431932 	 	 0 
102 	 7 	 596  	 431932 	  	 431932 	 	 431932 	 	 0 
102 	 7 	 597  	 431932 	  	 431932 	 	 431932 	 	 0 
102 	 7 	 598  	 431932 	  	 431932 	 	 431932 	 	 0 
102 	 7 	 599  	 431932 	  	 431932 	 	 431932 	 	 0 
102 	 7 	 600  	 431932 	  	 431932 	 	 431932 	 	 0 
102 	 7 	 601  	 431932 	  	 431932 	 	 431932 	 	 0 
102 	 7 	 602  	 431932 	  	 431932 	 	 431932 	 	 0 
102 	 7 	 603  	 431932 	  	 431932 	 	 431932 	 	 0 
102 	 7 	 604  	 431932 	  	 431932 	 	 431932 	 	 0 
102 	 7 	 605  	 431932 	  	 431932 	 	 431932 	 	 0 
102 	 7 	 606  	 431932 	  	 431932 	 	 431932 	 	 0 
102 	 7 	 607  	 431932 	  	 431932 	 	 431932 	 	 0 
102 	 7 	 608  	 431932 	  	 431932 	 	 431932 	 	 0 
102 	 7 	 609  	 431932 	  	 431932 	 	 431932 	 	 0 
102 	 7 	 610  	 431932 	  	 431932 	 	 431932 	 	 0 
102 	 7 	 611  	 431932 	  	 431932 	 	 431932 	 	 0 
102 	 7 	 612  	 431932 	  	 431932 	 	 431932 	 	 0 
102 	 7 	 613  	 431932 	  	 431932 	 	 431932 	 	 0 
102 	 7 	 614  	 431932 	  	 431932 	 	 431932 	 	 0 
102 	 7 	 615  	 431932 	  	 431932 	 	 431932 	 	 0 
102 	 7 	 616  	 431932 	  	 431932 	 	 431932 	 	 0 
102 	 7 	 617  	 431932 	  	 431932 	 	 431932 	 	 0 
102 	 7 	 618  	 431932 	  	 431932 	 	 431932 	 	 0 
102 	 7 	 619  	 431932 	  	 431932 	 	 431932 	 	 0 
102 	 7 	 620  	 431932 	  	 431932 	 	 431932 	 	 0 
102 	 7 	 621  	 431932 	  	 431932 	 	 431932 	 	 0 
102 	 7 	 622  	 431932 	  	 431932 	 	 431932 	 	 0 
102 	 7 	 623  	 431932 	  	 431932 	 	 431932 	 	 0 
102 	 7 	 624  	 431932 	  	 431932 	 	 431932 	 	 0 
102 	 7 	 625  	 431932 	  	 431932 	 	 431932 	 	 0 
102 	 7 	 626  	 431932 	  	 431932 	 	 431932 	 	 0 
102 	 7 	 627  	 431932 	  	 431932 	 	 431932 	 	 0 
102 	 7 	 628  	 431932 	  	 431932 	 	 431932 	 	 0 
102 	 7 	 629  	 431932 	  	 431932 	 	 431932 	 	 0 
102 	 7 	 630  	 431932 	  	 431932 	 	 431932 	 	 0 
102 	 7 	 631  	 431932 	  	 431932 	 	 431932 	 	 0 
102 	 7 	 632  	 431932 	  	 431932 	 	 431932 	 	 0 
102 	 7 	 633  	 431932 	  	 431932 	 	 431932 	 	 0 
102 	 7 	 634  	 431932 	  	 431932 	 	 431932 	 	 0 
102 	 7 	 635  	 431932 	  	 431932 	 	 431932 	 	 0 
102 	 7 	 636  	 431932 	  	 431932 	 	 431932 	 	 0 
102 	 7 	 637  	 431932 	  	 431932 	 	 431932 	 	 0 
102 	 7 	 638  	 431932 	  	 431932 	 	 431932 	 	 0 
102 	 7 	 639  	 431932 	  	 431932 	 	 431932 	 	 0 
102 	 7 	 640  	 431932 	  	 431932 	 	 431932 	 	 0 
102 	 7 	 641  	 431932 	  	 431932 	 	 431932 	 	 0 
102 	 7 	 642  	 431932 	  	 431932 	 	 431932 	 	 0 
102 	 7 	 643  	 431932 	  	 431932 	 	 431932 	 	 0 
102 	 7 	 644  	 431932 	  	 431932 	 	 431932 	 	 0 
102 	 7 	 645  	 431932 	  	 431932 	 	 431932 	 	 0 
102 	 7 	 646  	 431932 	  	 431932 	 	 431932 	 	 0 
102 	 7 	 647  	 431932 	  	 431932 	 	 431932 	 	 0 
102 	 7 	 648  	 431932 	  	 431932 	 	 431932 	 	 0 
102 	 7 	 649  	 431932 	  	 431932 	 	 431932 	 	 0 
102 	 7 	 650  	 431932 	  	 431932 	 	 431932 	 	 0 
102 	 7 	 651  	 431932 	  	 431932 	 	 431932 	 	 0 
102 	 7 	 652  	 431932 	  	 431932 	 	 431932 	 	 0 
102 	 7 	 653  	 431932 	  	 431932 	 	 431932 	 	 0 
102 	 7 	 654  	 431932 	  	 431932 	 	 431932 	 	 0 
102 	 7 	 655  	 431932 	  	 431932 	 	 431932 	 	 0 
102 	 7 	 656  	 431932 	  	 431932 	 	 431932 	 	 0 
102 	 7 	 657  	 431932 	  	 431932 	 	 431932 	 	 0 
102 	 7 	 658  	 431932 	  	 431932 	 	 431932 	 	 0 
102 	 7 	 659  	 431932 	  	 431932 	 	 431932 	 	 0 
102 	 7 	 660  	 431932 	  	 431932 	 	 431932 	 	 0 
102 	 7 	 661  	 431932 	  	 431932 	 	 431932 	 	 0 
102 	 7 	 662  	 431932 	  	 431932 	 	 431932 	 	 0 
102 	 7 	 663  	 431932 	  	 431932 	 	 431932 	 	 0 
102 	 7 	 664  	 431932 	  	 431932 	 	 431932 	 	 0 
102 	 7 	 665  	 431932 	  	 431932 	 	 431932 	 	 0 
102 	 7 	 666  	 431932 	  	 431932 	 	 431932 	 	 0 
102 	 7 	 667  	 431932 	  	 431932 	 	 431932 	 	 0 
102 	 7 	 668  	 431932 	  	 431932 	 	 431932 	 	 0 
102 	 7 	 669  	 431932 	  	 431932 	 	 431932 	 	 0 
102 	 7 	 670  	 431932 	  	 431932 	 	 431932 	 	 0 
102 	 7 	 671  	 431932 	  	 431932 	 	 431932 	 	 0 
102 	 7 	 672  	 431932 	  	 431932 	 	 431932 	 	 0 
102 	 7 	 673  	 431932 	  	 431932 	 	 431932 	 	 0 
102 	 7 	 674  	 431932 	  	 431932 	 	 431932 	 	 0 
102 	 7 	 675  	 431932 	  	 431932 	 	 431932 	 	 0 
102 	 7 	 676  	 431932 	  	 431932 	 	 431932 	 	 0 
102 	 7 	 677  	 431932 	  	 431932 	 	 431932 	 	 0 
102 	 7 	 678  	 431932 	  	 431932 	 	 431932 	 	 0 
102 	 7 	 679  	 431932 	  	 431932 	 	 431932 	 	 0 
102 	 7 	 680  	 431932 	  	 431932 	 	 431932 	 	 0 
102 	 7 	 681  	 431932 	  	 431932 	 	 431932 	 	 0 
102 	 7 	 682  	 431932 	  	 431932 	 	 431932 	 	 0 
102 	 7 	 683  	 431932 	  	 431932 	 	 431932 	 	 0 
102 	 7 	 684  	 431932 	  	 431932 	 	 431932 	 	 0 
102 	 7 	 685  	 431932 	  	 431932 	 	 431932 	 	 0 
102 	 7 	 686  	 431932 	  	 431932 	 	 431932 	 	 0 
102 	 7 	 687  	 431932 	  	 431932 	 	 431932 	 	 0 
102 	 7 	 688  	 431932 	  	 431932 	 	 431932 	 	 0 
102 	 7 	 689  	 431932 	  	 431932 	 	 431932 	 	 0 
102 	 7 	 690  	 431932 	  	 431932 	 	 431932 	 	 0 
102 	 7 	 691  	 431932 	  	 431932 	 	 431932 	 	 0 
102 	 7 	 692  	 431932 	  	 431932 	 	 431932 	 	 0 
102 	 7 	 693  	 431932 	  	 431932 	 	 431932 	 	 0 
102 	 7 	 694  	 431932 	  	 431932 	 	 431932 	 	 0 
102 	 7 	 695  	 431932 	  	 431932 	 	 431932 	 	 0 
102 	 7 	 696  	 431932 	  	 431932 	 	 431932 	 	 0 
102 	 7 	 697  	 431932 	  	 431932 	 	 431932 	 	 0 
102 	 7 	 698  	 431932 	  	 431932 	 	 431932 	 	 0 
102 	 7 	 699  	 431932 	  	 431932 	 	 431932 	 	 0 
102 	 7 	 700  	 431932 	  	 431932 	 	 431932 	 	 0 
102 	 7 	 701  	 431932 	  	 431932 	 	 431932 	 	 0 
102 	 7 	 702  	 431932 	  	 431932 	 	 431932 	 	 0 
102 	 7 	 703  	 431932 	  	 431932 	 	 431932 	 	 0 
102 	 7 	 704  	 431932 	  	 431932 	 	 431932 	 	 0 
102 	 7 	 705  	 431932 	  	 431932 	 	 431932 	 	 0 
102 	 7 	 706  	 431932 	  	 431932 	 	 431932 	 	 0 
102 	 7 	 707  	 431932 	  	 431932 	 	 431932 	 	 0 
102 	 7 	 708  	 431932 	  	 431932 	 	 431932 	 	 0 
102 	 7 	 709  	 431932 	  	 431932 	 	 431932 	 	 0 
102 	 7 	 710  	 431932 	  	 431932 	 	 431932 	 	 0 
102 	 7 	 711  	 431932 	  	 431932 	 	 431932 	 	 0 
102 	 7 	 712  	 431932 	  	 431932 	 	 431932 	 	 0 
102 	 7 	 713  	 431932 	  	 431932 	 	 431932 	 	 0 
102 	 7 	 714  	 431932 	  	 431932 	 	 431932 	 	 0 
