102 	 6 	 1  	 162952 	  	 0 	 	 0 	 	 0 
102 	 6 	 2  	 162952 	  	 0 	 	 0 	 	 0 
102 	 6 	 3  	 162952 	  	 0 	 	 0 	 	 0 
102 	 6 	 4  	 162952 	  	 0 	 	 0 	 	 0 
102 	 6 	 5  	 162952 	  	 0 	 	 0 	 	 0 
102 	 6 	 6  	 162952 	  	 144926 	 	 0 	 	 0 
102 	 6 	 7  	 162952 	  	 144926 	 	 144926 	 	 0 
102 	 6 	 8  	 162952 	  	 144926 	 	 144926 	 	 0 
102 	 6 	 9  	 162952 	  	 144926 	 	 144926 	 	 0 
102 	 6 	 10  	 162952 	  	 144926 	 	 144926 	 	 0 
102 	 6 	 11  	 162952 	  	 144926 	 	 144926 	 	 0 
102 	 6 	 12  	 162952 	  	 144926 	 	 144926 	 	 0 
102 	 6 	 13  	 162952 	  	 162952 	 	 144926 	 	 0 
102 	 6 	 14  	 162952 	  	 162952 	 	 162952 	 	 0 
102 	 6 	 15  	 162952 	  	 162952 	 	 162952 	 	 0 
102 	 6 	 16  	 162952 	  	 162952 	 	 162952 	 	 0 
102 	 6 	 17  	 162952 	  	 162952 	 	 162952 	 	 0 
102 	 6 	 18  	 162952 	  	 162952 	 	 162952 	 	 0 
102 	 6 	 19  	 162952 	  	 162952 	 	 162952 	 	 0 
102 	 6 	 20  	 162952 	  	 162952 	 	 162952 	 	 0 
102 	 6 	 21  	 162952 	  	 162952 	 	 162952 	 	 0 
102 	 6 	 22  	 162952 	  	 162952 	 	 162952 	 	 0 
102 	 6 	 23  	 162952 	  	 162952 	 	 162952 	 	 0 
102 	 6 	 24  	 162952 	  	 162952 	 	 162952 	 	 0 
102 	 6 	 25  	 162952 	  	 162952 	 	 162952 	 	 0 
102 	 6 	 26  	 162952 	  	 162952 	 	 162952 	 	 0 
102 	 6 	 27  	 162952 	  	 162952 	 	 162952 	 	 0 
102 	 6 	 28  	 162952 	  	 162952 	 	 162952 	 	 0 
102 	 6 	 29  	 162952 	  	 162952 	 	 162952 	 	 0 
102 	 6 	 30  	 162952 	  	 162952 	 	 162952 	 	 0 
102 	 6 	 31  	 162952 	  	 162952 	 	 162952 	 	 0 
102 	 6 	 32  	 162952 	  	 162952 	 	 162952 	 	 0 
102 	 6 	 33  	 162952 	  	 162952 	 	 162952 	 	 0 
102 	 6 	 34  	 162952 	  	 162952 	 	 162952 	 	 0 
102 	 6 	 35  	 162952 	  	 162952 	 	 162952 	 	 0 
102 	 6 	 36  	 162952 	  	 162952 	 	 162952 	 	 0 
102 	 6 	 37  	 162952 	  	 162952 	 	 162952 	 	 0 
102 	 6 	 38  	 162952 	  	 162952 	 	 162952 	 	 0 
102 	 6 	 39  	 162952 	  	 162952 	 	 162952 	 	 0 
102 	 6 	 40  	 162952 	  	 162952 	 	 162952 	 	 0 
102 	 6 	 41  	 162952 	  	 162952 	 	 162952 	 	 0 
102 	 6 	 42  	 162952 	  	 162952 	 	 162952 	 	 0 
102 	 6 	 43  	 162952 	  	 162952 	 	 162952 	 	 0 
102 	 6 	 44  	 162952 	  	 162952 	 	 162952 	 	 0 
102 	 6 	 45  	 162952 	  	 162952 	 	 162952 	 	 0 
102 	 6 	 46  	 162952 	  	 162952 	 	 162952 	 	 0 
102 	 6 	 47  	 162952 	  	 162952 	 	 162952 	 	 0 
102 	 6 	 48  	 162952 	  	 162952 	 	 162952 	 	 0 
102 	 6 	 49  	 162952 	  	 162952 	 	 162952 	 	 0 
102 	 6 	 50  	 162952 	  	 162952 	 	 162952 	 	 0 
102 	 6 	 51  	 162952 	  	 162952 	 	 162952 	 	 0 
102 	 6 	 52  	 162952 	  	 162952 	 	 162952 	 	 0 
102 	 6 	 53  	 162952 	  	 162952 	 	 162952 	 	 0 
102 	 6 	 54  	 162952 	  	 162952 	 	 162952 	 	 0 
102 	 6 	 55  	 162952 	  	 162952 	 	 162952 	 	 0 
102 	 6 	 56  	 162952 	  	 162952 	 	 162952 	 	 0 
102 	 6 	 57  	 162952 	  	 162952 	 	 162952 	 	 0 
102 	 6 	 58  	 162952 	  	 162952 	 	 162952 	 	 0 
102 	 6 	 59  	 162952 	  	 162952 	 	 162952 	 	 0 
102 	 6 	 60  	 162952 	  	 162952 	 	 162952 	 	 0 
102 	 6 	 61  	 162952 	  	 162952 	 	 162952 	 	 0 
102 	 6 	 62  	 162952 	  	 162952 	 	 162952 	 	 0 
102 	 6 	 63  	 162952 	  	 162952 	 	 162952 	 	 0 
102 	 6 	 64  	 162952 	  	 162952 	 	 162952 	 	 0 
102 	 6 	 65  	 162952 	  	 162952 	 	 162952 	 	 0 
102 	 6 	 66  	 162952 	  	 162952 	 	 162952 	 	 0 
102 	 6 	 67  	 162952 	  	 162952 	 	 162952 	 	 0 
102 	 6 	 68  	 162952 	  	 162952 	 	 162952 	 	 0 
102 	 6 	 69  	 162952 	  	 162952 	 	 162952 	 	 0 
102 	 6 	 70  	 162952 	  	 162952 	 	 162952 	 	 0 
102 	 6 	 71  	 162952 	  	 162952 	 	 162952 	 	 0 
102 	 6 	 72  	 162952 	  	 162952 	 	 162952 	 	 0 
102 	 6 	 73  	 162952 	  	 162952 	 	 162952 	 	 0 
102 	 6 	 74  	 162952 	  	 162952 	 	 162952 	 	 0 
102 	 6 	 75  	 162952 	  	 162952 	 	 162952 	 	 0 
102 	 6 	 76  	 162952 	  	 162952 	 	 162952 	 	 0 
102 	 6 	 77  	 162952 	  	 162952 	 	 162952 	 	 0 
102 	 6 	 78  	 162952 	  	 162952 	 	 162952 	 	 0 
102 	 6 	 79  	 162952 	  	 162952 	 	 162952 	 	 0 
102 	 6 	 80  	 162952 	  	 162952 	 	 162952 	 	 0 
102 	 6 	 81  	 162952 	  	 162952 	 	 162952 	 	 0 
102 	 6 	 82  	 162952 	  	 162952 	 	 162952 	 	 0 
102 	 6 	 83  	 162952 	  	 162952 	 	 162952 	 	 0 
102 	 6 	 84  	 162952 	  	 162952 	 	 162952 	 	 0 
102 	 6 	 85  	 162952 	  	 162952 	 	 162952 	 	 0 
102 	 6 	 86  	 162952 	  	 162952 	 	 162952 	 	 0 
102 	 6 	 87  	 162952 	  	 162952 	 	 162952 	 	 0 
102 	 6 	 88  	 162952 	  	 162952 	 	 162952 	 	 0 
102 	 6 	 89  	 162952 	  	 162952 	 	 162952 	 	 0 
102 	 6 	 90  	 162952 	  	 162952 	 	 162952 	 	 0 
102 	 6 	 91  	 162952 	  	 162952 	 	 162952 	 	 0 
102 	 6 	 92  	 162952 	  	 162952 	 	 162952 	 	 0 
102 	 6 	 93  	 162952 	  	 162952 	 	 162952 	 	 0 
102 	 6 	 94  	 162952 	  	 162952 	 	 162952 	 	 0 
102 	 6 	 95  	 162952 	  	 162952 	 	 162952 	 	 0 
102 	 6 	 96  	 162952 	  	 162952 	 	 162952 	 	 0 
102 	 6 	 97  	 162952 	  	 162952 	 	 162952 	 	 0 
102 	 6 	 98  	 162952 	  	 162952 	 	 162952 	 	 0 
102 	 6 	 99  	 162952 	  	 162952 	 	 162952 	 	 0 
102 	 6 	 100  	 162952 	  	 162952 	 	 162952 	 	 0 
102 	 6 	 101  	 162952 	  	 162952 	 	 162952 	 	 0 
102 	 6 	 102  	 162952 	  	 162952 	 	 162952 	 	 0 
102 	 6 	 103  	 162952 	  	 162952 	 	 162952 	 	 0 
102 	 6 	 104  	 162952 	  	 162952 	 	 162952 	 	 0 
102 	 6 	 105  	 162952 	  	 162952 	 	 162952 	 	 0 
102 	 6 	 106  	 162952 	  	 162952 	 	 162952 	 	 0 
102 	 6 	 107  	 162952 	  	 162952 	 	 162952 	 	 0 
102 	 6 	 108  	 162952 	  	 162952 	 	 162952 	 	 0 
102 	 6 	 109  	 162952 	  	 162952 	 	 162952 	 	 0 
102 	 6 	 110  	 162952 	  	 162952 	 	 162952 	 	 0 
102 	 6 	 111  	 162952 	  	 162952 	 	 162952 	 	 0 
102 	 6 	 112  	 162952 	  	 162952 	 	 162952 	 	 0 
102 	 6 	 113  	 162952 	  	 162952 	 	 162952 	 	 0 
102 	 6 	 114  	 162952 	  	 162952 	 	 162952 	 	 0 
102 	 6 	 115  	 162952 	  	 162952 	 	 162952 	 	 0 
102 	 6 	 116  	 162952 	  	 162952 	 	 162952 	 	 0 
102 	 6 	 117  	 162952 	  	 162952 	 	 162952 	 	 0 
102 	 6 	 118  	 162952 	  	 162952 	 	 162952 	 	 0 
102 	 6 	 119  	 162952 	  	 162952 	 	 162952 	 	 0 
102 	 6 	 120  	 162952 	  	 162952 	 	 162952 	 	 0 
102 	 6 	 121  	 162952 	  	 162952 	 	 162952 	 	 0 
102 	 6 	 122  	 162952 	  	 162952 	 	 162952 	 	 0 
102 	 6 	 123  	 162952 	  	 162952 	 	 162952 	 	 0 
102 	 6 	 124  	 162952 	  	 162952 	 	 162952 	 	 0 
102 	 6 	 125  	 162952 	  	 162952 	 	 162952 	 	 0 
102 	 6 	 126  	 162952 	  	 162952 	 	 162952 	 	 0 
102 	 6 	 127  	 162952 	  	 162952 	 	 162952 	 	 0 
102 	 6 	 128  	 162952 	  	 162952 	 	 162952 	 	 0 
102 	 6 	 129  	 162952 	  	 162952 	 	 162952 	 	 0 
102 	 6 	 130  	 162952 	  	 162952 	 	 162952 	 	 0 
102 	 6 	 131  	 162952 	  	 162952 	 	 162952 	 	 0 
102 	 6 	 132  	 162952 	  	 162952 	 	 162952 	 	 0 
102 	 6 	 133  	 162952 	  	 162952 	 	 162952 	 	 0 
102 	 6 	 134  	 162952 	  	 162952 	 	 162952 	 	 0 
102 	 6 	 135  	 162952 	  	 162952 	 	 162952 	 	 0 
102 	 6 	 136  	 162952 	  	 162952 	 	 162952 	 	 0 
102 	 6 	 137  	 162952 	  	 162952 	 	 162952 	 	 0 
102 	 6 	 138  	 162952 	  	 162952 	 	 162952 	 	 0 
102 	 6 	 139  	 162952 	  	 162952 	 	 162952 	 	 0 
102 	 6 	 140  	 162952 	  	 162952 	 	 162952 	 	 0 
102 	 6 	 141  	 162952 	  	 162952 	 	 162952 	 	 0 
102 	 6 	 142  	 162952 	  	 162952 	 	 162952 	 	 0 
102 	 6 	 143  	 162952 	  	 162952 	 	 162952 	 	 0 
102 	 6 	 144  	 162952 	  	 162952 	 	 162952 	 	 0 
102 	 6 	 145  	 162952 	  	 162952 	 	 162952 	 	 0 
102 	 6 	 146  	 162952 	  	 162952 	 	 162952 	 	 0 
102 	 6 	 147  	 162952 	  	 162952 	 	 162952 	 	 0 
102 	 6 	 148  	 162952 	  	 162952 	 	 162952 	 	 0 
102 	 6 	 149  	 162952 	  	 162952 	 	 162952 	 	 0 
102 	 6 	 150  	 162952 	  	 162952 	 	 162952 	 	 0 
102 	 6 	 151  	 162952 	  	 162952 	 	 162952 	 	 0 
102 	 6 	 152  	 162952 	  	 162952 	 	 162952 	 	 0 
102 	 6 	 153  	 162952 	  	 162952 	 	 162952 	 	 0 
102 	 6 	 154  	 162952 	  	 162952 	 	 162952 	 	 0 
102 	 6 	 155  	 162952 	  	 162952 	 	 162952 	 	 0 
102 	 6 	 156  	 162952 	  	 162952 	 	 162952 	 	 0 
102 	 6 	 157  	 162952 	  	 162952 	 	 162952 	 	 0 
102 	 6 	 158  	 162952 	  	 162952 	 	 162952 	 	 0 
102 	 6 	 159  	 162952 	  	 162952 	 	 162952 	 	 0 
102 	 6 	 160  	 162952 	  	 162952 	 	 162952 	 	 0 
102 	 6 	 161  	 162952 	  	 162952 	 	 162952 	 	 0 
102 	 6 	 162  	 162952 	  	 162952 	 	 162952 	 	 0 
102 	 6 	 163  	 162952 	  	 162952 	 	 162952 	 	 0 
102 	 6 	 164  	 162952 	  	 162952 	 	 162952 	 	 0 
102 	 6 	 165  	 162952 	  	 162952 	 	 162952 	 	 0 
102 	 6 	 166  	 162952 	  	 162952 	 	 162952 	 	 0 
102 	 6 	 167  	 162952 	  	 162952 	 	 162952 	 	 0 
102 	 6 	 168  	 162952 	  	 162952 	 	 162952 	 	 0 
102 	 6 	 169  	 162952 	  	 162952 	 	 162952 	 	 0 
102 	 6 	 170  	 162952 	  	 162952 	 	 162952 	 	 0 
102 	 6 	 171  	 162952 	  	 162952 	 	 162952 	 	 0 
102 	 6 	 172  	 162952 	  	 162952 	 	 162952 	 	 0 
102 	 6 	 173  	 162952 	  	 162952 	 	 162952 	 	 0 
102 	 6 	 174  	 162952 	  	 162952 	 	 162952 	 	 0 
102 	 6 	 175  	 162952 	  	 162952 	 	 162952 	 	 0 
102 	 6 	 176  	 162952 	  	 162952 	 	 162952 	 	 0 
102 	 6 	 177  	 162952 	  	 162952 	 	 162952 	 	 0 
102 	 6 	 178  	 162952 	  	 162952 	 	 162952 	 	 0 
102 	 6 	 179  	 162952 	  	 162952 	 	 162952 	 	 0 
102 	 6 	 180  	 162952 	  	 162952 	 	 162952 	 	 0 
102 	 6 	 181  	 162952 	  	 162952 	 	 162952 	 	 0 
102 	 6 	 182  	 162952 	  	 162952 	 	 162952 	 	 0 
102 	 6 	 183  	 162952 	  	 162952 	 	 162952 	 	 0 
102 	 6 	 184  	 162952 	  	 162952 	 	 162952 	 	 0 
102 	 6 	 185  	 162952 	  	 162952 	 	 162952 	 	 0 
102 	 6 	 186  	 162952 	  	 162952 	 	 162952 	 	 0 
102 	 6 	 187  	 162952 	  	 162952 	 	 162952 	 	 0 
102 	 6 	 188  	 162952 	  	 162952 	 	 162952 	 	 0 
102 	 6 	 189  	 162952 	  	 162952 	 	 162952 	 	 0 
102 	 6 	 190  	 162952 	  	 162952 	 	 162952 	 	 0 
102 	 6 	 191  	 162952 	  	 162952 	 	 162952 	 	 0 
102 	 6 	 192  	 162952 	  	 162952 	 	 162952 	 	 0 
102 	 6 	 193  	 162952 	  	 162952 	 	 162952 	 	 0 
102 	 6 	 194  	 162952 	  	 162952 	 	 162952 	 	 0 
102 	 6 	 195  	 162952 	  	 162952 	 	 162952 	 	 0 
102 	 6 	 196  	 162952 	  	 162952 	 	 162952 	 	 0 
102 	 6 	 197  	 162952 	  	 162952 	 	 162952 	 	 0 
102 	 6 	 198  	 162952 	  	 162952 	 	 162952 	 	 0 
102 	 6 	 199  	 162952 	  	 162952 	 	 162952 	 	 0 
102 	 6 	 200  	 162952 	  	 162952 	 	 162952 	 	 0 
102 	 6 	 201  	 162952 	  	 162952 	 	 162952 	 	 0 
102 	 6 	 202  	 162952 	  	 162952 	 	 162952 	 	 0 
102 	 6 	 203  	 162952 	  	 162952 	 	 162952 	 	 0 
102 	 6 	 204  	 162952 	  	 162952 	 	 162952 	 	 0 
102 	 6 	 205  	 162952 	  	 162952 	 	 162952 	 	 0 
102 	 6 	 206  	 162952 	  	 162952 	 	 162952 	 	 0 
102 	 6 	 207  	 162952 	  	 162952 	 	 162952 	 	 0 
102 	 6 	 208  	 162952 	  	 162952 	 	 162952 	 	 0 
102 	 6 	 209  	 162952 	  	 162952 	 	 162952 	 	 0 
102 	 6 	 210  	 162952 	  	 162952 	 	 162952 	 	 0 
102 	 6 	 211  	 162952 	  	 162952 	 	 162952 	 	 0 
102 	 6 	 212  	 162952 	  	 162952 	 	 162952 	 	 0 
102 	 6 	 213  	 162952 	  	 162952 	 	 162952 	 	 0 
102 	 6 	 214  	 162952 	  	 162952 	 	 162952 	 	 0 
102 	 6 	 215  	 162952 	  	 162952 	 	 162952 	 	 0 
102 	 6 	 216  	 162952 	  	 162952 	 	 162952 	 	 0 
102 	 6 	 217  	 162952 	  	 162952 	 	 162952 	 	 0 
102 	 6 	 218  	 162952 	  	 162952 	 	 162952 	 	 0 
102 	 6 	 219  	 162952 	  	 162952 	 	 162952 	 	 0 
102 	 6 	 220  	 162952 	  	 162952 	 	 162952 	 	 0 
102 	 6 	 221  	 162952 	  	 162952 	 	 162952 	 	 0 
102 	 6 	 222  	 162952 	  	 162952 	 	 162952 	 	 0 
102 	 6 	 223  	 162952 	  	 162952 	 	 162952 	 	 0 
102 	 6 	 224  	 162952 	  	 162952 	 	 162952 	 	 0 
102 	 6 	 225  	 162952 	  	 162952 	 	 162952 	 	 0 
102 	 6 	 226  	 162952 	  	 162952 	 	 162952 	 	 0 
102 	 6 	 227  	 162952 	  	 162952 	 	 162952 	 	 0 
102 	 6 	 228  	 162952 	  	 162952 	 	 162952 	 	 0 
102 	 6 	 229  	 162952 	  	 162952 	 	 162952 	 	 0 
102 	 6 	 230  	 162952 	  	 162952 	 	 162952 	 	 0 
102 	 6 	 231  	 162952 	  	 162952 	 	 162952 	 	 0 
102 	 6 	 232  	 162952 	  	 162952 	 	 162952 	 	 0 
102 	 6 	 233  	 162952 	  	 162952 	 	 162952 	 	 0 
102 	 6 	 234  	 162952 	  	 162952 	 	 162952 	 	 0 
102 	 6 	 235  	 162952 	  	 162952 	 	 162952 	 	 0 
102 	 6 	 236  	 162952 	  	 162952 	 	 162952 	 	 0 
102 	 6 	 237  	 162952 	  	 162952 	 	 162952 	 	 0 
102 	 6 	 238  	 162952 	  	 162952 	 	 162952 	 	 0 
102 	 6 	 239  	 162952 	  	 162952 	 	 162952 	 	 0 
102 	 6 	 240  	 162952 	  	 162952 	 	 162952 	 	 0 
102 	 6 	 241  	 162952 	  	 162952 	 	 162952 	 	 0 
102 	 6 	 242  	 162952 	  	 162952 	 	 162952 	 	 0 
102 	 6 	 243  	 162952 	  	 162952 	 	 162952 	 	 0 
102 	 6 	 244  	 162952 	  	 162952 	 	 162952 	 	 0 
102 	 6 	 245  	 162952 	  	 162952 	 	 162952 	 	 0 
102 	 6 	 246  	 162952 	  	 162952 	 	 162952 	 	 0 
102 	 6 	 247  	 162952 	  	 162952 	 	 162952 	 	 0 
102 	 6 	 248  	 162952 	  	 162952 	 	 162952 	 	 0 
102 	 6 	 249  	 162952 	  	 162952 	 	 162952 	 	 0 
102 	 6 	 250  	 162952 	  	 162952 	 	 162952 	 	 0 
102 	 6 	 251  	 162952 	  	 162952 	 	 162952 	 	 0 
102 	 6 	 252  	 162952 	  	 162952 	 	 162952 	 	 0 
102 	 6 	 253  	 162952 	  	 162952 	 	 162952 	 	 0 
102 	 6 	 254  	 162952 	  	 162952 	 	 162952 	 	 0 
102 	 6 	 255  	 162952 	  	 162952 	 	 162952 	 	 0 
102 	 6 	 256  	 162952 	  	 162952 	 	 162952 	 	 0 
102 	 6 	 257  	 162952 	  	 162952 	 	 162952 	 	 0 
102 	 6 	 258  	 162952 	  	 162952 	 	 162952 	 	 0 
102 	 6 	 259  	 162952 	  	 162952 	 	 162952 	 	 0 
102 	 6 	 260  	 162952 	  	 162952 	 	 162952 	 	 0 
102 	 6 	 261  	 162952 	  	 162952 	 	 162952 	 	 0 
102 	 6 	 262  	 162952 	  	 162952 	 	 162952 	 	 0 
102 	 6 	 263  	 162952 	  	 162952 	 	 162952 	 	 0 
102 	 6 	 264  	 162952 	  	 162952 	 	 162952 	 	 0 
102 	 6 	 265  	 162952 	  	 162952 	 	 162952 	 	 0 
102 	 6 	 266  	 162952 	  	 162952 	 	 162952 	 	 0 
102 	 6 	 267  	 162952 	  	 162952 	 	 162952 	 	 0 
102 	 6 	 268  	 162952 	  	 162952 	 	 162952 	 	 0 
102 	 6 	 269  	 162952 	  	 162952 	 	 162952 	 	 0 
102 	 6 	 270  	 162952 	  	 162952 	 	 162952 	 	 0 
102 	 6 	 271  	 162952 	  	 162952 	 	 162952 	 	 0 
102 	 6 	 272  	 162952 	  	 162952 	 	 162952 	 	 0 
102 	 6 	 273  	 162952 	  	 162952 	 	 162952 	 	 0 
102 	 6 	 274  	 162952 	  	 162952 	 	 162952 	 	 0 
102 	 6 	 275  	 162952 	  	 162952 	 	 162952 	 	 0 
102 	 6 	 276  	 162952 	  	 162952 	 	 162952 	 	 0 
102 	 6 	 277  	 162952 	  	 162952 	 	 162952 	 	 0 
102 	 6 	 278  	 162952 	  	 162952 	 	 162952 	 	 0 
102 	 6 	 279  	 162952 	  	 162952 	 	 162952 	 	 0 
102 	 6 	 280  	 162952 	  	 162952 	 	 162952 	 	 0 
102 	 6 	 281  	 162952 	  	 162952 	 	 162952 	 	 0 
102 	 6 	 282  	 162952 	  	 162952 	 	 162952 	 	 0 
102 	 6 	 283  	 162952 	  	 162952 	 	 162952 	 	 0 
102 	 6 	 284  	 162952 	  	 162952 	 	 162952 	 	 0 
102 	 6 	 285  	 162952 	  	 162952 	 	 162952 	 	 0 
102 	 6 	 286  	 162952 	  	 162952 	 	 162952 	 	 0 
102 	 6 	 287  	 162952 	  	 162952 	 	 162952 	 	 0 
102 	 6 	 288  	 162952 	  	 162952 	 	 162952 	 	 0 
102 	 6 	 289  	 162952 	  	 162952 	 	 162952 	 	 0 
102 	 6 	 290  	 162952 	  	 162952 	 	 162952 	 	 0 
102 	 6 	 291  	 162952 	  	 162952 	 	 162952 	 	 0 
102 	 6 	 292  	 162952 	  	 162952 	 	 162952 	 	 0 
102 	 6 	 293  	 162952 	  	 162952 	 	 162952 	 	 0 
102 	 6 	 294  	 162952 	  	 162952 	 	 162952 	 	 0 
102 	 6 	 295  	 162952 	  	 162952 	 	 162952 	 	 0 
102 	 6 	 296  	 162952 	  	 162952 	 	 162952 	 	 0 
102 	 6 	 297  	 162952 	  	 162952 	 	 162952 	 	 0 
102 	 6 	 298  	 162952 	  	 162952 	 	 162952 	 	 0 
102 	 6 	 299  	 162952 	  	 162952 	 	 162952 	 	 0 
102 	 6 	 300  	 162952 	  	 162952 	 	 162952 	 	 0 
102 	 6 	 301  	 162952 	  	 162952 	 	 162952 	 	 0 
102 	 6 	 302  	 162952 	  	 162952 	 	 162952 	 	 0 
102 	 6 	 303  	 162952 	  	 162952 	 	 162952 	 	 0 
102 	 6 	 304  	 162952 	  	 162952 	 	 162952 	 	 0 
102 	 6 	 305  	 162952 	  	 162952 	 	 162952 	 	 0 
102 	 6 	 306  	 162952 	  	 162952 	 	 162952 	 	 0 
102 	 6 	 307  	 162952 	  	 162952 	 	 162952 	 	 0 
102 	 6 	 308  	 162952 	  	 162952 	 	 162952 	 	 0 
102 	 6 	 309  	 162952 	  	 162952 	 	 162952 	 	 0 
102 	 6 	 310  	 162952 	  	 162952 	 	 162952 	 	 0 
102 	 6 	 311  	 162952 	  	 162952 	 	 162952 	 	 0 
102 	 6 	 312  	 162952 	  	 162952 	 	 162952 	 	 0 
102 	 6 	 313  	 162952 	  	 162952 	 	 162952 	 	 0 
102 	 6 	 314  	 162952 	  	 162952 	 	 162952 	 	 0 
102 	 6 	 315  	 162952 	  	 162952 	 	 162952 	 	 0 
102 	 6 	 316  	 162952 	  	 162952 	 	 162952 	 	 0 
102 	 6 	 317  	 162952 	  	 162952 	 	 162952 	 	 0 
102 	 6 	 318  	 162952 	  	 162952 	 	 162952 	 	 0 
102 	 6 	 319  	 162952 	  	 162952 	 	 162952 	 	 0 
102 	 6 	 320  	 162952 	  	 162952 	 	 162952 	 	 0 
102 	 6 	 321  	 162952 	  	 162952 	 	 162952 	 	 0 
102 	 6 	 322  	 162952 	  	 162952 	 	 162952 	 	 0 
102 	 6 	 323  	 162952 	  	 162952 	 	 162952 	 	 0 
102 	 6 	 324  	 162952 	  	 162952 	 	 162952 	 	 0 
102 	 6 	 325  	 162952 	  	 162952 	 	 162952 	 	 0 
102 	 6 	 326  	 162952 	  	 162952 	 	 162952 	 	 0 
102 	 6 	 327  	 162952 	  	 162952 	 	 162952 	 	 0 
102 	 6 	 328  	 162952 	  	 162952 	 	 162952 	 	 0 
102 	 6 	 329  	 162952 	  	 162952 	 	 162952 	 	 0 
102 	 6 	 330  	 162952 	  	 162952 	 	 162952 	 	 0 
102 	 6 	 331  	 162952 	  	 162952 	 	 162952 	 	 0 
102 	 6 	 332  	 162952 	  	 162952 	 	 162952 	 	 0 
102 	 6 	 333  	 162952 	  	 162952 	 	 162952 	 	 0 
102 	 6 	 334  	 162952 	  	 162952 	 	 162952 	 	 0 
102 	 6 	 335  	 162952 	  	 162952 	 	 162952 	 	 0 
102 	 6 	 336  	 162952 	  	 162952 	 	 162952 	 	 0 
102 	 6 	 337  	 162952 	  	 162952 	 	 162952 	 	 0 
102 	 6 	 338  	 162952 	  	 162952 	 	 162952 	 	 0 
102 	 6 	 339  	 162952 	  	 162952 	 	 162952 	 	 0 
102 	 6 	 340  	 162952 	  	 162952 	 	 162952 	 	 0 
102 	 6 	 341  	 162952 	  	 162952 	 	 162952 	 	 0 
102 	 6 	 342  	 162952 	  	 162952 	 	 162952 	 	 0 
102 	 6 	 343  	 162952 	  	 162952 	 	 162952 	 	 0 
102 	 6 	 344  	 162952 	  	 162952 	 	 162952 	 	 0 
102 	 6 	 345  	 162952 	  	 162952 	 	 162952 	 	 0 
102 	 6 	 346  	 162952 	  	 162952 	 	 162952 	 	 0 
102 	 6 	 347  	 162952 	  	 162952 	 	 162952 	 	 0 
102 	 6 	 348  	 162952 	  	 162952 	 	 162952 	 	 0 
102 	 6 	 349  	 162952 	  	 162952 	 	 162952 	 	 0 
102 	 6 	 350  	 162952 	  	 162952 	 	 162952 	 	 0 
102 	 6 	 351  	 162952 	  	 162952 	 	 162952 	 	 0 
102 	 6 	 352  	 162952 	  	 162952 	 	 162952 	 	 0 
102 	 6 	 353  	 162952 	  	 162952 	 	 162952 	 	 0 
102 	 6 	 354  	 162952 	  	 162952 	 	 162952 	 	 0 
102 	 6 	 355  	 162952 	  	 162952 	 	 162952 	 	 0 
102 	 6 	 356  	 162952 	  	 162952 	 	 162952 	 	 0 
102 	 6 	 357  	 162952 	  	 162952 	 	 162952 	 	 0 
102 	 6 	 358  	 162952 	  	 162952 	 	 162952 	 	 0 
102 	 6 	 359  	 162952 	  	 162952 	 	 162952 	 	 0 
102 	 6 	 360  	 162952 	  	 162952 	 	 162952 	 	 0 
102 	 6 	 361  	 162952 	  	 162952 	 	 162952 	 	 0 
102 	 6 	 362  	 162952 	  	 162952 	 	 162952 	 	 0 
102 	 6 	 363  	 162952 	  	 162952 	 	 162952 	 	 0 
102 	 6 	 364  	 162952 	  	 162952 	 	 162952 	 	 0 
102 	 6 	 365  	 162952 	  	 162952 	 	 162952 	 	 0 
102 	 6 	 366  	 162952 	  	 162952 	 	 162952 	 	 0 
102 	 6 	 367  	 162952 	  	 162952 	 	 162952 	 	 0 
102 	 6 	 368  	 162952 	  	 162952 	 	 162952 	 	 0 
102 	 6 	 369  	 162952 	  	 162952 	 	 162952 	 	 0 
102 	 6 	 370  	 162952 	  	 162952 	 	 162952 	 	 0 
102 	 6 	 371  	 162952 	  	 162952 	 	 162952 	 	 0 
102 	 6 	 372  	 162952 	  	 162952 	 	 162952 	 	 0 
102 	 6 	 373  	 162952 	  	 162952 	 	 162952 	 	 0 
102 	 6 	 374  	 162952 	  	 162952 	 	 162952 	 	 0 
102 	 6 	 375  	 162952 	  	 162952 	 	 162952 	 	 0 
102 	 6 	 376  	 162952 	  	 162952 	 	 162952 	 	 0 
102 	 6 	 377  	 162952 	  	 162952 	 	 162952 	 	 0 
102 	 6 	 378  	 162952 	  	 162952 	 	 162952 	 	 0 
102 	 6 	 379  	 162952 	  	 162952 	 	 162952 	 	 0 
102 	 6 	 380  	 162952 	  	 162952 	 	 162952 	 	 0 
102 	 6 	 381  	 162952 	  	 162952 	 	 162952 	 	 0 
102 	 6 	 382  	 162952 	  	 162952 	 	 162952 	 	 0 
102 	 6 	 383  	 162952 	  	 162952 	 	 162952 	 	 0 
102 	 6 	 384  	 162952 	  	 162952 	 	 162952 	 	 0 
102 	 6 	 385  	 162952 	  	 162952 	 	 162952 	 	 0 
102 	 6 	 386  	 162952 	  	 162952 	 	 162952 	 	 0 
102 	 6 	 387  	 162952 	  	 162952 	 	 162952 	 	 0 
102 	 6 	 388  	 162952 	  	 162952 	 	 162952 	 	 0 
102 	 6 	 389  	 162952 	  	 162952 	 	 162952 	 	 0 
102 	 6 	 390  	 162952 	  	 162952 	 	 162952 	 	 0 
102 	 6 	 391  	 162952 	  	 162952 	 	 162952 	 	 0 
102 	 6 	 392  	 162952 	  	 162952 	 	 162952 	 	 0 
102 	 6 	 393  	 162952 	  	 162952 	 	 162952 	 	 0 
102 	 6 	 394  	 162952 	  	 162952 	 	 162952 	 	 0 
102 	 6 	 395  	 162952 	  	 162952 	 	 162952 	 	 0 
102 	 6 	 396  	 162952 	  	 162952 	 	 162952 	 	 0 
102 	 6 	 397  	 162952 	  	 162952 	 	 162952 	 	 0 
102 	 6 	 398  	 162952 	  	 162952 	 	 162952 	 	 0 
102 	 6 	 399  	 162952 	  	 162952 	 	 162952 	 	 0 
102 	 6 	 400  	 162952 	  	 162952 	 	 162952 	 	 0 
102 	 6 	 401  	 162952 	  	 162952 	 	 162952 	 	 0 
102 	 6 	 402  	 162952 	  	 162952 	 	 162952 	 	 0 
102 	 6 	 403  	 162952 	  	 162952 	 	 162952 	 	 0 
102 	 6 	 404  	 162952 	  	 162952 	 	 162952 	 	 0 
102 	 6 	 405  	 162952 	  	 162952 	 	 162952 	 	 0 
102 	 6 	 406  	 162952 	  	 162952 	 	 162952 	 	 0 
102 	 6 	 407  	 162952 	  	 162952 	 	 162952 	 	 0 
102 	 6 	 408  	 162952 	  	 162952 	 	 162952 	 	 0 
102 	 6 	 409  	 162952 	  	 162952 	 	 162952 	 	 0 
102 	 6 	 410  	 162952 	  	 162952 	 	 162952 	 	 0 
102 	 6 	 411  	 162952 	  	 162952 	 	 162952 	 	 0 
102 	 6 	 412  	 162952 	  	 162952 	 	 162952 	 	 0 
102 	 6 	 413  	 162952 	  	 162952 	 	 162952 	 	 0 
102 	 6 	 414  	 162952 	  	 162952 	 	 162952 	 	 0 
102 	 6 	 415  	 162952 	  	 162952 	 	 162952 	 	 0 
102 	 6 	 416  	 162952 	  	 162952 	 	 162952 	 	 0 
102 	 6 	 417  	 162952 	  	 162952 	 	 162952 	 	 0 
102 	 6 	 418  	 162952 	  	 162952 	 	 162952 	 	 0 
102 	 6 	 419  	 162952 	  	 162952 	 	 162952 	 	 0 
102 	 6 	 420  	 162952 	  	 162952 	 	 162952 	 	 0 
102 	 6 	 421  	 162952 	  	 162952 	 	 162952 	 	 0 
102 	 6 	 422  	 162952 	  	 162952 	 	 162952 	 	 0 
102 	 6 	 423  	 162952 	  	 162952 	 	 162952 	 	 0 
102 	 6 	 424  	 162952 	  	 162952 	 	 162952 	 	 0 
102 	 6 	 425  	 162952 	  	 162952 	 	 162952 	 	 0 
102 	 6 	 426  	 162952 	  	 162952 	 	 162952 	 	 0 
102 	 6 	 427  	 162952 	  	 162952 	 	 162952 	 	 0 
102 	 6 	 428  	 162952 	  	 162952 	 	 162952 	 	 0 
102 	 6 	 429  	 162952 	  	 162952 	 	 162952 	 	 0 
102 	 6 	 430  	 162952 	  	 162952 	 	 162952 	 	 0 
102 	 6 	 431  	 162952 	  	 162952 	 	 162952 	 	 0 
102 	 6 	 432  	 162952 	  	 162952 	 	 162952 	 	 0 
102 	 6 	 433  	 162952 	  	 162952 	 	 162952 	 	 0 
102 	 6 	 434  	 162952 	  	 162952 	 	 162952 	 	 0 
102 	 6 	 435  	 162952 	  	 162952 	 	 162952 	 	 0 
102 	 6 	 436  	 162952 	  	 162952 	 	 162952 	 	 0 
102 	 6 	 437  	 162952 	  	 162952 	 	 162952 	 	 0 
102 	 6 	 438  	 162952 	  	 162952 	 	 162952 	 	 0 
102 	 6 	 439  	 162952 	  	 162952 	 	 162952 	 	 0 
102 	 6 	 440  	 162952 	  	 162952 	 	 162952 	 	 0 
102 	 6 	 441  	 162952 	  	 162952 	 	 162952 	 	 0 
102 	 6 	 442  	 162952 	  	 162952 	 	 162952 	 	 0 
102 	 6 	 443  	 162952 	  	 162952 	 	 162952 	 	 0 
102 	 6 	 444  	 162952 	  	 162952 	 	 162952 	 	 0 
102 	 6 	 445  	 162952 	  	 162952 	 	 162952 	 	 0 
102 	 6 	 446  	 162952 	  	 162952 	 	 162952 	 	 0 
102 	 6 	 447  	 162952 	  	 162952 	 	 162952 	 	 0 
102 	 6 	 448  	 162952 	  	 162952 	 	 162952 	 	 0 
102 	 6 	 449  	 162952 	  	 162952 	 	 162952 	 	 0 
102 	 6 	 450  	 162952 	  	 162952 	 	 162952 	 	 0 
102 	 6 	 451  	 162952 	  	 162952 	 	 162952 	 	 0 
102 	 6 	 452  	 162952 	  	 162952 	 	 162952 	 	 0 
102 	 6 	 453  	 162952 	  	 162952 	 	 162952 	 	 0 
102 	 6 	 454  	 162952 	  	 162952 	 	 162952 	 	 0 
102 	 6 	 455  	 162952 	  	 162952 	 	 162952 	 	 0 
102 	 6 	 456  	 162952 	  	 162952 	 	 162952 	 	 0 
102 	 6 	 457  	 162952 	  	 162952 	 	 162952 	 	 0 
102 	 6 	 458  	 162952 	  	 162952 	 	 162952 	 	 0 
102 	 6 	 459  	 162952 	  	 162952 	 	 162952 	 	 0 
102 	 6 	 460  	 162952 	  	 162952 	 	 162952 	 	 0 
102 	 6 	 461  	 162952 	  	 162952 	 	 162952 	 	 0 
102 	 6 	 462  	 162952 	  	 162952 	 	 162952 	 	 0 
102 	 6 	 463  	 162952 	  	 162952 	 	 162952 	 	 0 
102 	 6 	 464  	 162952 	  	 162952 	 	 162952 	 	 0 
102 	 6 	 465  	 162952 	  	 162952 	 	 162952 	 	 0 
102 	 6 	 466  	 162952 	  	 162952 	 	 162952 	 	 0 
102 	 6 	 467  	 162952 	  	 162952 	 	 162952 	 	 0 
102 	 6 	 468  	 162952 	  	 162952 	 	 162952 	 	 0 
102 	 6 	 469  	 162952 	  	 162952 	 	 162952 	 	 0 
102 	 6 	 470  	 162952 	  	 162952 	 	 162952 	 	 0 
102 	 6 	 471  	 162952 	  	 162952 	 	 162952 	 	 0 
102 	 6 	 472  	 162952 	  	 162952 	 	 162952 	 	 0 
102 	 6 	 473  	 162952 	  	 162952 	 	 162952 	 	 0 
102 	 6 	 474  	 162952 	  	 162952 	 	 162952 	 	 0 
102 	 6 	 475  	 162952 	  	 162952 	 	 162952 	 	 0 
102 	 6 	 476  	 162952 	  	 162952 	 	 162952 	 	 0 
102 	 6 	 477  	 162952 	  	 162952 	 	 162952 	 	 0 
102 	 6 	 478  	 162952 	  	 162952 	 	 162952 	 	 0 
102 	 6 	 479  	 162952 	  	 162952 	 	 162952 	 	 0 
102 	 6 	 480  	 162952 	  	 162952 	 	 162952 	 	 0 
102 	 6 	 481  	 162952 	  	 162952 	 	 162952 	 	 0 
102 	 6 	 482  	 162952 	  	 162952 	 	 162952 	 	 0 
102 	 6 	 483  	 162952 	  	 162952 	 	 162952 	 	 0 
102 	 6 	 484  	 162952 	  	 162952 	 	 162952 	 	 0 
102 	 6 	 485  	 162952 	  	 162952 	 	 162952 	 	 0 
102 	 6 	 486  	 162952 	  	 162952 	 	 162952 	 	 0 
102 	 6 	 487  	 162952 	  	 162952 	 	 162952 	 	 0 
102 	 6 	 488  	 162952 	  	 162952 	 	 162952 	 	 0 
102 	 6 	 489  	 162952 	  	 162952 	 	 162952 	 	 0 
102 	 6 	 490  	 162952 	  	 162952 	 	 162952 	 	 0 
102 	 6 	 491  	 162952 	  	 162952 	 	 162952 	 	 0 
102 	 6 	 492  	 162952 	  	 162952 	 	 162952 	 	 0 
102 	 6 	 493  	 162952 	  	 162952 	 	 162952 	 	 0 
102 	 6 	 494  	 162952 	  	 162952 	 	 162952 	 	 0 
102 	 6 	 495  	 162952 	  	 162952 	 	 162952 	 	 0 
102 	 6 	 496  	 162952 	  	 162952 	 	 162952 	 	 0 
102 	 6 	 497  	 162952 	  	 162952 	 	 162952 	 	 0 
102 	 6 	 498  	 162952 	  	 162952 	 	 162952 	 	 0 
102 	 6 	 499  	 162952 	  	 162952 	 	 162952 	 	 0 
102 	 6 	 500  	 162952 	  	 162952 	 	 162952 	 	 0 
102 	 6 	 501  	 162952 	  	 162952 	 	 162952 	 	 0 
102 	 6 	 502  	 162952 	  	 162952 	 	 162952 	 	 0 
102 	 6 	 503  	 162952 	  	 162952 	 	 162952 	 	 0 
102 	 6 	 504  	 162952 	  	 162952 	 	 162952 	 	 0 
102 	 6 	 505  	 162952 	  	 162952 	 	 162952 	 	 0 
102 	 6 	 506  	 162952 	  	 162952 	 	 162952 	 	 0 
102 	 6 	 507  	 162952 	  	 162952 	 	 162952 	 	 0 
102 	 6 	 508  	 162952 	  	 162952 	 	 162952 	 	 0 
102 	 6 	 509  	 162952 	  	 162952 	 	 162952 	 	 0 
102 	 6 	 510  	 162952 	  	 162952 	 	 162952 	 	 0 
102 	 6 	 511  	 162952 	  	 162952 	 	 162952 	 	 0 
102 	 6 	 512  	 162952 	  	 162952 	 	 162952 	 	 0 
102 	 6 	 513  	 162952 	  	 162952 	 	 162952 	 	 0 
102 	 6 	 514  	 162952 	  	 162952 	 	 162952 	 	 0 
102 	 6 	 515  	 162952 	  	 162952 	 	 162952 	 	 0 
102 	 6 	 516  	 162952 	  	 162952 	 	 162952 	 	 0 
102 	 6 	 517  	 162952 	  	 162952 	 	 162952 	 	 0 
102 	 6 	 518  	 162952 	  	 162952 	 	 162952 	 	 0 
102 	 6 	 519  	 162952 	  	 162952 	 	 162952 	 	 0 
102 	 6 	 520  	 162952 	  	 162952 	 	 162952 	 	 0 
102 	 6 	 521  	 162952 	  	 162952 	 	 162952 	 	 0 
102 	 6 	 522  	 162952 	  	 162952 	 	 162952 	 	 0 
102 	 6 	 523  	 162952 	  	 162952 	 	 162952 	 	 0 
102 	 6 	 524  	 162952 	  	 162952 	 	 162952 	 	 0 
102 	 6 	 525  	 162952 	  	 162952 	 	 162952 	 	 0 
102 	 6 	 526  	 162952 	  	 162952 	 	 162952 	 	 0 
102 	 6 	 527  	 162952 	  	 162952 	 	 162952 	 	 0 
102 	 6 	 528  	 162952 	  	 162952 	 	 162952 	 	 0 
102 	 6 	 529  	 162952 	  	 162952 	 	 162952 	 	 0 
102 	 6 	 530  	 162952 	  	 162952 	 	 162952 	 	 0 
102 	 6 	 531  	 162952 	  	 162952 	 	 162952 	 	 0 
102 	 6 	 532  	 162952 	  	 162952 	 	 162952 	 	 0 
102 	 6 	 533  	 162952 	  	 162952 	 	 162952 	 	 0 
102 	 6 	 534  	 162952 	  	 162952 	 	 162952 	 	 0 
102 	 6 	 535  	 162952 	  	 162952 	 	 162952 	 	 0 
102 	 6 	 536  	 162952 	  	 162952 	 	 162952 	 	 0 
102 	 6 	 537  	 162952 	  	 162952 	 	 162952 	 	 0 
102 	 6 	 538  	 162952 	  	 162952 	 	 162952 	 	 0 
102 	 6 	 539  	 162952 	  	 162952 	 	 162952 	 	 0 
102 	 6 	 540  	 162952 	  	 162952 	 	 162952 	 	 0 
102 	 6 	 541  	 162952 	  	 162952 	 	 162952 	 	 0 
102 	 6 	 542  	 162952 	  	 162952 	 	 162952 	 	 0 
102 	 6 	 543  	 162952 	  	 162952 	 	 162952 	 	 0 
102 	 6 	 544  	 162952 	  	 162952 	 	 162952 	 	 0 
102 	 6 	 545  	 162952 	  	 162952 	 	 162952 	 	 0 
102 	 6 	 546  	 162952 	  	 162952 	 	 162952 	 	 0 
102 	 6 	 547  	 162952 	  	 162952 	 	 162952 	 	 0 
102 	 6 	 548  	 162952 	  	 162952 	 	 162952 	 	 0 
102 	 6 	 549  	 162952 	  	 162952 	 	 162952 	 	 0 
102 	 6 	 550  	 162952 	  	 162952 	 	 162952 	 	 0 
102 	 6 	 551  	 162952 	  	 162952 	 	 162952 	 	 0 
102 	 6 	 552  	 162952 	  	 162952 	 	 162952 	 	 0 
102 	 6 	 553  	 162952 	  	 162952 	 	 162952 	 	 0 
102 	 6 	 554  	 162952 	  	 162952 	 	 162952 	 	 0 
102 	 6 	 555  	 162952 	  	 162952 	 	 162952 	 	 0 
102 	 6 	 556  	 162952 	  	 162952 	 	 162952 	 	 0 
102 	 6 	 557  	 162952 	  	 162952 	 	 162952 	 	 0 
102 	 6 	 558  	 162952 	  	 162952 	 	 162952 	 	 0 
102 	 6 	 559  	 162952 	  	 162952 	 	 162952 	 	 0 
102 	 6 	 560  	 162952 	  	 162952 	 	 162952 	 	 0 
102 	 6 	 561  	 162952 	  	 162952 	 	 162952 	 	 0 
102 	 6 	 562  	 162952 	  	 162952 	 	 162952 	 	 0 
102 	 6 	 563  	 162952 	  	 162952 	 	 162952 	 	 0 
102 	 6 	 564  	 162952 	  	 162952 	 	 162952 	 	 0 
102 	 6 	 565  	 162952 	  	 162952 	 	 162952 	 	 0 
102 	 6 	 566  	 162952 	  	 162952 	 	 162952 	 	 0 
102 	 6 	 567  	 162952 	  	 162952 	 	 162952 	 	 0 
102 	 6 	 568  	 162952 	  	 162952 	 	 162952 	 	 0 
102 	 6 	 569  	 162952 	  	 162952 	 	 162952 	 	 0 
102 	 6 	 570  	 162952 	  	 162952 	 	 162952 	 	 0 
102 	 6 	 571  	 162952 	  	 162952 	 	 162952 	 	 0 
102 	 6 	 572  	 162952 	  	 162952 	 	 162952 	 	 0 
102 	 6 	 573  	 162952 	  	 162952 	 	 162952 	 	 0 
102 	 6 	 574  	 162952 	  	 162952 	 	 162952 	 	 0 
102 	 6 	 575  	 162952 	  	 162952 	 	 162952 	 	 0 
102 	 6 	 576  	 162952 	  	 162952 	 	 162952 	 	 0 
102 	 6 	 577  	 162952 	  	 162952 	 	 162952 	 	 0 
102 	 6 	 578  	 162952 	  	 162952 	 	 162952 	 	 0 
102 	 6 	 579  	 162952 	  	 162952 	 	 162952 	 	 0 
102 	 6 	 580  	 162952 	  	 162952 	 	 162952 	 	 0 
102 	 6 	 581  	 162952 	  	 162952 	 	 162952 	 	 0 
102 	 6 	 582  	 162952 	  	 162952 	 	 162952 	 	 0 
102 	 6 	 583  	 162952 	  	 162952 	 	 162952 	 	 0 
102 	 6 	 584  	 162952 	  	 162952 	 	 162952 	 	 0 
102 	 6 	 585  	 162952 	  	 162952 	 	 162952 	 	 0 
102 	 6 	 586  	 162952 	  	 162952 	 	 162952 	 	 0 
102 	 6 	 587  	 162952 	  	 162952 	 	 162952 	 	 0 
102 	 6 	 588  	 162952 	  	 162952 	 	 162952 	 	 0 
102 	 6 	 589  	 162952 	  	 162952 	 	 162952 	 	 0 
102 	 6 	 590  	 162952 	  	 162952 	 	 162952 	 	 0 
102 	 6 	 591  	 162952 	  	 162952 	 	 162952 	 	 0 
102 	 6 	 592  	 162952 	  	 162952 	 	 162952 	 	 0 
102 	 6 	 593  	 162952 	  	 162952 	 	 162952 	 	 0 
102 	 6 	 594  	 162952 	  	 162952 	 	 162952 	 	 0 
102 	 6 	 595  	 162952 	  	 162952 	 	 162952 	 	 0 
102 	 6 	 596  	 162952 	  	 162952 	 	 162952 	 	 0 
102 	 6 	 597  	 162952 	  	 162952 	 	 162952 	 	 0 
102 	 6 	 598  	 162952 	  	 162952 	 	 162952 	 	 0 
102 	 6 	 599  	 162952 	  	 162952 	 	 162952 	 	 0 
102 	 6 	 600  	 162952 	  	 162952 	 	 162952 	 	 0 
102 	 6 	 601  	 162952 	  	 162952 	 	 162952 	 	 0 
102 	 6 	 602  	 162952 	  	 162952 	 	 162952 	 	 0 
102 	 6 	 603  	 162952 	  	 162952 	 	 162952 	 	 0 
102 	 6 	 604  	 162952 	  	 162952 	 	 162952 	 	 0 
102 	 6 	 605  	 162952 	  	 162952 	 	 162952 	 	 0 
102 	 6 	 606  	 162952 	  	 162952 	 	 162952 	 	 0 
102 	 6 	 607  	 162952 	  	 162952 	 	 162952 	 	 0 
102 	 6 	 608  	 162952 	  	 162952 	 	 162952 	 	 0 
102 	 6 	 609  	 162952 	  	 162952 	 	 162952 	 	 0 
102 	 6 	 610  	 162952 	  	 162952 	 	 162952 	 	 0 
102 	 6 	 611  	 162952 	  	 162952 	 	 162952 	 	 0 
102 	 6 	 612  	 162952 	  	 162952 	 	 162952 	 	 0 
102 	 6 	 613  	 162952 	  	 162952 	 	 162952 	 	 0 
102 	 6 	 614  	 162952 	  	 162952 	 	 162952 	 	 0 
102 	 6 	 615  	 162952 	  	 162952 	 	 162952 	 	 0 
102 	 6 	 616  	 162952 	  	 162952 	 	 162952 	 	 0 
102 	 6 	 617  	 162952 	  	 162952 	 	 162952 	 	 0 
102 	 6 	 618  	 162952 	  	 162952 	 	 162952 	 	 0 
102 	 6 	 619  	 162952 	  	 162952 	 	 162952 	 	 0 
102 	 6 	 620  	 162952 	  	 162952 	 	 162952 	 	 0 
102 	 6 	 621  	 162952 	  	 162952 	 	 162952 	 	 0 
102 	 6 	 622  	 162952 	  	 162952 	 	 162952 	 	 0 
102 	 6 	 623  	 162952 	  	 162952 	 	 162952 	 	 0 
102 	 6 	 624  	 162952 	  	 162952 	 	 162952 	 	 0 
102 	 6 	 625  	 162952 	  	 162952 	 	 162952 	 	 0 
102 	 6 	 626  	 162952 	  	 162952 	 	 162952 	 	 0 
102 	 6 	 627  	 162952 	  	 162952 	 	 162952 	 	 0 
102 	 6 	 628  	 162952 	  	 162952 	 	 162952 	 	 0 
102 	 6 	 629  	 162952 	  	 162952 	 	 162952 	 	 0 
102 	 6 	 630  	 162952 	  	 162952 	 	 162952 	 	 0 
102 	 6 	 631  	 162952 	  	 162952 	 	 162952 	 	 0 
102 	 6 	 632  	 162952 	  	 162952 	 	 162952 	 	 0 
102 	 6 	 633  	 162952 	  	 162952 	 	 162952 	 	 0 
102 	 6 	 634  	 162952 	  	 162952 	 	 162952 	 	 0 
102 	 6 	 635  	 162952 	  	 162952 	 	 162952 	 	 0 
102 	 6 	 636  	 162952 	  	 162952 	 	 162952 	 	 0 
102 	 6 	 637  	 162952 	  	 162952 	 	 162952 	 	 0 
102 	 6 	 638  	 162952 	  	 162952 	 	 162952 	 	 0 
102 	 6 	 639  	 162952 	  	 162952 	 	 162952 	 	 0 
102 	 6 	 640  	 162952 	  	 162952 	 	 162952 	 	 0 
102 	 6 	 641  	 162952 	  	 162952 	 	 162952 	 	 0 
102 	 6 	 642  	 162952 	  	 162952 	 	 162952 	 	 0 
102 	 6 	 643  	 162952 	  	 162952 	 	 162952 	 	 0 
102 	 6 	 644  	 162952 	  	 162952 	 	 162952 	 	 0 
102 	 6 	 645  	 162952 	  	 162952 	 	 162952 	 	 0 
102 	 6 	 646  	 162952 	  	 162952 	 	 162952 	 	 0 
102 	 6 	 647  	 162952 	  	 162952 	 	 162952 	 	 0 
102 	 6 	 648  	 162952 	  	 162952 	 	 162952 	 	 0 
102 	 6 	 649  	 162952 	  	 162952 	 	 162952 	 	 0 
102 	 6 	 650  	 162952 	  	 162952 	 	 162952 	 	 0 
102 	 6 	 651  	 162952 	  	 162952 	 	 162952 	 	 0 
102 	 6 	 652  	 162952 	  	 162952 	 	 162952 	 	 0 
102 	 6 	 653  	 162952 	  	 162952 	 	 162952 	 	 0 
102 	 6 	 654  	 162952 	  	 162952 	 	 162952 	 	 0 
102 	 6 	 655  	 162952 	  	 162952 	 	 162952 	 	 0 
102 	 6 	 656  	 162952 	  	 162952 	 	 162952 	 	 0 
102 	 6 	 657  	 162952 	  	 162952 	 	 162952 	 	 0 
102 	 6 	 658  	 162952 	  	 162952 	 	 162952 	 	 0 
102 	 6 	 659  	 162952 	  	 162952 	 	 162952 	 	 0 
102 	 6 	 660  	 162952 	  	 162952 	 	 162952 	 	 0 
102 	 6 	 661  	 162952 	  	 162952 	 	 162952 	 	 0 
102 	 6 	 662  	 162952 	  	 162952 	 	 162952 	 	 0 
102 	 6 	 663  	 162952 	  	 162952 	 	 162952 	 	 0 
102 	 6 	 664  	 162952 	  	 162952 	 	 162952 	 	 0 
102 	 6 	 665  	 162952 	  	 162952 	 	 162952 	 	 0 
102 	 6 	 666  	 162952 	  	 162952 	 	 162952 	 	 0 
102 	 6 	 667  	 162952 	  	 162952 	 	 162952 	 	 0 
102 	 6 	 668  	 162952 	  	 162952 	 	 162952 	 	 0 
102 	 6 	 669  	 162952 	  	 162952 	 	 162952 	 	 0 
102 	 6 	 670  	 162952 	  	 162952 	 	 162952 	 	 0 
102 	 6 	 671  	 162952 	  	 162952 	 	 162952 	 	 0 
102 	 6 	 672  	 162952 	  	 162952 	 	 162952 	 	 0 
102 	 6 	 673  	 162952 	  	 162952 	 	 162952 	 	 0 
102 	 6 	 674  	 162952 	  	 162952 	 	 162952 	 	 0 
102 	 6 	 675  	 162952 	  	 162952 	 	 162952 	 	 0 
102 	 6 	 676  	 162952 	  	 162952 	 	 162952 	 	 0 
102 	 6 	 677  	 162952 	  	 162952 	 	 162952 	 	 0 
102 	 6 	 678  	 162952 	  	 162952 	 	 162952 	 	 0 
102 	 6 	 679  	 162952 	  	 162952 	 	 162952 	 	 0 
102 	 6 	 680  	 162952 	  	 162952 	 	 162952 	 	 0 
102 	 6 	 681  	 162952 	  	 162952 	 	 162952 	 	 0 
102 	 6 	 682  	 162952 	  	 162952 	 	 162952 	 	 0 
102 	 6 	 683  	 162952 	  	 162952 	 	 162952 	 	 0 
102 	 6 	 684  	 162952 	  	 162952 	 	 162952 	 	 0 
102 	 6 	 685  	 162952 	  	 162952 	 	 162952 	 	 0 
102 	 6 	 686  	 162952 	  	 162952 	 	 162952 	 	 0 
102 	 6 	 687  	 162952 	  	 162952 	 	 162952 	 	 0 
102 	 6 	 688  	 162952 	  	 162952 	 	 162952 	 	 0 
102 	 6 	 689  	 162952 	  	 162952 	 	 162952 	 	 0 
102 	 6 	 690  	 162952 	  	 162952 	 	 162952 	 	 0 
102 	 6 	 691  	 162952 	  	 162952 	 	 162952 	 	 0 
102 	 6 	 692  	 162952 	  	 162952 	 	 162952 	 	 0 
102 	 6 	 693  	 162952 	  	 162952 	 	 162952 	 	 0 
102 	 6 	 694  	 162952 	  	 162952 	 	 162952 	 	 0 
102 	 6 	 695  	 162952 	  	 162952 	 	 162952 	 	 0 
102 	 6 	 696  	 162952 	  	 162952 	 	 162952 	 	 0 
102 	 6 	 697  	 162952 	  	 162952 	 	 162952 	 	 0 
102 	 6 	 698  	 162952 	  	 162952 	 	 162952 	 	 0 
102 	 6 	 699  	 162952 	  	 162952 	 	 162952 	 	 0 
102 	 6 	 700  	 162952 	  	 162952 	 	 162952 	 	 0 
102 	 6 	 701  	 162952 	  	 162952 	 	 162952 	 	 0 
102 	 6 	 702  	 162952 	  	 162952 	 	 162952 	 	 0 
102 	 6 	 703  	 162952 	  	 162952 	 	 162952 	 	 0 
102 	 6 	 704  	 162952 	  	 162952 	 	 162952 	 	 0 
102 	 6 	 705  	 162952 	  	 162952 	 	 162952 	 	 0 
102 	 6 	 706  	 162952 	  	 162952 	 	 162952 	 	 0 
102 	 6 	 707  	 162952 	  	 162952 	 	 162952 	 	 0 
102 	 6 	 708  	 162952 	  	 162952 	 	 162952 	 	 0 
102 	 6 	 709  	 162952 	  	 162952 	 	 162952 	 	 0 
102 	 6 	 710  	 162952 	  	 162952 	 	 162952 	 	 0 
102 	 6 	 711  	 162952 	  	 162952 	 	 162952 	 	 0 
102 	 6 	 712  	 162952 	  	 162952 	 	 162952 	 	 0 
102 	 6 	 713  	 162952 	  	 162952 	 	 162952 	 	 0 
102 	 6 	 714  	 162952 	  	 162952 	 	 162952 	 	 0 
