1  	 4 	 9 	 8.290496 	 0.009314 	 1668.739150 
1  	 4 	 4 	 11.185638 	 0.002253 	 405.067370 
1  	 4 	 11 	 8.960632 	 0.005479 	 983.601782 
2  	 4 	 9 	 8.290496 	 0.009314 	 1668.739150 
2  	 4 	 4 	 11.185638 	 0.002253 	 405.067370 
2  	 4 	 11 	 8.960632 	 0.005479 	 983.601782 
3  	 4 	 9 	 8.290496 	 0.009314 	 1668.739150 
3  	 4 	 4 	 11.185638 	 0.002811 	 505.210668 
3  	 4 	 11 	 8.960632 	 0.006825 	 1224.313765 
4  	 4 	 14 	 6.316404 	 0.027587 	 4898.337092 
4  	 4 	 7 	 1.292123 	 15.784725 	 507684.465603 
4  	 4 	 11 	 8.960632 	 0.006825 	 1224.313765 
5  	 4 	 14 	 6.316404 	 0.027232 	 4836.129454 
5  	 4 	 7 	 1.292123 	 15.604813 	 505744.669247 
5  	 4 	 11 	 8.960632 	 0.006825 	 1224.313765 
6  	 4 	 14 	 6.316404 	 0.027232 	 4836.129454 
6  	 4 	 7 	 1.292123 	 15.604813 	 505744.669247 
6  	 4 	 11 	 8.960632 	 0.006825 	 1224.313765 
7  	 4 	 8 	 7.889116 	 0.011359 	 2033.090964 
7  	 4 	 7 	 1.292123 	 15.269783 	 502075.721622 
7  	 4 	 11 	 8.960632 	 0.006602 	 1184.504307 
8  	 4 	 8 	 7.889116 	 0.011359 	 2033.090964 
8  	 4 	 4 	 11.185638 	 0.002811 	 505.210668 
8  	 4 	 6 	 10.658420 	 0.003409 	 612.652959 
9  	 4 	 11 	 8.960632 	 0.006825 	 1224.313765 
9  	 4 	 4 	 11.185638 	 0.002811 	 505.210668 
9  	 4 	 6 	 10.658420 	 0.003409 	 612.652959 
10  	 4 	 11 	 8.960632 	 0.006825 	 1224.313765 
10  	 4 	 3 	 10.318669 	 0.003881 	 697.250935 
10  	 4 	 14 	 6.316404 	 0.027587 	 4898.337092 
11  	 4 	 11 	 8.960632 	 0.006825 	 1224.313765 
11  	 4 	 3 	 10.318669 	 0.002442 	 439.008135 
11  	 4 	 14 	 6.316404 	 0.017353 	 3096.755158 
12  	 4 	 11 	 8.960632 	 0.006825 	 1224.313765 
12  	 4 	 3 	 10.318669 	 0.003881 	 697.250935 
12  	 4 	 14 	 6.316404 	 0.027544 	 4890.941061 
13  	 4 	 11 	 8.960632 	 0.006825 	 1224.313765 
13  	 4 	 3 	 10.318669 	 0.003881 	 697.250935 
13  	 4 	 6 	 10.658420 	 0.003409 	 612.652959 
14  	 4 	 2 	 11.483143 	 0.002519 	 452.877866 
14  	 4 	 3 	 10.318669 	 0.003881 	 697.250935 
14  	 4 	 6 	 10.658420 	 0.003379 	 607.176246 
15  	 4 	 2 	 11.483143 	 0.002522 	 453.457296 
15  	 4 	 3 	 10.318669 	 0.003881 	 697.250935 
15  	 4 	 6 	 10.658420 	 0.003383 	 607.949272 
16  	 4 	 2 	 11.483143 	 0.002531 	 454.918025 
16  	 4 	 9 	 8.290496 	 0.009314 	 1668.739150 
16  	 4 	 4 	 11.185638 	 0.002811 	 505.210668 
17  	 4 	 5 	 10.791076 	 0.003245 	 583.126206 
17  	 4 	 9 	 8.290496 	 0.009314 	 1668.739150 
17  	 4 	 4 	 11.185638 	 0.002811 	 505.210668 
18  	 4 	 4 	 11.185638 	 0.002811 	 505.210668 
18  	 4 	 12 	 9.980035 	 0.004435 	 796.591330 
18  	 4 	 14 	 6.316404 	 0.027642 	 4908.073765 
19  	 4 	 1 	 2.318544 	 1.522618 	 166553.502610 
19  	 4 	 12 	 9.980035 	 0.004435 	 796.591330 
19  	 4 	 14 	 6.316404 	 0.027642 	 4908.073765 
20  	 4 	 9 	 8.290496 	 0.009314 	 1668.739150 
20  	 4 	 13 	 6.441690 	 0.025554 	 4541.876083 
20  	 4 	 6 	 10.658420 	 0.003409 	 612.652959 
21  	 4 	 9 	 8.290496 	 0.009314 	 1668.739150 
21  	 4 	 13 	 6.441690 	 0.025554 	 4541.876083 
21  	 4 	 6 	 10.658420 	 0.003394 	 609.898008 
22  	 4 	 9 	 8.290496 	 0.008683 	 1556.124065 
22  	 4 	 13 	 6.441690 	 0.025554 	 4541.876083 
22  	 4 	 6 	 10.658420 	 0.003409 	 612.652959 
23  	 4 	 7 	 1.292123 	 14.714880 	 495829.447523 
23  	 4 	 13 	 6.441690 	 0.025554 	 4541.876083 
23  	 4 	 6 	 10.658420 	 0.003409 	 612.652959 
24  	 4 	 7 	 1.292123 	 15.422087 	 503752.893694 
24  	 4 	 13 	 6.441690 	 0.024967 	 4438.806966 
24  	 4 	 6 	 10.658420 	 0.003409 	 612.652959 
25  	 4 	 7 	 1.292123 	 15.739291 	 507196.562752 
25  	 4 	 13 	 6.441690 	 0.025554 	 4541.876083 
25  	 4 	 6 	 10.658420 	 0.003409 	 612.652959 
26  	 4 	 5 	 10.791076 	 0.003236 	 581.450450 
26  	 4 	 13 	 6.441690 	 0.025554 	 4541.876083 
26  	 4 	 6 	 10.658420 	 0.003403 	 611.512869 
27  	 4 	 7 	 1.292123 	 14.807544 	 496887.707627 
27  	 4 	 13 	 6.441690 	 0.024155 	 4296.186995 
27  	 4 	 6 	 10.658420 	 0.003409 	 612.652959 
28  	 4 	 7 	 1.292123 	 15.784725 	 507684.465603 
28  	 4 	 13 	 6.441690 	 0.025554 	 4541.876083 
28  	 4 	 6 	 10.658420 	 0.003409 	 612.652959 
29  	 4 	 15 	 6.656382 	 0.022248 	 3960.669892 
29  	 4 	 13 	 6.441690 	 0.025554 	 4541.876083 
29  	 4 	 1 	 2.318544 	 1.505356 	 165317.572623 
