1  	 4 	 12 	 9.887776 	 0.007247 	 1299.728647 
1  	 4 	 15 	 2.390199 	 2.144678 	 206228.081939 
2  	 4 	 12 	 9.887776 	 0.007247 	 1299.728647 
2  	 4 	 15 	 2.390199 	 2.144678 	 206228.081939 
3  	 4 	 6 	 3.455448 	 0.361884 	 55596.432812 
3  	 4 	 15 	 2.390199 	 2.144678 	 206228.081939 
4  	 4 	 6 	 3.455448 	 0.483170 	 70952.679357 
4  	 4 	 15 	 2.390199 	 2.144678 	 206228.081939 
5  	 4 	 6 	 3.455448 	 0.490999 	 71900.349021 
5  	 4 	 15 	 2.390199 	 2.144678 	 206228.081939 
6  	 4 	 1 	 12.043442 	 0.003327 	 597.924759 
6  	 4 	 9 	 9.617778 	 0.008085 	 1449.488769 
7  	 4 	 1 	 12.043442 	 0.003327 	 597.924759 
7  	 4 	 9 	 9.617778 	 0.008181 	 1466.564503 
8  	 4 	 11 	 8.175116 	 0.015672 	 2799.070244 
8  	 4 	 6 	 3.455448 	 0.490999 	 71900.349021 
9  	 4 	 11 	 8.175116 	 0.015672 	 2799.070244 
9  	 4 	 6 	 3.455448 	 0.490999 	 71900.349021 
10  	 4 	 15 	 2.390199 	 2.144678 	 206228.081939 
10  	 4 	 10 	 11.526177 	 0.003966 	 712.475037 
11  	 4 	 15 	 2.390199 	 2.144678 	 206228.081939 
11  	 4 	 10 	 11.526177 	 0.003966 	 712.475037 
12  	 4 	 5 	 7.698559 	 0.019928 	 3551.738673 
12  	 4 	 3 	 5.125593 	 0.101419 	 17387.963839 
13  	 4 	 12 	 9.887776 	 0.007323 	 1313.380848 
13  	 4 	 3 	 5.125593 	 0.101419 	 17387.963839 
14  	 4 	 10 	 11.526177 	 0.002933 	 527.153785 
14  	 4 	 11 	 8.175116 	 0.015672 	 2799.070244 
15  	 4 	 10 	 11.526177 	 0.003966 	 712.475037 
15  	 4 	 11 	 8.175116 	 0.015590 	 2784.626766 
16  	 4 	 1 	 12.043442 	 0.003005 	 540.034776 
16  	 4 	 8 	 12.485972 	 0.002880 	 517.674201 
17  	 4 	 3 	 5.125593 	 0.101419 	 17387.963839 
17  	 4 	 8 	 12.485972 	 0.002761 	 496.222744 
18  	 4 	 3 	 5.125593 	 0.098191 	 16859.623917 
18  	 4 	 8 	 12.485972 	 0.002880 	 517.674201 
19  	 4 	 3 	 5.125593 	 0.061221 	 10695.564200 
19  	 4 	 8 	 12.485972 	 0.002880 	 517.674201 
20  	 4 	 1 	 12.043442 	 0.003327 	 597.924759 
20  	 4 	 8 	 12.485972 	 0.002665 	 479.003750 
21  	 4 	 1 	 12.043442 	 0.003327 	 597.924759 
21  	 4 	 8 	 12.485972 	 0.002880 	 517.674201 
22  	 4 	 3 	 5.125593 	 0.008396 	 1505.039003 
22  	 4 	 8 	 12.485972 	 0.002880 	 517.674201 
23  	 4 	 3 	 5.125593 	 0.101419 	 17387.963839 
23  	 4 	 8 	 12.485972 	 0.002880 	 517.674201 
24  	 4 	 13 	 11.564445 	 0.003914 	 703.109342 
24  	 4 	 14 	 3.229809 	 0.643266 	 89403.403640 
25  	 4 	 13 	 11.564445 	 0.003412 	 613.168458 
25  	 4 	 4 	 9.399517 	 0.008968 	 1606.972445 
26  	 4 	 13 	 11.564445 	 0.003629 	 652.086141 
26  	 4 	 4 	 9.399517 	 0.008968 	 1606.972445 
27  	 4 	 13 	 11.564445 	 0.003629 	 652.086141 
27  	 4 	 4 	 9.399517 	 0.008968 	 1606.972445 
28  	 4 	 11 	 8.175116 	 0.015672 	 2799.070244 
28  	 4 	 4 	 9.399517 	 0.008968 	 1606.972445 
29  	 4 	 11 	 8.175116 	 0.015672 	 2799.070244 
29  	 4 	 2 	 8.185486 	 0.015593 	 2785.021174 
30  	 4 	 7 	 12.094215 	 0.003272 	 587.963519 
30  	 4 	 15 	 2.390199 	 2.144678 	 206228.081939 
31  	 4 	 7 	 12.094215 	 0.003272 	 587.963519 
31  	 4 	 15 	 2.390199 	 2.144678 	 206228.081939 
32  	 4 	 6 	 3.455448 	 0.347543 	 53690.913016 
32  	 4 	 8 	 12.485972 	 0.002880 	 517.674201 
33  	 4 	 6 	 3.455448 	 0.490999 	 71900.349021 
33  	 4 	 8 	 12.485972 	 0.002880 	 517.674201 
34  	 4 	 3 	 5.125593 	 0.060793 	 10622.940228 
34  	 4 	 8 	 12.485972 	 0.002880 	 517.674201 
35  	 4 	 3 	 5.125593 	 0.061221 	 10695.564200 
35  	 4 	 8 	 12.485972 	 0.002880 	 517.674201 
36  	 4 	 13 	 11.564445 	 0.003914 	 703.109342 
36  	 4 	 14 	 3.229809 	 0.643266 	 89403.403640 
37  	 4 	 13 	 11.564445 	 0.003914 	 703.109342 
37  	 4 	 8 	 12.485972 	 0.002880 	 517.674201 
38  	 4 	 1 	 12.043442 	 0.003327 	 597.924759 
38  	 4 	 8 	 12.485972 	 0.002880 	 517.674201 
39  	 4 	 1 	 12.043442 	 0.000292 	 52.577715 
39  	 4 	 8 	 12.485972 	 0.002880 	 517.674201 
40  	 4 	 1 	 12.043442 	 0.003327 	 597.924759 
40  	 4 	 8 	 12.485972 	 0.002880 	 517.674201 
41  	 4 	 1 	 12.043442 	 0.000292 	 52.577715 
41  	 4 	 8 	 12.485972 	 0.002880 	 517.674201 
42  	 4 	 1 	 12.043442 	 0.000292 	 52.577715 
42  	 4 	 8 	 12.485972 	 0.002880 	 517.674201 
43  	 4 	 1 	 12.043442 	 0.000290 	 52.133087 
43  	 4 	 8 	 12.485972 	 0.002880 	 517.674201 
44  	 4 	 1 	 12.043442 	 0.000292 	 52.577715 
44  	 4 	 8 	 12.485972 	 0.002880 	 517.674201 
45  	 4 	 1 	 12.043442 	 0.000292 	 52.577715 
45  	 4 	 8 	 12.485972 	 0.002880 	 517.674201 
46  	 4 	 1 	 12.043442 	 0.000290 	 52.133087 
46  	 4 	 8 	 12.485972 	 0.002880 	 517.674201 
47  	 4 	 1 	 12.043442 	 0.003327 	 597.924759 
47  	 4 	 8 	 12.485972 	 0.002863 	 514.669890 
48  	 4 	 1 	 12.043442 	 0.003327 	 597.924759 
48  	 4 	 8 	 12.485972 	 0.002863 	 514.669890 
49  	 4 	 1 	 12.043442 	 0.003327 	 597.924759 
49  	 4 	 8 	 12.485972 	 0.002880 	 517.674201 
50  	 4 	 1 	 12.043442 	 0.003327 	 597.924759 
50  	 4 	 8 	 12.485972 	 0.002815 	 506.032990 
