1  	 5 	 10 	 7.065153 	 0.027008 	 6920.445129 
1  	 5 	 6 	 3.556211 	 0.372105 	 82150.318581 
1  	 5 	 11 	 6.206023 	 0.044518 	 11310.799759 
1  	 5 	 15 	 3.535541 	 0.426509 	 92248.042995 
1  	 5 	 3 	 7.052911 	 0.026802 	 6868.331418 
1  	 5 	 4 	 6.157439 	 0.044409 	 11283.665110 
1  	 5 	 1 	 6.013573 	 0.051271 	 12984.227474 
1  	 5 	 7 	 3.432470 	 0.477444 	 101358.645268 
1  	 5 	 9 	 4.808142 	 0.125987 	 30814.182652 
2  	 5 	 10 	 7.065153 	 0.027008 	 6920.445129 
2  	 5 	 6 	 3.556211 	 0.372105 	 82150.318581 
2  	 5 	 11 	 6.206023 	 0.044518 	 11310.799759 
2  	 5 	 15 	 3.535541 	 0.426509 	 92248.042995 
2  	 5 	 3 	 7.052911 	 0.026802 	 6868.331418 
2  	 5 	 4 	 6.157439 	 0.044239 	 11241.462461 
2  	 5 	 1 	 6.013573 	 0.051271 	 12984.227474 
2  	 5 	 7 	 3.432470 	 0.478642 	 101569.086420 
2  	 5 	 9 	 4.808142 	 0.125987 	 30814.182652 
3  	 5 	 10 	 7.065153 	 0.027008 	 6920.445129 
3  	 5 	 6 	 3.556211 	 0.372105 	 82150.318581 
3  	 5 	 11 	 6.206023 	 0.044518 	 11310.799759 
3  	 5 	 15 	 3.535541 	 0.426509 	 92248.042995 
3  	 5 	 3 	 7.052911 	 0.026802 	 6868.331418 
3  	 5 	 4 	 6.157439 	 0.044239 	 11241.462461 
3  	 5 	 1 	 6.013573 	 0.051271 	 12984.227474 
3  	 5 	 7 	 3.432470 	 0.445090 	 95608.707546 
3  	 5 	 9 	 4.808142 	 0.125987 	 30814.182652 
4  	 5 	 10 	 7.065153 	 0.027008 	 6920.445129 
4  	 5 	 6 	 3.556211 	 0.372105 	 82150.318581 
4  	 5 	 11 	 6.206023 	 0.044518 	 11310.799759 
4  	 5 	 15 	 3.535541 	 0.426509 	 92248.042995 
4  	 5 	 3 	 7.052911 	 0.026802 	 6868.331418 
4  	 5 	 4 	 6.157439 	 0.044239 	 11241.462461 
4  	 5 	 1 	 6.013573 	 0.051271 	 12984.227474 
4  	 5 	 7 	 3.432470 	 0.445090 	 95608.707546 
4  	 5 	 9 	 4.808142 	 0.125987 	 30814.182652 
5  	 5 	 10 	 7.065153 	 0.027008 	 6920.445129 
5  	 5 	 6 	 3.556211 	 0.372105 	 82150.318581 
5  	 5 	 11 	 6.206023 	 0.044518 	 11310.799759 
5  	 5 	 15 	 3.535541 	 0.426509 	 92248.042995 
5  	 5 	 3 	 7.052911 	 0.026802 	 6868.331418 
5  	 5 	 4 	 6.157439 	 0.044239 	 11241.462461 
5  	 5 	 1 	 6.013573 	 0.051271 	 12984.227474 
5  	 5 	 7 	 3.432470 	 0.445090 	 95608.707546 
5  	 5 	 9 	 4.808142 	 0.125987 	 30814.182652 
6  	 5 	 10 	 7.065153 	 0.027008 	 6920.445129 
6  	 5 	 6 	 3.556211 	 0.372105 	 82150.318581 
6  	 5 	 11 	 6.206023 	 0.044518 	 11310.799759 
6  	 5 	 15 	 3.535541 	 0.426509 	 92248.042995 
6  	 5 	 3 	 7.052911 	 0.026802 	 6868.331418 
6  	 5 	 4 	 6.157439 	 0.044239 	 11241.462461 
6  	 5 	 1 	 6.013573 	 0.051271 	 12984.227474 
6  	 5 	 7 	 3.432470 	 0.445090 	 95608.707546 
6  	 5 	 9 	 4.808142 	 0.125987 	 30814.182652 
7  	 5 	 10 	 7.065153 	 0.027008 	 6920.445129 
7  	 5 	 6 	 3.556211 	 0.372105 	 82150.318581 
7  	 5 	 11 	 6.206023 	 0.044518 	 11310.799759 
7  	 5 	 15 	 3.535541 	 0.426509 	 92248.042995 
7  	 5 	 3 	 7.052911 	 0.026802 	 6868.331418 
7  	 5 	 4 	 6.157439 	 0.044239 	 11241.462461 
7  	 5 	 1 	 6.013573 	 0.051271 	 12984.227474 
7  	 5 	 7 	 3.432470 	 0.445090 	 95608.707546 
7  	 5 	 9 	 4.808142 	 0.125987 	 30814.182652 
8  	 5 	 10 	 7.065153 	 0.027008 	 6920.445129 
8  	 5 	 6 	 3.556211 	 0.372105 	 82150.318581 
8  	 5 	 11 	 6.206023 	 0.044518 	 11310.799759 
8  	 5 	 15 	 3.535541 	 0.426509 	 92248.042995 
8  	 5 	 3 	 7.052911 	 0.026802 	 6868.331418 
8  	 5 	 4 	 6.157439 	 0.044239 	 11241.462461 
8  	 5 	 1 	 6.013573 	 0.051271 	 12984.227474 
8  	 5 	 7 	 3.432470 	 0.445090 	 95608.707546 
8  	 5 	 9 	 4.808142 	 0.125987 	 30814.182652 
9  	 5 	 10 	 7.065153 	 0.027008 	 6920.445129 
9  	 5 	 6 	 3.556211 	 0.372105 	 82150.318581 
9  	 5 	 11 	 6.206023 	 0.044518 	 11310.799759 
9  	 5 	 15 	 3.535541 	 0.426509 	 92248.042995 
9  	 5 	 3 	 7.052911 	 0.026802 	 6868.331418 
9  	 5 	 4 	 6.157439 	 0.044239 	 11241.462461 
9  	 5 	 1 	 6.013573 	 0.051271 	 12984.227474 
9  	 5 	 7 	 3.432470 	 0.445090 	 95608.707546 
9  	 5 	 9 	 4.808142 	 0.125987 	 30814.182652 
10  	 5 	 10 	 7.065153 	 0.027008 	 6920.445129 
10  	 5 	 6 	 3.556211 	 0.372105 	 82150.318581 
10  	 5 	 11 	 6.206023 	 0.044518 	 11310.799759 
10  	 5 	 15 	 3.535541 	 0.426509 	 92248.042995 
10  	 5 	 3 	 7.052911 	 0.026802 	 6868.331418 
10  	 5 	 4 	 6.157439 	 0.044239 	 11241.462461 
10  	 5 	 1 	 6.013573 	 0.051271 	 12984.227474 
10  	 5 	 7 	 3.432470 	 0.445090 	 95608.707546 
10  	 5 	 9 	 4.808142 	 0.125987 	 30814.182652 
11  	 5 	 10 	 7.065153 	 0.027008 	 6920.445129 
11  	 5 	 6 	 3.556211 	 0.372105 	 82150.318581 
11  	 5 	 11 	 6.206023 	 0.044518 	 11310.799759 
11  	 5 	 15 	 3.535541 	 0.426509 	 92248.042995 
11  	 5 	 3 	 7.052911 	 0.026802 	 6868.331418 
11  	 5 	 4 	 6.157439 	 0.044239 	 11241.462461 
11  	 5 	 1 	 6.013573 	 0.051271 	 12984.227474 
11  	 5 	 7 	 3.432470 	 0.445090 	 95608.707546 
11  	 5 	 9 	 4.808142 	 0.125987 	 30814.182652 
12  	 5 	 10 	 7.065153 	 0.027008 	 6920.445129 
12  	 5 	 6 	 3.556211 	 0.372105 	 82150.318581 
12  	 5 	 11 	 6.206023 	 0.044518 	 11310.799759 
12  	 5 	 15 	 3.535541 	 0.426509 	 92248.042995 
12  	 5 	 3 	 7.052911 	 0.026802 	 6868.331418 
12  	 5 	 4 	 6.157439 	 0.044239 	 11241.462461 
12  	 5 	 1 	 6.013573 	 0.051271 	 12984.227474 
12  	 5 	 7 	 3.432470 	 0.445090 	 95608.707546 
12  	 5 	 9 	 4.808142 	 0.125987 	 30814.182652 
13  	 5 	 10 	 7.065153 	 0.027008 	 6920.445129 
13  	 5 	 6 	 3.556211 	 0.372105 	 82150.318581 
13  	 5 	 11 	 6.206023 	 0.044518 	 11310.799759 
13  	 5 	 15 	 3.535541 	 0.426509 	 92248.042995 
13  	 5 	 3 	 7.052911 	 0.026802 	 6868.331418 
13  	 5 	 4 	 6.157439 	 0.044239 	 11241.462461 
13  	 5 	 1 	 6.013573 	 0.051271 	 12984.227474 
13  	 5 	 7 	 3.432470 	 0.445090 	 95608.707546 
13  	 5 	 9 	 4.808142 	 0.125987 	 30814.182652 
14  	 5 	 10 	 7.065153 	 0.027008 	 6920.445129 
14  	 5 	 6 	 3.556211 	 0.372105 	 82150.318581 
14  	 5 	 11 	 6.206023 	 0.044518 	 11310.799759 
14  	 5 	 15 	 3.535541 	 0.426509 	 92248.042995 
14  	 5 	 3 	 7.052911 	 0.026802 	 6868.331418 
14  	 5 	 4 	 6.157439 	 0.044239 	 11241.462461 
14  	 5 	 1 	 6.013573 	 0.051271 	 12984.227474 
14  	 5 	 7 	 3.432470 	 0.445090 	 95608.707546 
14  	 5 	 9 	 4.808142 	 0.125987 	 30814.182652 
15  	 5 	 10 	 7.065153 	 0.027008 	 6920.445129 
15  	 5 	 6 	 3.556211 	 0.372105 	 82150.318581 
15  	 5 	 11 	 6.206023 	 0.044518 	 11310.799759 
15  	 5 	 15 	 3.535541 	 0.426509 	 92248.042995 
15  	 5 	 3 	 7.052911 	 0.026802 	 6868.331418 
15  	 5 	 4 	 6.157439 	 0.044239 	 11241.462461 
15  	 5 	 1 	 6.013573 	 0.051271 	 12984.227474 
15  	 5 	 7 	 3.432470 	 0.445090 	 95608.707546 
15  	 5 	 9 	 4.808142 	 0.125987 	 30814.182652 
16  	 5 	 10 	 7.065153 	 0.027008 	 6920.445129 
16  	 5 	 6 	 3.556211 	 0.372105 	 82150.318581 
16  	 5 	 11 	 6.206023 	 0.044518 	 11310.799759 
16  	 5 	 15 	 3.535541 	 0.426509 	 92248.042995 
16  	 5 	 3 	 7.052911 	 0.026802 	 6868.331418 
16  	 5 	 4 	 6.157439 	 0.044239 	 11241.462461 
16  	 5 	 1 	 6.013573 	 0.051271 	 12984.227474 
16  	 5 	 7 	 3.432470 	 0.445090 	 95608.707546 
16  	 5 	 9 	 4.808142 	 0.125987 	 30814.182652 
17  	 5 	 10 	 7.065153 	 0.027008 	 6920.445129 
17  	 5 	 6 	 3.556211 	 0.372105 	 82150.318581 
17  	 5 	 11 	 6.206023 	 0.044518 	 11310.799759 
17  	 5 	 15 	 3.535541 	 0.426509 	 92248.042995 
17  	 5 	 3 	 7.052911 	 0.026802 	 6868.331418 
17  	 5 	 4 	 6.157439 	 0.044239 	 11241.462461 
17  	 5 	 1 	 6.013573 	 0.051271 	 12984.227474 
17  	 5 	 7 	 3.432470 	 0.445090 	 95608.707546 
17  	 5 	 9 	 4.808142 	 0.125987 	 30814.182652 
18  	 5 	 10 	 7.065153 	 0.027008 	 6920.445129 
18  	 5 	 6 	 3.556211 	 0.372105 	 82150.318581 
18  	 5 	 11 	 6.206023 	 0.044518 	 11310.799759 
18  	 5 	 15 	 3.535541 	 0.426509 	 92248.042995 
18  	 5 	 3 	 7.052911 	 0.026802 	 6868.331418 
18  	 5 	 4 	 6.157439 	 0.044239 	 11241.462461 
18  	 5 	 1 	 6.013573 	 0.051271 	 12984.227474 
18  	 5 	 7 	 3.432470 	 0.445090 	 95608.707546 
18  	 5 	 9 	 4.808142 	 0.125987 	 30814.182652 
19  	 5 	 10 	 7.065153 	 0.027008 	 6920.445129 
19  	 5 	 6 	 3.556211 	 0.372105 	 82150.318581 
19  	 5 	 11 	 6.206023 	 0.044518 	 11310.799759 
19  	 5 	 15 	 3.535541 	 0.426509 	 92248.042995 
19  	 5 	 3 	 7.052911 	 0.026802 	 6868.331418 
19  	 5 	 4 	 6.157439 	 0.044239 	 11241.462461 
19  	 5 	 1 	 6.013573 	 0.051271 	 12984.227474 
19  	 5 	 7 	 3.432470 	 0.445090 	 95608.707546 
19  	 5 	 9 	 4.808142 	 0.125987 	 30814.182652 
20  	 5 	 10 	 7.065153 	 0.027008 	 6920.445129 
20  	 5 	 6 	 3.556211 	 0.372105 	 82150.318581 
20  	 5 	 11 	 6.206023 	 0.044518 	 11310.799759 
20  	 5 	 15 	 3.535541 	 0.426509 	 92248.042995 
20  	 5 	 3 	 7.052911 	 0.026802 	 6868.331418 
20  	 5 	 4 	 6.157439 	 0.044239 	 11241.462461 
20  	 5 	 1 	 6.013573 	 0.051271 	 12984.227474 
20  	 5 	 7 	 3.432470 	 0.445090 	 95608.707546 
20  	 5 	 9 	 4.808142 	 0.125987 	 30814.182652 
21  	 5 	 10 	 7.065153 	 0.027008 	 6920.445129 
21  	 5 	 6 	 3.556211 	 0.372105 	 82150.318581 
21  	 5 	 11 	 6.206023 	 0.044518 	 11310.799759 
21  	 5 	 15 	 3.535541 	 0.426509 	 92248.042995 
21  	 5 	 3 	 7.052911 	 0.026802 	 6868.331418 
21  	 5 	 4 	 6.157439 	 0.044239 	 11241.462461 
21  	 5 	 1 	 6.013573 	 0.051271 	 12984.227474 
21  	 5 	 7 	 3.432470 	 0.445090 	 95608.707546 
21  	 5 	 9 	 4.808142 	 0.125987 	 30814.182652 
22  	 5 	 10 	 7.065153 	 0.027008 	 6920.445129 
22  	 5 	 6 	 3.556211 	 0.372105 	 82150.318581 
22  	 5 	 11 	 6.206023 	 0.044518 	 11310.799759 
22  	 5 	 15 	 3.535541 	 0.426509 	 92248.042995 
22  	 5 	 3 	 7.052911 	 0.026802 	 6868.331418 
22  	 5 	 4 	 6.157439 	 0.044239 	 11241.462461 
22  	 5 	 1 	 6.013573 	 0.051271 	 12984.227474 
22  	 5 	 7 	 3.432470 	 0.445090 	 95608.707546 
22  	 5 	 9 	 4.808142 	 0.125987 	 30814.182652 
23  	 5 	 10 	 7.065153 	 0.027008 	 6920.445129 
23  	 5 	 6 	 3.556211 	 0.372105 	 82150.318581 
23  	 5 	 11 	 6.206023 	 0.044518 	 11310.799759 
23  	 5 	 15 	 3.535541 	 0.426509 	 92248.042995 
23  	 5 	 3 	 7.052911 	 0.026802 	 6868.331418 
23  	 5 	 4 	 6.157439 	 0.044239 	 11241.462461 
23  	 5 	 1 	 6.013573 	 0.051271 	 12984.227474 
23  	 5 	 7 	 3.432470 	 0.445090 	 95608.707546 
23  	 5 	 9 	 4.808142 	 0.125987 	 30814.182652 
24  	 5 	 10 	 7.065153 	 0.027008 	 6920.445129 
24  	 5 	 6 	 3.556211 	 0.372105 	 82150.318581 
24  	 5 	 11 	 6.206023 	 0.044518 	 11310.799759 
24  	 5 	 15 	 3.535541 	 0.426509 	 92248.042995 
24  	 5 	 3 	 7.052911 	 0.026802 	 6868.331418 
24  	 5 	 4 	 6.157439 	 0.044239 	 11241.462461 
24  	 5 	 1 	 6.013573 	 0.051271 	 12984.227474 
24  	 5 	 7 	 3.432470 	 0.445090 	 95608.707546 
24  	 5 	 9 	 4.808142 	 0.125987 	 30814.182652 
25  	 5 	 10 	 7.065153 	 0.027008 	 6920.445129 
25  	 5 	 6 	 3.556211 	 0.372105 	 82150.318581 
25  	 5 	 11 	 6.206023 	 0.044518 	 11310.799759 
25  	 5 	 15 	 3.535541 	 0.426509 	 92248.042995 
25  	 5 	 3 	 7.052911 	 0.026802 	 6868.331418 
25  	 5 	 4 	 6.157439 	 0.044239 	 11241.462461 
25  	 5 	 1 	 6.013573 	 0.051271 	 12984.227474 
25  	 5 	 7 	 3.432470 	 0.445090 	 95608.707546 
25  	 5 	 9 	 4.808142 	 0.125987 	 30814.182652 
26  	 5 	 10 	 7.065153 	 0.027008 	 6920.445129 
26  	 5 	 6 	 3.556211 	 0.372105 	 82150.318581 
26  	 5 	 11 	 6.206023 	 0.044518 	 11310.799759 
26  	 5 	 15 	 3.535541 	 0.426509 	 92248.042995 
26  	 5 	 3 	 7.052911 	 0.026802 	 6868.331418 
26  	 5 	 4 	 6.157439 	 0.044239 	 11241.462461 
26  	 5 	 1 	 6.013573 	 0.051271 	 12984.227474 
26  	 5 	 7 	 3.432470 	 0.445090 	 95608.707546 
26  	 5 	 9 	 4.808142 	 0.125987 	 30814.182652 
27  	 5 	 10 	 7.065153 	 0.027008 	 6920.445129 
27  	 5 	 6 	 3.556211 	 0.372105 	 82150.318581 
27  	 5 	 11 	 6.206023 	 0.044518 	 11310.799759 
27  	 5 	 15 	 3.535541 	 0.426509 	 92248.042995 
27  	 5 	 3 	 7.052911 	 0.026802 	 6868.331418 
27  	 5 	 4 	 6.157439 	 0.044239 	 11241.462461 
27  	 5 	 1 	 6.013573 	 0.051271 	 12984.227474 
27  	 5 	 7 	 3.432470 	 0.445090 	 95608.707546 
27  	 5 	 9 	 4.808142 	 0.125987 	 30814.182652 
28  	 5 	 10 	 7.065153 	 0.027008 	 6920.445129 
28  	 5 	 6 	 3.556211 	 0.372105 	 82150.318581 
28  	 5 	 11 	 6.206023 	 0.044518 	 11310.799759 
28  	 5 	 15 	 3.535541 	 0.426509 	 92248.042995 
28  	 5 	 3 	 7.052911 	 0.026802 	 6868.331418 
28  	 5 	 4 	 6.157439 	 0.044239 	 11241.462461 
28  	 5 	 1 	 6.013573 	 0.051271 	 12984.227474 
28  	 5 	 7 	 3.432470 	 0.445090 	 95608.707546 
28  	 5 	 9 	 4.808142 	 0.125987 	 30814.182652 
29  	 5 	 10 	 7.065153 	 0.027008 	 6920.445129 
29  	 5 	 6 	 3.556211 	 0.372105 	 82150.318581 
29  	 5 	 11 	 6.206023 	 0.044518 	 11310.799759 
29  	 5 	 15 	 3.535541 	 0.426509 	 92248.042995 
29  	 5 	 3 	 7.052911 	 0.026802 	 6868.331418 
29  	 5 	 4 	 6.157439 	 0.044239 	 11241.462461 
29  	 5 	 1 	 6.013573 	 0.051271 	 12984.227474 
29  	 5 	 7 	 3.432470 	 0.445090 	 95608.707546 
29  	 5 	 9 	 4.808142 	 0.125987 	 30814.182652 
30  	 5 	 10 	 7.065153 	 0.027008 	 6920.445129 
30  	 5 	 6 	 3.556211 	 0.372105 	 82150.318581 
30  	 5 	 11 	 6.206023 	 0.044518 	 11310.799759 
30  	 5 	 15 	 3.535541 	 0.426509 	 92248.042995 
30  	 5 	 3 	 7.052911 	 0.026802 	 6868.331418 
30  	 5 	 4 	 6.157439 	 0.044239 	 11241.462461 
30  	 5 	 1 	 6.013573 	 0.051271 	 12984.227474 
30  	 5 	 7 	 3.432470 	 0.445090 	 95608.707546 
30  	 5 	 9 	 4.808142 	 0.125987 	 30814.182652 
31  	 5 	 10 	 7.065153 	 0.027008 	 6920.445129 
31  	 5 	 6 	 3.556211 	 0.372105 	 82150.318581 
31  	 5 	 11 	 6.206023 	 0.044518 	 11310.799759 
31  	 5 	 15 	 3.535541 	 0.426509 	 92248.042995 
31  	 5 	 3 	 7.052911 	 0.026802 	 6868.331418 
31  	 5 	 4 	 6.157439 	 0.044239 	 11241.462461 
31  	 5 	 1 	 6.013573 	 0.051271 	 12984.227474 
31  	 5 	 7 	 3.432470 	 0.445090 	 95608.707546 
31  	 5 	 9 	 4.808142 	 0.125987 	 30814.182652 
32  	 5 	 10 	 7.065153 	 0.027008 	 6920.445129 
32  	 5 	 6 	 3.556211 	 0.372105 	 82150.318581 
32  	 5 	 11 	 6.206023 	 0.044518 	 11310.799759 
32  	 5 	 15 	 3.535541 	 0.426509 	 92248.042995 
32  	 5 	 3 	 7.052911 	 0.026802 	 6868.331418 
32  	 5 	 4 	 6.157439 	 0.044239 	 11241.462461 
32  	 5 	 1 	 6.013573 	 0.051271 	 12984.227474 
32  	 5 	 7 	 3.432470 	 0.445090 	 95608.707546 
32  	 5 	 9 	 4.808142 	 0.125987 	 30814.182652 
33  	 5 	 10 	 7.065153 	 0.027008 	 6920.445129 
33  	 5 	 6 	 3.556211 	 0.372105 	 82150.318581 
33  	 5 	 11 	 6.206023 	 0.044518 	 11310.799759 
33  	 5 	 15 	 3.535541 	 0.426509 	 92248.042995 
33  	 5 	 3 	 7.052911 	 0.026802 	 6868.331418 
33  	 5 	 4 	 6.157439 	 0.044239 	 11241.462461 
33  	 5 	 1 	 6.013573 	 0.051271 	 12984.227474 
33  	 5 	 7 	 3.432470 	 0.445090 	 95608.707546 
33  	 5 	 9 	 4.808142 	 0.125987 	 30814.182652 
34  	 5 	 10 	 7.065153 	 0.027008 	 6920.445129 
34  	 5 	 6 	 3.556211 	 0.372105 	 82150.318581 
34  	 5 	 11 	 6.206023 	 0.044518 	 11310.799759 
34  	 5 	 15 	 3.535541 	 0.426509 	 92248.042995 
34  	 5 	 3 	 7.052911 	 0.026802 	 6868.331418 
34  	 5 	 4 	 6.157439 	 0.044239 	 11241.462461 
34  	 5 	 1 	 6.013573 	 0.051271 	 12984.227474 
34  	 5 	 7 	 3.432470 	 0.445090 	 95608.707546 
34  	 5 	 9 	 4.808142 	 0.125987 	 30814.182652 
35  	 5 	 10 	 7.065153 	 0.027008 	 6920.445129 
35  	 5 	 6 	 3.556211 	 0.372105 	 82150.318581 
35  	 5 	 11 	 6.206023 	 0.044518 	 11310.799759 
35  	 5 	 15 	 3.535541 	 0.426509 	 92248.042995 
35  	 5 	 3 	 7.052911 	 0.026802 	 6868.331418 
35  	 5 	 4 	 6.157439 	 0.044239 	 11241.462461 
35  	 5 	 1 	 6.013573 	 0.051271 	 12984.227474 
35  	 5 	 7 	 3.432470 	 0.445090 	 95608.707546 
35  	 5 	 9 	 4.808142 	 0.125987 	 30814.182652 
36  	 5 	 10 	 7.065153 	 0.027008 	 6920.445129 
36  	 5 	 6 	 3.556211 	 0.372105 	 82150.318581 
36  	 5 	 11 	 6.206023 	 0.044518 	 11310.799759 
36  	 5 	 15 	 3.535541 	 0.426509 	 92248.042995 
36  	 5 	 3 	 7.052911 	 0.026802 	 6868.331418 
36  	 5 	 4 	 6.157439 	 0.044239 	 11241.462461 
36  	 5 	 1 	 6.013573 	 0.051271 	 12984.227474 
36  	 5 	 7 	 3.432470 	 0.445090 	 95608.707546 
36  	 5 	 9 	 4.808142 	 0.125987 	 30814.182652 
37  	 5 	 10 	 7.065153 	 0.027008 	 6920.445129 
37  	 5 	 6 	 3.556211 	 0.372105 	 82150.318581 
37  	 5 	 11 	 6.206023 	 0.044518 	 11310.799759 
37  	 5 	 15 	 3.535541 	 0.426509 	 92248.042995 
37  	 5 	 3 	 7.052911 	 0.026802 	 6868.331418 
37  	 5 	 4 	 6.157439 	 0.044239 	 11241.462461 
37  	 5 	 1 	 6.013573 	 0.051271 	 12984.227474 
37  	 5 	 7 	 3.432470 	 0.445090 	 95608.707546 
37  	 5 	 9 	 4.808142 	 0.125987 	 30814.182652 
38  	 5 	 10 	 7.065153 	 0.027008 	 6920.445129 
38  	 5 	 6 	 3.556211 	 0.372105 	 82150.318581 
38  	 5 	 11 	 6.206023 	 0.044518 	 11310.799759 
38  	 5 	 15 	 3.535541 	 0.426509 	 92248.042995 
38  	 5 	 3 	 7.052911 	 0.026802 	 6868.331418 
38  	 5 	 4 	 6.157439 	 0.044239 	 11241.462461 
38  	 5 	 1 	 6.013573 	 0.051271 	 12984.227474 
38  	 5 	 7 	 3.432470 	 0.445090 	 95608.707546 
38  	 5 	 9 	 4.808142 	 0.125987 	 30814.182652 
39  	 5 	 10 	 7.065153 	 0.027008 	 6920.445129 
39  	 5 	 6 	 3.556211 	 0.372105 	 82150.318581 
39  	 5 	 11 	 6.206023 	 0.044518 	 11310.799759 
39  	 5 	 15 	 3.535541 	 0.426509 	 92248.042995 
39  	 5 	 3 	 7.052911 	 0.026802 	 6868.331418 
39  	 5 	 4 	 6.157439 	 0.044239 	 11241.462461 
39  	 5 	 1 	 6.013573 	 0.051271 	 12984.227474 
39  	 5 	 7 	 3.432470 	 0.445090 	 95608.707546 
39  	 5 	 9 	 4.808142 	 0.125987 	 30814.182652 
40  	 5 	 10 	 7.065153 	 0.027008 	 6920.445129 
40  	 5 	 6 	 3.556211 	 0.372105 	 82150.318581 
40  	 5 	 11 	 6.206023 	 0.044518 	 11310.799759 
40  	 5 	 15 	 3.535541 	 0.426509 	 92248.042995 
40  	 5 	 3 	 7.052911 	 0.026802 	 6868.331418 
40  	 5 	 4 	 6.157439 	 0.044239 	 11241.462461 
40  	 5 	 1 	 6.013573 	 0.051271 	 12984.227474 
40  	 5 	 7 	 3.432470 	 0.445090 	 95608.707546 
40  	 5 	 9 	 4.808142 	 0.125987 	 30814.182652 
41  	 5 	 10 	 7.065153 	 0.027008 	 6920.445129 
41  	 5 	 6 	 3.556211 	 0.372105 	 82150.318581 
41  	 5 	 11 	 6.206023 	 0.044518 	 11310.799759 
41  	 5 	 15 	 3.535541 	 0.426509 	 92248.042995 
41  	 5 	 3 	 7.052911 	 0.026802 	 6868.331418 
41  	 5 	 4 	 6.157439 	 0.044239 	 11241.462461 
41  	 5 	 1 	 6.013573 	 0.051271 	 12984.227474 
41  	 5 	 7 	 3.432470 	 0.445090 	 95608.707546 
41  	 5 	 9 	 4.808142 	 0.125987 	 30814.182652 
42  	 5 	 10 	 7.065153 	 0.027008 	 6920.445129 
42  	 5 	 6 	 3.556211 	 0.372105 	 82150.318581 
42  	 5 	 11 	 6.206023 	 0.044518 	 11310.799759 
42  	 5 	 15 	 3.535541 	 0.426509 	 92248.042995 
42  	 5 	 3 	 7.052911 	 0.026802 	 6868.331418 
42  	 5 	 4 	 6.157439 	 0.044239 	 11241.462461 
42  	 5 	 1 	 6.013573 	 0.051271 	 12984.227474 
42  	 5 	 7 	 3.432470 	 0.445090 	 95608.707546 
42  	 5 	 9 	 4.808142 	 0.125987 	 30814.182652 
43  	 5 	 10 	 7.065153 	 0.027008 	 6920.445129 
43  	 5 	 6 	 3.556211 	 0.372105 	 82150.318581 
43  	 5 	 11 	 6.206023 	 0.044518 	 11310.799759 
43  	 5 	 15 	 3.535541 	 0.426509 	 92248.042995 
43  	 5 	 3 	 7.052911 	 0.026802 	 6868.331418 
43  	 5 	 4 	 6.157439 	 0.044239 	 11241.462461 
43  	 5 	 1 	 6.013573 	 0.051271 	 12984.227474 
43  	 5 	 7 	 3.432470 	 0.445090 	 95608.707546 
43  	 5 	 9 	 4.808142 	 0.125987 	 30814.182652 
44  	 5 	 10 	 7.065153 	 0.027008 	 6920.445129 
44  	 5 	 6 	 3.556211 	 0.372105 	 82150.318581 
44  	 5 	 11 	 6.206023 	 0.044518 	 11310.799759 
44  	 5 	 15 	 3.535541 	 0.426509 	 92248.042995 
44  	 5 	 3 	 7.052911 	 0.026802 	 6868.331418 
44  	 5 	 4 	 6.157439 	 0.044239 	 11241.462461 
44  	 5 	 1 	 6.013573 	 0.051271 	 12984.227474 
44  	 5 	 7 	 3.432470 	 0.445090 	 95608.707546 
44  	 5 	 9 	 4.808142 	 0.125987 	 30814.182652 
45  	 5 	 10 	 7.065153 	 0.027008 	 6920.445129 
45  	 5 	 6 	 3.556211 	 0.372105 	 82150.318581 
45  	 5 	 11 	 6.206023 	 0.044518 	 11310.799759 
45  	 5 	 15 	 3.535541 	 0.426509 	 92248.042995 
45  	 5 	 3 	 7.052911 	 0.026802 	 6868.331418 
45  	 5 	 4 	 6.157439 	 0.044239 	 11241.462461 
45  	 5 	 1 	 6.013573 	 0.051271 	 12984.227474 
45  	 5 	 7 	 3.432470 	 0.445090 	 95608.707546 
45  	 5 	 9 	 4.808142 	 0.125987 	 30814.182652 
46  	 5 	 10 	 7.065153 	 0.027008 	 6920.445129 
46  	 5 	 6 	 3.556211 	 0.372105 	 82150.318581 
46  	 5 	 11 	 6.206023 	 0.044518 	 11310.799759 
46  	 5 	 15 	 3.535541 	 0.426509 	 92248.042995 
46  	 5 	 3 	 7.052911 	 0.026802 	 6868.331418 
46  	 5 	 4 	 6.157439 	 0.044239 	 11241.462461 
46  	 5 	 1 	 6.013573 	 0.051271 	 12984.227474 
46  	 5 	 7 	 3.432470 	 0.445090 	 95608.707546 
46  	 5 	 9 	 4.808142 	 0.125987 	 30814.182652 
47  	 5 	 10 	 7.065153 	 0.027008 	 6920.445129 
47  	 5 	 6 	 3.556211 	 0.372105 	 82150.318581 
47  	 5 	 11 	 6.206023 	 0.044518 	 11310.799759 
47  	 5 	 15 	 3.535541 	 0.426509 	 92248.042995 
47  	 5 	 3 	 7.052911 	 0.026802 	 6868.331418 
47  	 5 	 4 	 6.157439 	 0.044239 	 11241.462461 
47  	 5 	 1 	 6.013573 	 0.051271 	 12984.227474 
47  	 5 	 7 	 3.432470 	 0.445090 	 95608.707546 
47  	 5 	 9 	 4.808142 	 0.125987 	 30814.182652 
48  	 5 	 10 	 7.065153 	 0.027008 	 6920.445129 
48  	 5 	 6 	 3.556211 	 0.372105 	 82150.318581 
48  	 5 	 11 	 6.206023 	 0.044518 	 11310.799759 
48  	 5 	 15 	 3.535541 	 0.426509 	 92248.042995 
48  	 5 	 3 	 7.052911 	 0.026802 	 6868.331418 
48  	 5 	 4 	 6.157439 	 0.044239 	 11241.462461 
48  	 5 	 1 	 6.013573 	 0.051271 	 12984.227474 
48  	 5 	 7 	 3.432470 	 0.445090 	 95608.707546 
48  	 5 	 9 	 4.808142 	 0.125987 	 30814.182652 
49  	 5 	 10 	 7.065153 	 0.027008 	 6920.445129 
49  	 5 	 6 	 3.556211 	 0.372105 	 82150.318581 
49  	 5 	 11 	 6.206023 	 0.044518 	 11310.799759 
49  	 5 	 15 	 3.535541 	 0.426509 	 92248.042995 
49  	 5 	 3 	 7.052911 	 0.026802 	 6868.331418 
49  	 5 	 4 	 6.157439 	 0.044239 	 11241.462461 
49  	 5 	 1 	 6.013573 	 0.051271 	 12984.227474 
49  	 5 	 7 	 3.432470 	 0.445090 	 95608.707546 
49  	 5 	 9 	 4.808142 	 0.125987 	 30814.182652 
50  	 5 	 10 	 7.065153 	 0.027008 	 6920.445129 
50  	 5 	 6 	 3.556211 	 0.372105 	 82150.318581 
50  	 5 	 11 	 6.206023 	 0.044518 	 11310.799759 
50  	 5 	 15 	 3.535541 	 0.426509 	 92248.042995 
50  	 5 	 3 	 7.052911 	 0.026802 	 6868.331418 
50  	 5 	 4 	 6.157439 	 0.044239 	 11241.462461 
50  	 5 	 1 	 6.013573 	 0.051271 	 12984.227474 
50  	 5 	 7 	 3.432470 	 0.445090 	 95608.707546 
50  	 5 	 9 	 4.808142 	 0.125987 	 30814.182652 
51  	 5 	 10 	 7.065153 	 0.027008 	 6920.445129 
51  	 5 	 6 	 3.556211 	 0.372105 	 82150.318581 
51  	 5 	 11 	 6.206023 	 0.044518 	 11310.799759 
51  	 5 	 15 	 3.535541 	 0.426509 	 92248.042995 
51  	 5 	 3 	 7.052911 	 0.026802 	 6868.331418 
51  	 5 	 4 	 6.157439 	 0.044239 	 11241.462461 
51  	 5 	 1 	 6.013573 	 0.051271 	 12984.227474 
51  	 5 	 7 	 3.432470 	 0.445090 	 95608.707546 
51  	 5 	 9 	 4.808142 	 0.125987 	 30814.182652 
52  	 5 	 10 	 7.065153 	 0.027008 	 6920.445129 
52  	 5 	 6 	 3.556211 	 0.372105 	 82150.318581 
52  	 5 	 11 	 6.206023 	 0.044518 	 11310.799759 
52  	 5 	 15 	 3.535541 	 0.426509 	 92248.042995 
52  	 5 	 3 	 7.052911 	 0.026802 	 6868.331418 
52  	 5 	 4 	 6.157439 	 0.044239 	 11241.462461 
52  	 5 	 1 	 6.013573 	 0.051271 	 12984.227474 
52  	 5 	 7 	 3.432470 	 0.445090 	 95608.707546 
52  	 5 	 9 	 4.808142 	 0.125987 	 30814.182652 
53  	 5 	 10 	 7.065153 	 0.027008 	 6920.445129 
53  	 5 	 6 	 3.556211 	 0.372105 	 82150.318581 
53  	 5 	 11 	 6.206023 	 0.044518 	 11310.799759 
53  	 5 	 15 	 3.535541 	 0.426509 	 92248.042995 
53  	 5 	 3 	 7.052911 	 0.026802 	 6868.331418 
53  	 5 	 4 	 6.157439 	 0.044239 	 11241.462461 
53  	 5 	 1 	 6.013573 	 0.051271 	 12984.227474 
53  	 5 	 7 	 3.432470 	 0.445090 	 95608.707546 
53  	 5 	 9 	 4.808142 	 0.125987 	 30814.182652 
54  	 5 	 10 	 7.065153 	 0.027008 	 6920.445129 
54  	 5 	 6 	 3.556211 	 0.372105 	 82150.318581 
54  	 5 	 11 	 6.206023 	 0.044518 	 11310.799759 
54  	 5 	 15 	 3.535541 	 0.426509 	 92248.042995 
54  	 5 	 3 	 7.052911 	 0.026802 	 6868.331418 
54  	 5 	 4 	 6.157439 	 0.044239 	 11241.462461 
54  	 5 	 1 	 6.013573 	 0.051271 	 12984.227474 
54  	 5 	 7 	 3.432470 	 0.445090 	 95608.707546 
54  	 5 	 9 	 4.808142 	 0.125987 	 30814.182652 
55  	 5 	 10 	 7.065153 	 0.027008 	 6920.445129 
55  	 5 	 6 	 3.556211 	 0.372105 	 82150.318581 
55  	 5 	 11 	 6.206023 	 0.044518 	 11310.799759 
55  	 5 	 15 	 3.535541 	 0.426509 	 92248.042995 
55  	 5 	 3 	 7.052911 	 0.026802 	 6868.331418 
55  	 5 	 4 	 6.157439 	 0.044239 	 11241.462461 
55  	 5 	 1 	 6.013573 	 0.051271 	 12984.227474 
55  	 5 	 7 	 3.432470 	 0.445090 	 95608.707546 
55  	 5 	 9 	 4.808142 	 0.125987 	 30814.182652 
56  	 5 	 10 	 7.065153 	 0.027008 	 6920.445129 
56  	 5 	 6 	 3.556211 	 0.372105 	 82150.318581 
56  	 5 	 11 	 6.206023 	 0.044518 	 11310.799759 
56  	 5 	 15 	 3.535541 	 0.426509 	 92248.042995 
56  	 5 	 3 	 7.052911 	 0.026802 	 6868.331418 
56  	 5 	 4 	 6.157439 	 0.044239 	 11241.462461 
56  	 5 	 1 	 6.013573 	 0.051271 	 12984.227474 
56  	 5 	 7 	 3.432470 	 0.445090 	 95608.707546 
56  	 5 	 9 	 4.808142 	 0.125987 	 30814.182652 
57  	 5 	 10 	 7.065153 	 0.027008 	 6920.445129 
57  	 5 	 6 	 3.556211 	 0.372105 	 82150.318581 
57  	 5 	 11 	 6.206023 	 0.044518 	 11310.799759 
57  	 5 	 15 	 3.535541 	 0.426509 	 92248.042995 
57  	 5 	 3 	 7.052911 	 0.026802 	 6868.331418 
57  	 5 	 4 	 6.157439 	 0.044239 	 11241.462461 
57  	 5 	 1 	 6.013573 	 0.051271 	 12984.227474 
57  	 5 	 7 	 3.432470 	 0.445090 	 95608.707546 
57  	 5 	 9 	 4.808142 	 0.125987 	 30814.182652 
58  	 5 	 10 	 7.065153 	 0.027008 	 6920.445129 
58  	 5 	 6 	 3.556211 	 0.372105 	 82150.318581 
58  	 5 	 11 	 6.206023 	 0.044518 	 11310.799759 
58  	 5 	 15 	 3.535541 	 0.426509 	 92248.042995 
58  	 5 	 3 	 7.052911 	 0.026802 	 6868.331418 
58  	 5 	 4 	 6.157439 	 0.044239 	 11241.462461 
58  	 5 	 1 	 6.013573 	 0.051271 	 12984.227474 
58  	 5 	 7 	 3.432470 	 0.445090 	 95608.707546 
58  	 5 	 9 	 4.808142 	 0.125987 	 30814.182652 
59  	 5 	 10 	 7.065153 	 0.027008 	 6920.445129 
59  	 5 	 6 	 3.556211 	 0.372105 	 82150.318581 
59  	 5 	 11 	 6.206023 	 0.044518 	 11310.799759 
59  	 5 	 15 	 3.535541 	 0.426509 	 92248.042995 
59  	 5 	 3 	 7.052911 	 0.026802 	 6868.331418 
59  	 5 	 4 	 6.157439 	 0.044239 	 11241.462461 
59  	 5 	 1 	 6.013573 	 0.051271 	 12984.227474 
59  	 5 	 7 	 3.432470 	 0.445090 	 95608.707546 
59  	 5 	 9 	 4.808142 	 0.125987 	 30814.182652 
60  	 5 	 10 	 7.065153 	 0.027008 	 6920.445129 
60  	 5 	 6 	 3.556211 	 0.372105 	 82150.318581 
60  	 5 	 11 	 6.206023 	 0.044518 	 11310.799759 
60  	 5 	 15 	 3.535541 	 0.426509 	 92248.042995 
60  	 5 	 3 	 7.052911 	 0.026802 	 6868.331418 
60  	 5 	 4 	 6.157439 	 0.044239 	 11241.462461 
60  	 5 	 1 	 6.013573 	 0.051271 	 12984.227474 
60  	 5 	 7 	 3.432470 	 0.445090 	 95608.707546 
60  	 5 	 9 	 4.808142 	 0.125987 	 30814.182652 
61  	 5 	 10 	 7.065153 	 0.027008 	 6920.445129 
61  	 5 	 6 	 3.556211 	 0.372105 	 82150.318581 
61  	 5 	 11 	 6.206023 	 0.044518 	 11310.799759 
61  	 5 	 15 	 3.535541 	 0.426509 	 92248.042995 
61  	 5 	 3 	 7.052911 	 0.026802 	 6868.331418 
61  	 5 	 4 	 6.157439 	 0.044239 	 11241.462461 
61  	 5 	 1 	 6.013573 	 0.051271 	 12984.227474 
61  	 5 	 7 	 3.432470 	 0.445090 	 95608.707546 
61  	 5 	 9 	 4.808142 	 0.125987 	 30814.182652 
62  	 5 	 10 	 7.065153 	 0.027008 	 6920.445129 
62  	 5 	 6 	 3.556211 	 0.372105 	 82150.318581 
62  	 5 	 11 	 6.206023 	 0.044518 	 11310.799759 
62  	 5 	 15 	 3.535541 	 0.426509 	 92248.042995 
62  	 5 	 3 	 7.052911 	 0.026802 	 6868.331418 
62  	 5 	 4 	 6.157439 	 0.044239 	 11241.462461 
62  	 5 	 1 	 6.013573 	 0.051271 	 12984.227474 
62  	 5 	 7 	 3.432470 	 0.445090 	 95608.707546 
62  	 5 	 9 	 4.808142 	 0.125987 	 30814.182652 
63  	 5 	 10 	 7.065153 	 0.027008 	 6920.445129 
63  	 5 	 6 	 3.556211 	 0.372105 	 82150.318581 
63  	 5 	 11 	 6.206023 	 0.044518 	 11310.799759 
63  	 5 	 15 	 3.535541 	 0.426509 	 92248.042995 
63  	 5 	 3 	 7.052911 	 0.026802 	 6868.331418 
63  	 5 	 4 	 6.157439 	 0.044239 	 11241.462461 
63  	 5 	 1 	 6.013573 	 0.051271 	 12984.227474 
63  	 5 	 7 	 3.432470 	 0.445090 	 95608.707546 
63  	 5 	 9 	 4.808142 	 0.125987 	 30814.182652 
64  	 5 	 10 	 7.065153 	 0.027008 	 6920.445129 
64  	 5 	 6 	 3.556211 	 0.372105 	 82150.318581 
64  	 5 	 11 	 6.206023 	 0.044518 	 11310.799759 
64  	 5 	 15 	 3.535541 	 0.426509 	 92248.042995 
64  	 5 	 3 	 7.052911 	 0.026802 	 6868.331418 
64  	 5 	 4 	 6.157439 	 0.044239 	 11241.462461 
64  	 5 	 1 	 6.013573 	 0.051271 	 12984.227474 
64  	 5 	 7 	 3.432470 	 0.445090 	 95608.707546 
64  	 5 	 9 	 4.808142 	 0.125987 	 30814.182652 
65  	 5 	 10 	 7.065153 	 0.027008 	 6920.445129 
65  	 5 	 6 	 3.556211 	 0.372105 	 82150.318581 
65  	 5 	 11 	 6.206023 	 0.044518 	 11310.799759 
65  	 5 	 15 	 3.535541 	 0.426509 	 92248.042995 
65  	 5 	 3 	 7.052911 	 0.026802 	 6868.331418 
65  	 5 	 4 	 6.157439 	 0.044239 	 11241.462461 
65  	 5 	 1 	 6.013573 	 0.051271 	 12984.227474 
65  	 5 	 7 	 3.432470 	 0.445090 	 95608.707546 
65  	 5 	 9 	 4.808142 	 0.125987 	 30814.182652 
66  	 5 	 10 	 7.065153 	 0.027008 	 6920.445129 
66  	 5 	 6 	 3.556211 	 0.372105 	 82150.318581 
66  	 5 	 11 	 6.206023 	 0.044518 	 11310.799759 
66  	 5 	 15 	 3.535541 	 0.426509 	 92248.042995 
66  	 5 	 3 	 7.052911 	 0.026802 	 6868.331418 
66  	 5 	 4 	 6.157439 	 0.044239 	 11241.462461 
66  	 5 	 1 	 6.013573 	 0.051271 	 12984.227474 
66  	 5 	 7 	 3.432470 	 0.445090 	 95608.707546 
66  	 5 	 9 	 4.808142 	 0.125987 	 30814.182652 
67  	 5 	 10 	 7.065153 	 0.027008 	 6920.445129 
67  	 5 	 6 	 3.556211 	 0.372105 	 82150.318581 
67  	 5 	 11 	 6.206023 	 0.044518 	 11310.799759 
67  	 5 	 15 	 3.535541 	 0.426509 	 92248.042995 
67  	 5 	 3 	 7.052911 	 0.026802 	 6868.331418 
67  	 5 	 4 	 6.157439 	 0.044239 	 11241.462461 
67  	 5 	 1 	 6.013573 	 0.051271 	 12984.227474 
67  	 5 	 7 	 3.432470 	 0.445090 	 95608.707546 
67  	 5 	 9 	 4.808142 	 0.125987 	 30814.182652 
68  	 5 	 10 	 7.065153 	 0.027008 	 6920.445129 
68  	 5 	 6 	 3.556211 	 0.372105 	 82150.318581 
68  	 5 	 11 	 6.206023 	 0.044518 	 11310.799759 
68  	 5 	 15 	 3.535541 	 0.426509 	 92248.042995 
68  	 5 	 3 	 7.052911 	 0.026802 	 6868.331418 
68  	 5 	 4 	 6.157439 	 0.044239 	 11241.462461 
68  	 5 	 1 	 6.013573 	 0.051271 	 12984.227474 
68  	 5 	 7 	 3.432470 	 0.445090 	 95608.707546 
68  	 5 	 9 	 4.808142 	 0.125987 	 30814.182652 
69  	 5 	 10 	 7.065153 	 0.027008 	 6920.445129 
69  	 5 	 6 	 3.556211 	 0.372105 	 82150.318581 
69  	 5 	 11 	 6.206023 	 0.044518 	 11310.799759 
69  	 5 	 15 	 3.535541 	 0.426509 	 92248.042995 
69  	 5 	 3 	 7.052911 	 0.026802 	 6868.331418 
69  	 5 	 4 	 6.157439 	 0.044239 	 11241.462461 
69  	 5 	 1 	 6.013573 	 0.051271 	 12984.227474 
69  	 5 	 7 	 3.432470 	 0.445090 	 95608.707546 
69  	 5 	 9 	 4.808142 	 0.125987 	 30814.182652 
70  	 5 	 10 	 7.065153 	 0.027008 	 6920.445129 
70  	 5 	 6 	 3.556211 	 0.372105 	 82150.318581 
70  	 5 	 11 	 6.206023 	 0.044518 	 11310.799759 
70  	 5 	 15 	 3.535541 	 0.426509 	 92248.042995 
70  	 5 	 3 	 7.052911 	 0.026802 	 6868.331418 
70  	 5 	 4 	 6.157439 	 0.044239 	 11241.462461 
70  	 5 	 1 	 6.013573 	 0.051271 	 12984.227474 
70  	 5 	 7 	 3.432470 	 0.445090 	 95608.707546 
70  	 5 	 9 	 4.808142 	 0.125987 	 30814.182652 
71  	 5 	 10 	 7.065153 	 0.027008 	 6920.445129 
71  	 5 	 6 	 3.556211 	 0.372105 	 82150.318581 
71  	 5 	 11 	 6.206023 	 0.044518 	 11310.799759 
71  	 5 	 15 	 3.535541 	 0.426509 	 92248.042995 
71  	 5 	 3 	 7.052911 	 0.026802 	 6868.331418 
71  	 5 	 4 	 6.157439 	 0.044239 	 11241.462461 
71  	 5 	 1 	 6.013573 	 0.051271 	 12984.227474 
71  	 5 	 7 	 3.432470 	 0.445090 	 95608.707546 
71  	 5 	 9 	 4.808142 	 0.125987 	 30814.182652 
72  	 5 	 10 	 7.065153 	 0.027008 	 6920.445129 
72  	 5 	 6 	 3.556211 	 0.372105 	 82150.318581 
72  	 5 	 11 	 6.206023 	 0.044518 	 11310.799759 
72  	 5 	 15 	 3.535541 	 0.426509 	 92248.042995 
72  	 5 	 3 	 7.052911 	 0.026802 	 6868.331418 
72  	 5 	 4 	 6.157439 	 0.044239 	 11241.462461 
72  	 5 	 1 	 6.013573 	 0.051271 	 12984.227474 
72  	 5 	 7 	 3.432470 	 0.445090 	 95608.707546 
72  	 5 	 9 	 4.808142 	 0.125987 	 30814.182652 
73  	 5 	 10 	 7.065153 	 0.027008 	 6920.445129 
73  	 5 	 6 	 3.556211 	 0.372105 	 82150.318581 
73  	 5 	 11 	 6.206023 	 0.044518 	 11310.799759 
73  	 5 	 15 	 3.535541 	 0.426509 	 92248.042995 
73  	 5 	 3 	 7.052911 	 0.026802 	 6868.331418 
73  	 5 	 4 	 6.157439 	 0.044239 	 11241.462461 
73  	 5 	 1 	 6.013573 	 0.051271 	 12984.227474 
73  	 5 	 7 	 3.432470 	 0.445090 	 95608.707546 
73  	 5 	 9 	 4.808142 	 0.125987 	 30814.182652 
74  	 5 	 10 	 7.065153 	 0.027008 	 6920.445129 
74  	 5 	 6 	 3.556211 	 0.372105 	 82150.318581 
74  	 5 	 11 	 6.206023 	 0.044518 	 11310.799759 
74  	 5 	 15 	 3.535541 	 0.426509 	 92248.042995 
74  	 5 	 3 	 7.052911 	 0.026802 	 6868.331418 
74  	 5 	 4 	 6.157439 	 0.044239 	 11241.462461 
74  	 5 	 1 	 6.013573 	 0.051271 	 12984.227474 
74  	 5 	 7 	 3.432470 	 0.445090 	 95608.707546 
74  	 5 	 9 	 4.808142 	 0.125987 	 30814.182652 
75  	 5 	 10 	 7.065153 	 0.027008 	 6920.445129 
75  	 5 	 6 	 3.556211 	 0.372105 	 82150.318581 
75  	 5 	 11 	 6.206023 	 0.044518 	 11310.799759 
75  	 5 	 15 	 3.535541 	 0.426509 	 92248.042995 
75  	 5 	 3 	 7.052911 	 0.026802 	 6868.331418 
75  	 5 	 4 	 6.157439 	 0.044239 	 11241.462461 
75  	 5 	 1 	 6.013573 	 0.051271 	 12984.227474 
75  	 5 	 7 	 3.432470 	 0.445090 	 95608.707546 
75  	 5 	 9 	 4.808142 	 0.125987 	 30814.182652 
76  	 5 	 10 	 7.065153 	 0.027008 	 6920.445129 
76  	 5 	 6 	 3.556211 	 0.372105 	 82150.318581 
76  	 5 	 11 	 6.206023 	 0.044518 	 11310.799759 
76  	 5 	 15 	 3.535541 	 0.426509 	 92248.042995 
76  	 5 	 3 	 7.052911 	 0.026802 	 6868.331418 
76  	 5 	 4 	 6.157439 	 0.044239 	 11241.462461 
76  	 5 	 1 	 6.013573 	 0.051271 	 12984.227474 
76  	 5 	 7 	 3.432470 	 0.445090 	 95608.707546 
76  	 5 	 9 	 4.808142 	 0.125987 	 30814.182652 
77  	 5 	 10 	 7.065153 	 0.027008 	 6920.445129 
77  	 5 	 6 	 3.556211 	 0.372105 	 82150.318581 
77  	 5 	 11 	 6.206023 	 0.044518 	 11310.799759 
77  	 5 	 15 	 3.535541 	 0.426509 	 92248.042995 
77  	 5 	 3 	 7.052911 	 0.026802 	 6868.331418 
77  	 5 	 4 	 6.157439 	 0.044239 	 11241.462461 
77  	 5 	 1 	 6.013573 	 0.051271 	 12984.227474 
77  	 5 	 7 	 3.432470 	 0.445090 	 95608.707546 
77  	 5 	 9 	 4.808142 	 0.125987 	 30814.182652 
78  	 5 	 10 	 7.065153 	 0.027008 	 6920.445129 
78  	 5 	 6 	 3.556211 	 0.372105 	 82150.318581 
78  	 5 	 11 	 6.206023 	 0.044518 	 11310.799759 
78  	 5 	 15 	 3.535541 	 0.426509 	 92248.042995 
78  	 5 	 3 	 7.052911 	 0.026802 	 6868.331418 
78  	 5 	 4 	 6.157439 	 0.044239 	 11241.462461 
78  	 5 	 1 	 6.013573 	 0.051271 	 12984.227474 
78  	 5 	 7 	 3.432470 	 0.445090 	 95608.707546 
78  	 5 	 9 	 4.808142 	 0.125987 	 30814.182652 
79  	 5 	 10 	 7.065153 	 0.027008 	 6920.445129 
79  	 5 	 6 	 3.556211 	 0.372105 	 82150.318581 
79  	 5 	 11 	 6.206023 	 0.044518 	 11310.799759 
79  	 5 	 15 	 3.535541 	 0.426509 	 92248.042995 
79  	 5 	 3 	 7.052911 	 0.026802 	 6868.331418 
79  	 5 	 4 	 6.157439 	 0.044239 	 11241.462461 
79  	 5 	 1 	 6.013573 	 0.051271 	 12984.227474 
79  	 5 	 7 	 3.432470 	 0.445090 	 95608.707546 
79  	 5 	 9 	 4.808142 	 0.125987 	 30814.182652 
80  	 5 	 10 	 7.065153 	 0.027008 	 6920.445129 
80  	 5 	 6 	 3.556211 	 0.372105 	 82150.318581 
80  	 5 	 11 	 6.206023 	 0.044518 	 11310.799759 
80  	 5 	 15 	 3.535541 	 0.426509 	 92248.042995 
80  	 5 	 3 	 7.052911 	 0.026802 	 6868.331418 
80  	 5 	 4 	 6.157439 	 0.044239 	 11241.462461 
80  	 5 	 1 	 6.013573 	 0.051271 	 12984.227474 
80  	 5 	 7 	 3.432470 	 0.445090 	 95608.707546 
80  	 5 	 9 	 4.808142 	 0.125987 	 30814.182652 
81  	 5 	 10 	 7.065153 	 0.027008 	 6920.445129 
81  	 5 	 6 	 3.556211 	 0.372105 	 82150.318581 
81  	 5 	 11 	 6.206023 	 0.044518 	 11310.799759 
81  	 5 	 15 	 3.535541 	 0.426509 	 92248.042995 
81  	 5 	 3 	 7.052911 	 0.026802 	 6868.331418 
81  	 5 	 4 	 6.157439 	 0.044239 	 11241.462461 
81  	 5 	 1 	 6.013573 	 0.051271 	 12984.227474 
81  	 5 	 7 	 3.432470 	 0.445090 	 95608.707546 
81  	 5 	 9 	 4.808142 	 0.125987 	 30814.182652 
82  	 5 	 10 	 7.065153 	 0.027008 	 6920.445129 
82  	 5 	 6 	 3.556211 	 0.372105 	 82150.318581 
82  	 5 	 11 	 6.206023 	 0.044518 	 11310.799759 
82  	 5 	 15 	 3.535541 	 0.426509 	 92248.042995 
82  	 5 	 3 	 7.052911 	 0.026802 	 6868.331418 
82  	 5 	 4 	 6.157439 	 0.044239 	 11241.462461 
82  	 5 	 1 	 6.013573 	 0.051271 	 12984.227474 
82  	 5 	 7 	 3.432470 	 0.445090 	 95608.707546 
82  	 5 	 9 	 4.808142 	 0.125987 	 30814.182652 
83  	 5 	 10 	 7.065153 	 0.027008 	 6920.445129 
83  	 5 	 6 	 3.556211 	 0.372105 	 82150.318581 
83  	 5 	 11 	 6.206023 	 0.044518 	 11310.799759 
83  	 5 	 15 	 3.535541 	 0.426509 	 92248.042995 
83  	 5 	 3 	 7.052911 	 0.026802 	 6868.331418 
83  	 5 	 4 	 6.157439 	 0.044239 	 11241.462461 
83  	 5 	 1 	 6.013573 	 0.051271 	 12984.227474 
83  	 5 	 7 	 3.432470 	 0.445090 	 95608.707546 
83  	 5 	 9 	 4.808142 	 0.125987 	 30814.182652 
84  	 5 	 10 	 7.065153 	 0.027008 	 6920.445129 
84  	 5 	 6 	 3.556211 	 0.372105 	 82150.318581 
84  	 5 	 11 	 6.206023 	 0.044518 	 11310.799759 
84  	 5 	 15 	 3.535541 	 0.426509 	 92248.042995 
84  	 5 	 3 	 7.052911 	 0.026802 	 6868.331418 
84  	 5 	 4 	 6.157439 	 0.044239 	 11241.462461 
84  	 5 	 1 	 6.013573 	 0.051271 	 12984.227474 
84  	 5 	 7 	 3.432470 	 0.445090 	 95608.707546 
84  	 5 	 9 	 4.808142 	 0.125987 	 30814.182652 
85  	 5 	 10 	 7.065153 	 0.027008 	 6920.445129 
85  	 5 	 6 	 3.556211 	 0.372105 	 82150.318581 
85  	 5 	 11 	 6.206023 	 0.044518 	 11310.799759 
85  	 5 	 15 	 3.535541 	 0.426509 	 92248.042995 
85  	 5 	 3 	 7.052911 	 0.026802 	 6868.331418 
85  	 5 	 4 	 6.157439 	 0.044239 	 11241.462461 
85  	 5 	 1 	 6.013573 	 0.051271 	 12984.227474 
85  	 5 	 7 	 3.432470 	 0.445090 	 95608.707546 
85  	 5 	 9 	 4.808142 	 0.125987 	 30814.182652 
86  	 5 	 10 	 7.065153 	 0.027008 	 6920.445129 
86  	 5 	 6 	 3.556211 	 0.372105 	 82150.318581 
86  	 5 	 11 	 6.206023 	 0.044518 	 11310.799759 
86  	 5 	 15 	 3.535541 	 0.426509 	 92248.042995 
86  	 5 	 3 	 7.052911 	 0.026802 	 6868.331418 
86  	 5 	 4 	 6.157439 	 0.044239 	 11241.462461 
86  	 5 	 1 	 6.013573 	 0.051271 	 12984.227474 
86  	 5 	 7 	 3.432470 	 0.445090 	 95608.707546 
86  	 5 	 9 	 4.808142 	 0.125987 	 30814.182652 
87  	 5 	 10 	 7.065153 	 0.027008 	 6920.445129 
87  	 5 	 6 	 3.556211 	 0.372105 	 82150.318581 
87  	 5 	 11 	 6.206023 	 0.044518 	 11310.799759 
87  	 5 	 15 	 3.535541 	 0.426509 	 92248.042995 
87  	 5 	 3 	 7.052911 	 0.026802 	 6868.331418 
87  	 5 	 4 	 6.157439 	 0.044239 	 11241.462461 
87  	 5 	 1 	 6.013573 	 0.051271 	 12984.227474 
87  	 5 	 7 	 3.432470 	 0.445090 	 95608.707546 
87  	 5 	 9 	 4.808142 	 0.125987 	 30814.182652 
88  	 5 	 10 	 7.065153 	 0.027008 	 6920.445129 
88  	 5 	 6 	 3.556211 	 0.372105 	 82150.318581 
88  	 5 	 11 	 6.206023 	 0.044518 	 11310.799759 
88  	 5 	 15 	 3.535541 	 0.426509 	 92248.042995 
88  	 5 	 3 	 7.052911 	 0.026802 	 6868.331418 
88  	 5 	 4 	 6.157439 	 0.044239 	 11241.462461 
88  	 5 	 1 	 6.013573 	 0.051271 	 12984.227474 
88  	 5 	 7 	 3.432470 	 0.445090 	 95608.707546 
88  	 5 	 9 	 4.808142 	 0.125987 	 30814.182652 
89  	 5 	 10 	 7.065153 	 0.027008 	 6920.445129 
89  	 5 	 6 	 3.556211 	 0.372105 	 82150.318581 
89  	 5 	 11 	 6.206023 	 0.044518 	 11310.799759 
89  	 5 	 15 	 3.535541 	 0.426509 	 92248.042995 
89  	 5 	 3 	 7.052911 	 0.026802 	 6868.331418 
89  	 5 	 4 	 6.157439 	 0.044239 	 11241.462461 
89  	 5 	 1 	 6.013573 	 0.051271 	 12984.227474 
89  	 5 	 7 	 3.432470 	 0.445090 	 95608.707546 
89  	 5 	 9 	 4.808142 	 0.125987 	 30814.182652 
90  	 5 	 10 	 7.065153 	 0.027008 	 6920.445129 
90  	 5 	 6 	 3.556211 	 0.372105 	 82150.318581 
90  	 5 	 11 	 6.206023 	 0.044518 	 11310.799759 
90  	 5 	 15 	 3.535541 	 0.426509 	 92248.042995 
90  	 5 	 3 	 7.052911 	 0.026802 	 6868.331418 
90  	 5 	 4 	 6.157439 	 0.044239 	 11241.462461 
90  	 5 	 1 	 6.013573 	 0.051271 	 12984.227474 
90  	 5 	 7 	 3.432470 	 0.445090 	 95608.707546 
90  	 5 	 9 	 4.808142 	 0.125987 	 30814.182652 
91  	 5 	 10 	 7.065153 	 0.027008 	 6920.445129 
91  	 5 	 6 	 3.556211 	 0.372105 	 82150.318581 
91  	 5 	 11 	 6.206023 	 0.044518 	 11310.799759 
91  	 5 	 15 	 3.535541 	 0.426509 	 92248.042995 
91  	 5 	 3 	 7.052911 	 0.026802 	 6868.331418 
91  	 5 	 4 	 6.157439 	 0.044239 	 11241.462461 
91  	 5 	 1 	 6.013573 	 0.051271 	 12984.227474 
91  	 5 	 7 	 3.432470 	 0.445090 	 95608.707546 
91  	 5 	 9 	 4.808142 	 0.125987 	 30814.182652 
92  	 5 	 10 	 7.065153 	 0.027008 	 6920.445129 
92  	 5 	 6 	 3.556211 	 0.372105 	 82150.318581 
92  	 5 	 11 	 6.206023 	 0.044518 	 11310.799759 
92  	 5 	 15 	 3.535541 	 0.426509 	 92248.042995 
92  	 5 	 3 	 7.052911 	 0.026802 	 6868.331418 
92  	 5 	 4 	 6.157439 	 0.044239 	 11241.462461 
92  	 5 	 1 	 6.013573 	 0.051271 	 12984.227474 
92  	 5 	 7 	 3.432470 	 0.445090 	 95608.707546 
92  	 5 	 9 	 4.808142 	 0.125987 	 30814.182652 
93  	 5 	 10 	 7.065153 	 0.027008 	 6920.445129 
93  	 5 	 6 	 3.556211 	 0.372105 	 82150.318581 
93  	 5 	 11 	 6.206023 	 0.044518 	 11310.799759 
93  	 5 	 15 	 3.535541 	 0.426509 	 92248.042995 
93  	 5 	 3 	 7.052911 	 0.026802 	 6868.331418 
93  	 5 	 4 	 6.157439 	 0.044239 	 11241.462461 
93  	 5 	 1 	 6.013573 	 0.051271 	 12984.227474 
93  	 5 	 7 	 3.432470 	 0.445090 	 95608.707546 
93  	 5 	 9 	 4.808142 	 0.125987 	 30814.182652 
94  	 5 	 10 	 7.065153 	 0.027008 	 6920.445129 
94  	 5 	 6 	 3.556211 	 0.372105 	 82150.318581 
94  	 5 	 11 	 6.206023 	 0.044518 	 11310.799759 
94  	 5 	 15 	 3.535541 	 0.426509 	 92248.042995 
94  	 5 	 3 	 7.052911 	 0.026802 	 6868.331418 
94  	 5 	 4 	 6.157439 	 0.044239 	 11241.462461 
94  	 5 	 1 	 6.013573 	 0.051271 	 12984.227474 
94  	 5 	 7 	 3.432470 	 0.445090 	 95608.707546 
94  	 5 	 9 	 4.808142 	 0.125987 	 30814.182652 
95  	 5 	 10 	 7.065153 	 0.027008 	 6920.445129 
95  	 5 	 6 	 3.556211 	 0.372105 	 82150.318581 
95  	 5 	 11 	 6.206023 	 0.044518 	 11310.799759 
95  	 5 	 15 	 3.535541 	 0.426509 	 92248.042995 
95  	 5 	 3 	 7.052911 	 0.026802 	 6868.331418 
95  	 5 	 4 	 6.157439 	 0.044239 	 11241.462461 
95  	 5 	 1 	 6.013573 	 0.051271 	 12984.227474 
95  	 5 	 7 	 3.432470 	 0.445090 	 95608.707546 
95  	 5 	 9 	 4.808142 	 0.125987 	 30814.182652 
96  	 5 	 10 	 7.065153 	 0.027008 	 6920.445129 
96  	 5 	 6 	 3.556211 	 0.372105 	 82150.318581 
96  	 5 	 11 	 6.206023 	 0.044518 	 11310.799759 
96  	 5 	 15 	 3.535541 	 0.426509 	 92248.042995 
96  	 5 	 3 	 7.052911 	 0.026802 	 6868.331418 
96  	 5 	 4 	 6.157439 	 0.044239 	 11241.462461 
96  	 5 	 1 	 6.013573 	 0.051271 	 12984.227474 
96  	 5 	 7 	 3.432470 	 0.445090 	 95608.707546 
96  	 5 	 9 	 4.808142 	 0.125987 	 30814.182652 
97  	 5 	 10 	 7.065153 	 0.027008 	 6920.445129 
97  	 5 	 6 	 3.556211 	 0.372105 	 82150.318581 
97  	 5 	 11 	 6.206023 	 0.044518 	 11310.799759 
97  	 5 	 15 	 3.535541 	 0.426509 	 92248.042995 
97  	 5 	 3 	 7.052911 	 0.026802 	 6868.331418 
97  	 5 	 4 	 6.157439 	 0.044239 	 11241.462461 
97  	 5 	 1 	 6.013573 	 0.051271 	 12984.227474 
97  	 5 	 7 	 3.432470 	 0.445090 	 95608.707546 
97  	 5 	 9 	 4.808142 	 0.125987 	 30814.182652 
98  	 5 	 10 	 7.065153 	 0.027008 	 6920.445129 
98  	 5 	 6 	 3.556211 	 0.372105 	 82150.318581 
98  	 5 	 11 	 6.206023 	 0.044518 	 11310.799759 
98  	 5 	 15 	 3.535541 	 0.426509 	 92248.042995 
98  	 5 	 3 	 7.052911 	 0.026802 	 6868.331418 
98  	 5 	 4 	 6.157439 	 0.044239 	 11241.462461 
98  	 5 	 1 	 6.013573 	 0.051271 	 12984.227474 
98  	 5 	 7 	 3.432470 	 0.445090 	 95608.707546 
98  	 5 	 9 	 4.808142 	 0.125987 	 30814.182652 
99  	 5 	 10 	 7.065153 	 0.027008 	 6920.445129 
99  	 5 	 6 	 3.556211 	 0.372105 	 82150.318581 
99  	 5 	 11 	 6.206023 	 0.044518 	 11310.799759 
99  	 5 	 15 	 3.535541 	 0.426509 	 92248.042995 
99  	 5 	 3 	 7.052911 	 0.026802 	 6868.331418 
99  	 5 	 4 	 6.157439 	 0.044239 	 11241.462461 
99  	 5 	 1 	 6.013573 	 0.051271 	 12984.227474 
99  	 5 	 7 	 3.432470 	 0.445090 	 95608.707546 
99  	 5 	 9 	 4.808142 	 0.125987 	 30814.182652 
100  	 5 	 10 	 7.065153 	 0.027008 	 6920.445129 
100  	 5 	 6 	 3.556211 	 0.372105 	 82150.318581 
100  	 5 	 11 	 6.206023 	 0.044518 	 11310.799759 
100  	 5 	 15 	 3.535541 	 0.426509 	 92248.042995 
100  	 5 	 3 	 7.052911 	 0.026802 	 6868.331418 
100  	 5 	 4 	 6.157439 	 0.044239 	 11241.462461 
100  	 5 	 1 	 6.013573 	 0.051271 	 12984.227474 
100  	 5 	 7 	 3.432470 	 0.445090 	 95608.707546 
100  	 5 	 9 	 4.808142 	 0.125987 	 30814.182652 
101  	 5 	 10 	 7.065153 	 0.027008 	 6920.445129 
101  	 5 	 6 	 3.556211 	 0.372105 	 82150.318581 
101  	 5 	 11 	 6.206023 	 0.044518 	 11310.799759 
101  	 5 	 15 	 3.535541 	 0.426509 	 92248.042995 
101  	 5 	 3 	 7.052911 	 0.026802 	 6868.331418 
101  	 5 	 4 	 6.157439 	 0.044239 	 11241.462461 
101  	 5 	 1 	 6.013573 	 0.051271 	 12984.227474 
101  	 5 	 7 	 3.432470 	 0.445090 	 95608.707546 
101  	 5 	 9 	 4.808142 	 0.125987 	 30814.182652 
102  	 5 	 10 	 7.065153 	 0.027008 	 6920.445129 
102  	 5 	 6 	 3.556211 	 0.372105 	 82150.318581 
102  	 5 	 11 	 6.206023 	 0.044518 	 11310.799759 
102  	 5 	 15 	 3.535541 	 0.426509 	 92248.042995 
102  	 5 	 3 	 7.052911 	 0.026802 	 6868.331418 
102  	 5 	 4 	 6.157439 	 0.044239 	 11241.462461 
102  	 5 	 1 	 6.013573 	 0.051271 	 12984.227474 
102  	 5 	 7 	 3.432470 	 0.445090 	 95608.707546 
102  	 5 	 9 	 4.808142 	 0.125987 	 30814.182652 
103  	 5 	 10 	 7.065153 	 0.027008 	 6920.445129 
103  	 5 	 6 	 3.556211 	 0.372105 	 82150.318581 
103  	 5 	 11 	 6.206023 	 0.044518 	 11310.799759 
103  	 5 	 15 	 3.535541 	 0.426509 	 92248.042995 
103  	 5 	 3 	 7.052911 	 0.026802 	 6868.331418 
103  	 5 	 4 	 6.157439 	 0.044239 	 11241.462461 
103  	 5 	 1 	 6.013573 	 0.051271 	 12984.227474 
103  	 5 	 7 	 3.432470 	 0.445090 	 95608.707546 
103  	 5 	 9 	 4.808142 	 0.125987 	 30814.182652 
104  	 5 	 10 	 7.065153 	 0.027008 	 6920.445129 
104  	 5 	 6 	 3.556211 	 0.372105 	 82150.318581 
104  	 5 	 11 	 6.206023 	 0.044518 	 11310.799759 
104  	 5 	 15 	 3.535541 	 0.426509 	 92248.042995 
104  	 5 	 3 	 7.052911 	 0.026802 	 6868.331418 
104  	 5 	 4 	 6.157439 	 0.044239 	 11241.462461 
104  	 5 	 1 	 6.013573 	 0.051271 	 12984.227474 
104  	 5 	 7 	 3.432470 	 0.445090 	 95608.707546 
104  	 5 	 9 	 4.808142 	 0.125987 	 30814.182652 
