104 	 1 	 1  	 12587.1 	  	 7034.04 	 	 0 	 	 0 
104 	 1 	 2  	 12587.1 	  	 7034.04 	 	 7034.04 	 	 0 
104 	 1 	 3  	 12587.1 	  	 7034.04 	 	 7034.04 	 	 0 
104 	 1 	 4  	 12587.1 	  	 7034.04 	 	 7034.04 	 	 0 
104 	 1 	 5  	 12587.1 	  	 7034.04 	 	 7034.04 	 	 0 
104 	 1 	 6  	 12587.1 	  	 7034.04 	 	 7034.04 	 	 0 
104 	 1 	 7  	 12587.1 	  	 7034.04 	 	 7034.04 	 	 0 
104 	 1 	 8  	 12587.1 	  	 12272.6 	 	 7034.04 	 	 0 
104 	 1 	 9  	 12587.1 	  	 12272.6 	 	 12272.6 	 	 0 
104 	 1 	 10  	 12587.1 	  	 12272.6 	 	 12272.6 	 	 0 
104 	 1 	 11  	 12587.1 	  	 12272.6 	 	 12272.6 	 	 0 
104 	 1 	 12  	 12587.1 	  	 12272.6 	 	 12272.6 	 	 0 
104 	 1 	 13  	 12587.1 	  	 12272.6 	 	 12272.6 	 	 0 
104 	 1 	 14  	 12587.1 	  	 12272.6 	 	 12272.6 	 	 0 
104 	 1 	 15  	 12587.1 	  	 12587.1 	 	 12272.6 	 	 0 
104 	 1 	 16  	 12587.1 	  	 12587.1 	 	 12587.1 	 	 0 
104 	 1 	 17  	 12587.1 	  	 12587.1 	 	 12587.1 	 	 0 
104 	 1 	 18  	 12587.1 	  	 12587.1 	 	 12587.1 	 	 0 
104 	 1 	 19  	 12587.1 	  	 12587.1 	 	 12587.1 	 	 0 
104 	 1 	 20  	 12587.1 	  	 12587.1 	 	 12587.1 	 	 0 
104 	 1 	 21  	 12587.1 	  	 12587.1 	 	 12587.1 	 	 0 
104 	 1 	 22  	 12587.1 	  	 12587.1 	 	 12587.1 	 	 0 
104 	 1 	 23  	 12587.1 	  	 12587.1 	 	 12587.1 	 	 0 
104 	 1 	 24  	 12587.1 	  	 12587.1 	 	 12587.1 	 	 0 
104 	 1 	 25  	 12587.1 	  	 12587.1 	 	 12587.1 	 	 0 
104 	 1 	 26  	 12587.1 	  	 12587.1 	 	 12587.1 	 	 0 
104 	 1 	 27  	 12587.1 	  	 12587.1 	 	 12587.1 	 	 0 
104 	 1 	 28  	 12587.1 	  	 12587.1 	 	 12587.1 	 	 0 
104 	 1 	 29  	 12587.1 	  	 12587.1 	 	 12587.1 	 	 0 
104 	 1 	 30  	 12587.1 	  	 12587.1 	 	 12587.1 	 	 0 
104 	 1 	 31  	 12587.1 	  	 12587.1 	 	 12587.1 	 	 0 
104 	 1 	 32  	 12587.1 	  	 12587.1 	 	 12587.1 	 	 0 
104 	 1 	 33  	 12587.1 	  	 12587.1 	 	 12587.1 	 	 0 
104 	 1 	 34  	 12587.1 	  	 12587.1 	 	 12587.1 	 	 0 
104 	 1 	 35  	 12587.1 	  	 12587.1 	 	 12587.1 	 	 0 
104 	 1 	 36  	 12587.1 	  	 12587.1 	 	 12587.1 	 	 0 
104 	 1 	 37  	 12587.1 	  	 12587.1 	 	 12587.1 	 	 0 
104 	 1 	 38  	 12587.1 	  	 12587.1 	 	 12587.1 	 	 0 
104 	 1 	 39  	 12587.1 	  	 12587.1 	 	 12587.1 	 	 0 
104 	 1 	 40  	 12587.1 	  	 12587.1 	 	 12587.1 	 	 0 
104 	 1 	 41  	 12587.1 	  	 12587.1 	 	 12587.1 	 	 0 
104 	 1 	 42  	 12587.1 	  	 12587.1 	 	 12587.1 	 	 0 
104 	 1 	 43  	 12587.1 	  	 12587.1 	 	 12587.1 	 	 0 
104 	 1 	 44  	 12587.1 	  	 12587.1 	 	 12587.1 	 	 0 
104 	 1 	 45  	 12587.1 	  	 12587.1 	 	 12587.1 	 	 0 
104 	 1 	 46  	 12587.1 	  	 12587.1 	 	 12587.1 	 	 0 
104 	 1 	 47  	 12587.1 	  	 12587.1 	 	 12587.1 	 	 0 
104 	 1 	 48  	 12587.1 	  	 12587.1 	 	 12587.1 	 	 0 
104 	 1 	 49  	 12587.1 	  	 12587.1 	 	 12587.1 	 	 0 
104 	 1 	 50  	 12587.1 	  	 12587.1 	 	 12587.1 	 	 0 
104 	 1 	 51  	 12587.1 	  	 12587.1 	 	 12587.1 	 	 0 
104 	 1 	 52  	 12587.1 	  	 12587.1 	 	 12587.1 	 	 0 
104 	 1 	 53  	 12587.1 	  	 12587.1 	 	 12587.1 	 	 0 
104 	 1 	 54  	 12587.1 	  	 12587.1 	 	 12587.1 	 	 0 
104 	 1 	 55  	 12587.1 	  	 12587.1 	 	 12587.1 	 	 0 
104 	 1 	 56  	 12587.1 	  	 12587.1 	 	 12587.1 	 	 0 
104 	 1 	 57  	 12587.1 	  	 12587.1 	 	 12587.1 	 	 0 
104 	 1 	 58  	 12587.1 	  	 12587.1 	 	 12587.1 	 	 0 
104 	 1 	 59  	 12587.1 	  	 12587.1 	 	 12587.1 	 	 0 
104 	 1 	 60  	 12587.1 	  	 12587.1 	 	 12587.1 	 	 0 
104 	 1 	 61  	 12587.1 	  	 12587.1 	 	 12587.1 	 	 0 
104 	 1 	 62  	 12587.1 	  	 12587.1 	 	 12587.1 	 	 0 
104 	 1 	 63  	 12587.1 	  	 12587.1 	 	 12587.1 	 	 0 
104 	 1 	 64  	 12587.1 	  	 12587.1 	 	 12587.1 	 	 0 
104 	 1 	 65  	 12587.1 	  	 12587.1 	 	 12587.1 	 	 0 
104 	 1 	 66  	 12587.1 	  	 12587.1 	 	 12587.1 	 	 0 
104 	 1 	 67  	 12587.1 	  	 12587.1 	 	 12587.1 	 	 0 
104 	 1 	 68  	 12587.1 	  	 12587.1 	 	 12587.1 	 	 0 
104 	 1 	 69  	 12587.1 	  	 12587.1 	 	 12587.1 	 	 0 
104 	 1 	 70  	 12587.1 	  	 12587.1 	 	 12587.1 	 	 0 
104 	 1 	 71  	 12587.1 	  	 12587.1 	 	 12587.1 	 	 0 
104 	 1 	 72  	 12587.1 	  	 12587.1 	 	 12587.1 	 	 0 
104 	 1 	 73  	 12587.1 	  	 12587.1 	 	 12587.1 	 	 0 
104 	 1 	 74  	 12587.1 	  	 12587.1 	 	 12587.1 	 	 0 
104 	 1 	 75  	 12587.1 	  	 12587.1 	 	 12587.1 	 	 0 
104 	 1 	 76  	 12587.1 	  	 12587.1 	 	 12587.1 	 	 0 
104 	 1 	 77  	 12587.1 	  	 12587.1 	 	 12587.1 	 	 0 
104 	 1 	 78  	 12587.1 	  	 12587.1 	 	 12587.1 	 	 0 
104 	 1 	 79  	 12587.1 	  	 12587.1 	 	 12587.1 	 	 0 
104 	 1 	 80  	 12587.1 	  	 12587.1 	 	 12587.1 	 	 0 
104 	 1 	 81  	 12587.1 	  	 12587.1 	 	 12587.1 	 	 0 
104 	 1 	 82  	 12587.1 	  	 12587.1 	 	 12587.1 	 	 0 
104 	 1 	 83  	 12587.1 	  	 12587.1 	 	 12587.1 	 	 0 
104 	 1 	 84  	 12587.1 	  	 12587.1 	 	 12587.1 	 	 0 
104 	 1 	 85  	 12587.1 	  	 12587.1 	 	 12587.1 	 	 0 
104 	 1 	 86  	 12587.1 	  	 12587.1 	 	 12587.1 	 	 0 
104 	 1 	 87  	 12587.1 	  	 12587.1 	 	 12587.1 	 	 0 
104 	 1 	 88  	 12587.1 	  	 12587.1 	 	 12587.1 	 	 0 
104 	 1 	 89  	 12587.1 	  	 12587.1 	 	 12587.1 	 	 0 
104 	 1 	 90  	 12587.1 	  	 12587.1 	 	 12587.1 	 	 0 
104 	 1 	 91  	 12587.1 	  	 12587.1 	 	 12587.1 	 	 0 
104 	 1 	 92  	 12587.1 	  	 12587.1 	 	 12587.1 	 	 0 
104 	 1 	 93  	 12587.1 	  	 12587.1 	 	 12587.1 	 	 0 
104 	 1 	 94  	 12587.1 	  	 12587.1 	 	 12587.1 	 	 0 
104 	 1 	 95  	 12587.1 	  	 12587.1 	 	 12587.1 	 	 0 
104 	 1 	 96  	 12587.1 	  	 12587.1 	 	 12587.1 	 	 0 
104 	 1 	 97  	 12587.1 	  	 12587.1 	 	 12587.1 	 	 0 
104 	 1 	 98  	 12587.1 	  	 12587.1 	 	 12587.1 	 	 0 
104 	 1 	 99  	 12587.1 	  	 12587.1 	 	 12587.1 	 	 0 
104 	 1 	 100  	 12587.1 	  	 12587.1 	 	 12587.1 	 	 0 
104 	 1 	 101  	 12587.1 	  	 12587.1 	 	 12587.1 	 	 0 
104 	 1 	 102  	 12587.1 	  	 12587.1 	 	 12587.1 	 	 0 
104 	 1 	 103  	 12587.1 	  	 12587.1 	 	 12587.1 	 	 0 
104 	 1 	 104  	 12587.1 	  	 12587.1 	 	 12587.1 	 	 0 
104 	 1 	 105  	 12587.1 	  	 12587.1 	 	 12587.1 	 	 0 
104 	 1 	 106  	 12587.1 	  	 12587.1 	 	 12587.1 	 	 0 
104 	 1 	 107  	 12587.1 	  	 12587.1 	 	 12587.1 	 	 0 
104 	 1 	 108  	 12587.1 	  	 12587.1 	 	 12587.1 	 	 0 
104 	 1 	 109  	 12587.1 	  	 12587.1 	 	 12587.1 	 	 0 
104 	 1 	 110  	 12587.1 	  	 12587.1 	 	 12587.1 	 	 0 
104 	 1 	 111  	 12587.1 	  	 12587.1 	 	 12587.1 	 	 0 
104 	 1 	 112  	 12587.1 	  	 12587.1 	 	 12587.1 	 	 0 
104 	 1 	 113  	 12587.1 	  	 12587.1 	 	 12587.1 	 	 0 
104 	 1 	 114  	 12587.1 	  	 12587.1 	 	 12587.1 	 	 0 
104 	 1 	 115  	 12587.1 	  	 12587.1 	 	 12587.1 	 	 0 
104 	 1 	 116  	 12587.1 	  	 12587.1 	 	 12587.1 	 	 0 
104 	 1 	 117  	 12587.1 	  	 12587.1 	 	 12587.1 	 	 0 
104 	 1 	 118  	 12587.1 	  	 12587.1 	 	 12587.1 	 	 0 
104 	 1 	 119  	 12587.1 	  	 12587.1 	 	 12587.1 	 	 0 
104 	 1 	 120  	 12587.1 	  	 12587.1 	 	 12587.1 	 	 0 
104 	 1 	 121  	 12587.1 	  	 12587.1 	 	 12587.1 	 	 0 
104 	 1 	 122  	 12587.1 	  	 12587.1 	 	 12587.1 	 	 0 
104 	 1 	 123  	 12587.1 	  	 12587.1 	 	 12587.1 	 	 0 
104 	 1 	 124  	 12587.1 	  	 12587.1 	 	 12587.1 	 	 0 
104 	 1 	 125  	 12587.1 	  	 12587.1 	 	 12587.1 	 	 0 
104 	 1 	 126  	 12587.1 	  	 12587.1 	 	 12587.1 	 	 0 
104 	 1 	 127  	 12587.1 	  	 12587.1 	 	 12587.1 	 	 0 
104 	 1 	 128  	 12587.1 	  	 12587.1 	 	 12587.1 	 	 0 
104 	 1 	 129  	 12587.1 	  	 12587.1 	 	 12587.1 	 	 0 
104 	 1 	 130  	 12587.1 	  	 12587.1 	 	 12587.1 	 	 0 
104 	 1 	 131  	 12587.1 	  	 12587.1 	 	 12587.1 	 	 0 
104 	 1 	 132  	 12587.1 	  	 12587.1 	 	 12587.1 	 	 0 
104 	 1 	 133  	 12587.1 	  	 12587.1 	 	 12587.1 	 	 0 
104 	 1 	 134  	 12587.1 	  	 12587.1 	 	 12587.1 	 	 0 
104 	 1 	 135  	 12587.1 	  	 12587.1 	 	 12587.1 	 	 0 
104 	 1 	 136  	 12587.1 	  	 12587.1 	 	 12587.1 	 	 0 
104 	 1 	 137  	 12587.1 	  	 12587.1 	 	 12587.1 	 	 0 
104 	 1 	 138  	 12587.1 	  	 12587.1 	 	 12587.1 	 	 0 
104 	 1 	 139  	 12587.1 	  	 12587.1 	 	 12587.1 	 	 0 
104 	 1 	 140  	 12587.1 	  	 12587.1 	 	 12587.1 	 	 0 
104 	 1 	 141  	 12587.1 	  	 12587.1 	 	 12587.1 	 	 0 
104 	 1 	 142  	 12587.1 	  	 12587.1 	 	 12587.1 	 	 0 
104 	 1 	 143  	 12587.1 	  	 12587.1 	 	 12587.1 	 	 0 
104 	 1 	 144  	 12587.1 	  	 12587.1 	 	 12587.1 	 	 0 
104 	 1 	 145  	 12587.1 	  	 12587.1 	 	 12587.1 	 	 0 
104 	 1 	 146  	 12587.1 	  	 12587.1 	 	 12587.1 	 	 0 
104 	 1 	 147  	 12587.1 	  	 12587.1 	 	 12587.1 	 	 0 
104 	 1 	 148  	 12587.1 	  	 12587.1 	 	 12587.1 	 	 0 
104 	 1 	 149  	 12587.1 	  	 12587.1 	 	 12587.1 	 	 0 
104 	 1 	 150  	 12587.1 	  	 12587.1 	 	 12587.1 	 	 0 
104 	 1 	 151  	 12587.1 	  	 12587.1 	 	 12587.1 	 	 0 
104 	 1 	 152  	 12587.1 	  	 12587.1 	 	 12587.1 	 	 0 
104 	 1 	 153  	 12587.1 	  	 12587.1 	 	 12587.1 	 	 0 
104 	 1 	 154  	 12587.1 	  	 12587.1 	 	 12587.1 	 	 0 
104 	 1 	 155  	 12587.1 	  	 12587.1 	 	 12587.1 	 	 0 
104 	 1 	 156  	 12587.1 	  	 12587.1 	 	 12587.1 	 	 0 
104 	 1 	 157  	 12587.1 	  	 12587.1 	 	 12587.1 	 	 0 
104 	 1 	 158  	 12587.1 	  	 12587.1 	 	 12587.1 	 	 0 
104 	 1 	 159  	 12587.1 	  	 12587.1 	 	 12587.1 	 	 0 
104 	 1 	 160  	 12587.1 	  	 12587.1 	 	 12587.1 	 	 0 
104 	 1 	 161  	 12587.1 	  	 12587.1 	 	 12587.1 	 	 0 
104 	 1 	 162  	 12587.1 	  	 12587.1 	 	 12587.1 	 	 0 
104 	 1 	 163  	 12587.1 	  	 12587.1 	 	 12587.1 	 	 0 
104 	 1 	 164  	 12587.1 	  	 12587.1 	 	 12587.1 	 	 0 
104 	 1 	 165  	 12587.1 	  	 12587.1 	 	 12587.1 	 	 0 
104 	 1 	 166  	 12587.1 	  	 12587.1 	 	 12587.1 	 	 0 
104 	 1 	 167  	 12587.1 	  	 12587.1 	 	 12587.1 	 	 0 
104 	 1 	 168  	 12587.1 	  	 12587.1 	 	 12587.1 	 	 0 
104 	 1 	 169  	 12587.1 	  	 12587.1 	 	 12587.1 	 	 0 
104 	 1 	 170  	 12587.1 	  	 12587.1 	 	 12587.1 	 	 0 
104 	 1 	 171  	 12587.1 	  	 12587.1 	 	 12587.1 	 	 0 
104 	 1 	 172  	 12587.1 	  	 12587.1 	 	 12587.1 	 	 0 
104 	 1 	 173  	 12587.1 	  	 12587.1 	 	 12587.1 	 	 0 
104 	 1 	 174  	 12587.1 	  	 12587.1 	 	 12587.1 	 	 0 
104 	 1 	 175  	 12587.1 	  	 12587.1 	 	 12587.1 	 	 0 
104 	 1 	 176  	 12587.1 	  	 12587.1 	 	 12587.1 	 	 0 
104 	 1 	 177  	 12587.1 	  	 12587.1 	 	 12587.1 	 	 0 
104 	 1 	 178  	 12587.1 	  	 12587.1 	 	 12587.1 	 	 0 
104 	 1 	 179  	 12587.1 	  	 12587.1 	 	 12587.1 	 	 0 
104 	 1 	 180  	 12587.1 	  	 12587.1 	 	 12587.1 	 	 0 
104 	 1 	 181  	 12587.1 	  	 12587.1 	 	 12587.1 	 	 0 
104 	 1 	 182  	 12587.1 	  	 12587.1 	 	 12587.1 	 	 0 
104 	 1 	 183  	 12587.1 	  	 12587.1 	 	 12587.1 	 	 0 
104 	 1 	 184  	 12587.1 	  	 12587.1 	 	 12587.1 	 	 0 
104 	 1 	 185  	 12587.1 	  	 12587.1 	 	 12587.1 	 	 0 
104 	 1 	 186  	 12587.1 	  	 12587.1 	 	 12587.1 	 	 0 
104 	 1 	 187  	 12587.1 	  	 12587.1 	 	 12587.1 	 	 0 
104 	 1 	 188  	 12587.1 	  	 12587.1 	 	 12587.1 	 	 0 
104 	 1 	 189  	 12587.1 	  	 12587.1 	 	 12587.1 	 	 0 
104 	 1 	 190  	 12587.1 	  	 12587.1 	 	 12587.1 	 	 0 
104 	 1 	 191  	 12587.1 	  	 12587.1 	 	 12587.1 	 	 0 
104 	 1 	 192  	 12587.1 	  	 12587.1 	 	 12587.1 	 	 0 
104 	 1 	 193  	 12587.1 	  	 12587.1 	 	 12587.1 	 	 0 
104 	 1 	 194  	 12587.1 	  	 12587.1 	 	 12587.1 	 	 0 
104 	 1 	 195  	 12587.1 	  	 12587.1 	 	 12587.1 	 	 0 
104 	 1 	 196  	 12587.1 	  	 12587.1 	 	 12587.1 	 	 0 
104 	 1 	 197  	 12587.1 	  	 12587.1 	 	 12587.1 	 	 0 
104 	 1 	 198  	 12587.1 	  	 12587.1 	 	 12587.1 	 	 0 
104 	 1 	 199  	 12587.1 	  	 12587.1 	 	 12587.1 	 	 0 
104 	 1 	 200  	 12587.1 	  	 12587.1 	 	 12587.1 	 	 0 
104 	 1 	 201  	 12587.1 	  	 12587.1 	 	 12587.1 	 	 0 
104 	 1 	 202  	 12587.1 	  	 12587.1 	 	 12587.1 	 	 0 
104 	 1 	 203  	 12587.1 	  	 12587.1 	 	 12587.1 	 	 0 
104 	 1 	 204  	 12587.1 	  	 12587.1 	 	 12587.1 	 	 0 
104 	 1 	 205  	 12587.1 	  	 12587.1 	 	 12587.1 	 	 0 
104 	 1 	 206  	 12587.1 	  	 12587.1 	 	 12587.1 	 	 0 
104 	 1 	 207  	 12587.1 	  	 12587.1 	 	 12587.1 	 	 0 
104 	 1 	 208  	 12587.1 	  	 12587.1 	 	 12587.1 	 	 0 
104 	 1 	 209  	 12587.1 	  	 12587.1 	 	 12587.1 	 	 0 
104 	 1 	 210  	 12587.1 	  	 12587.1 	 	 12587.1 	 	 0 
104 	 1 	 211  	 12587.1 	  	 12587.1 	 	 12587.1 	 	 0 
104 	 1 	 212  	 12587.1 	  	 12587.1 	 	 12587.1 	 	 0 
104 	 1 	 213  	 12587.1 	  	 12587.1 	 	 12587.1 	 	 0 
104 	 1 	 214  	 12587.1 	  	 12587.1 	 	 12587.1 	 	 0 
104 	 1 	 215  	 12587.1 	  	 12587.1 	 	 12587.1 	 	 0 
104 	 1 	 216  	 12587.1 	  	 12587.1 	 	 12587.1 	 	 0 
104 	 1 	 217  	 12587.1 	  	 12587.1 	 	 12587.1 	 	 0 
104 	 1 	 218  	 12587.1 	  	 12587.1 	 	 12587.1 	 	 0 
104 	 1 	 219  	 12587.1 	  	 12587.1 	 	 12587.1 	 	 0 
104 	 1 	 220  	 12587.1 	  	 12587.1 	 	 12587.1 	 	 0 
104 	 1 	 221  	 12587.1 	  	 12587.1 	 	 12587.1 	 	 0 
104 	 1 	 222  	 12587.1 	  	 12587.1 	 	 12587.1 	 	 0 
104 	 1 	 223  	 12587.1 	  	 12587.1 	 	 12587.1 	 	 0 
104 	 1 	 224  	 12587.1 	  	 12587.1 	 	 12587.1 	 	 0 
104 	 1 	 225  	 12587.1 	  	 12587.1 	 	 12587.1 	 	 0 
104 	 1 	 226  	 12587.1 	  	 12587.1 	 	 12587.1 	 	 0 
104 	 1 	 227  	 12587.1 	  	 12587.1 	 	 12587.1 	 	 0 
104 	 1 	 228  	 12587.1 	  	 12587.1 	 	 12587.1 	 	 0 
104 	 1 	 229  	 12587.1 	  	 12587.1 	 	 12587.1 	 	 0 
104 	 1 	 230  	 12587.1 	  	 12587.1 	 	 12587.1 	 	 0 
104 	 1 	 231  	 12587.1 	  	 12587.1 	 	 12587.1 	 	 0 
104 	 1 	 232  	 12587.1 	  	 12587.1 	 	 12587.1 	 	 0 
104 	 1 	 233  	 12587.1 	  	 12587.1 	 	 12587.1 	 	 0 
104 	 1 	 234  	 12587.1 	  	 12587.1 	 	 12587.1 	 	 0 
104 	 1 	 235  	 12587.1 	  	 12587.1 	 	 12587.1 	 	 0 
104 	 1 	 236  	 12587.1 	  	 12587.1 	 	 12587.1 	 	 0 
104 	 1 	 237  	 12587.1 	  	 12587.1 	 	 12587.1 	 	 0 
104 	 1 	 238  	 12587.1 	  	 12587.1 	 	 12587.1 	 	 0 
104 	 1 	 239  	 12587.1 	  	 12587.1 	 	 12587.1 	 	 0 
104 	 1 	 240  	 12587.1 	  	 12587.1 	 	 12587.1 	 	 0 
104 	 1 	 241  	 12587.1 	  	 12587.1 	 	 12587.1 	 	 0 
104 	 1 	 242  	 12587.1 	  	 12587.1 	 	 12587.1 	 	 0 
104 	 1 	 243  	 12587.1 	  	 12587.1 	 	 12587.1 	 	 0 
104 	 1 	 244  	 12587.1 	  	 12587.1 	 	 12587.1 	 	 0 
104 	 1 	 245  	 12587.1 	  	 12587.1 	 	 12587.1 	 	 0 
104 	 1 	 246  	 12587.1 	  	 12587.1 	 	 12587.1 	 	 0 
104 	 1 	 247  	 12587.1 	  	 12587.1 	 	 12587.1 	 	 0 
104 	 1 	 248  	 12587.1 	  	 12587.1 	 	 12587.1 	 	 0 
104 	 1 	 249  	 12587.1 	  	 12587.1 	 	 12587.1 	 	 0 
104 	 1 	 250  	 12587.1 	  	 12587.1 	 	 12587.1 	 	 0 
104 	 1 	 251  	 12587.1 	  	 12587.1 	 	 12587.1 	 	 0 
104 	 1 	 252  	 12587.1 	  	 12587.1 	 	 12587.1 	 	 0 
104 	 1 	 253  	 12587.1 	  	 12587.1 	 	 12587.1 	 	 0 
104 	 1 	 254  	 12587.1 	  	 12587.1 	 	 12587.1 	 	 0 
104 	 1 	 255  	 12587.1 	  	 12587.1 	 	 12587.1 	 	 0 
104 	 1 	 256  	 12587.1 	  	 12587.1 	 	 12587.1 	 	 0 
104 	 1 	 257  	 12587.1 	  	 12587.1 	 	 12587.1 	 	 0 
104 	 1 	 258  	 12587.1 	  	 12587.1 	 	 12587.1 	 	 0 
104 	 1 	 259  	 12587.1 	  	 12587.1 	 	 12587.1 	 	 0 
104 	 1 	 260  	 12587.1 	  	 12587.1 	 	 12587.1 	 	 0 
104 	 1 	 261  	 12587.1 	  	 12587.1 	 	 12587.1 	 	 0 
104 	 1 	 262  	 12587.1 	  	 12587.1 	 	 12587.1 	 	 0 
104 	 1 	 263  	 12587.1 	  	 12587.1 	 	 12587.1 	 	 0 
104 	 1 	 264  	 12587.1 	  	 12587.1 	 	 12587.1 	 	 0 
104 	 1 	 265  	 12587.1 	  	 12587.1 	 	 12587.1 	 	 0 
104 	 1 	 266  	 12587.1 	  	 12587.1 	 	 12587.1 	 	 0 
104 	 1 	 267  	 12587.1 	  	 12587.1 	 	 12587.1 	 	 0 
104 	 1 	 268  	 12587.1 	  	 12587.1 	 	 12587.1 	 	 0 
104 	 1 	 269  	 12587.1 	  	 12587.1 	 	 12587.1 	 	 0 
104 	 1 	 270  	 12587.1 	  	 12587.1 	 	 12587.1 	 	 0 
104 	 1 	 271  	 12587.1 	  	 12587.1 	 	 12587.1 	 	 0 
104 	 1 	 272  	 12587.1 	  	 12587.1 	 	 12587.1 	 	 0 
104 	 1 	 273  	 12587.1 	  	 12587.1 	 	 12587.1 	 	 0 
104 	 1 	 274  	 12587.1 	  	 12587.1 	 	 12587.1 	 	 0 
104 	 1 	 275  	 12587.1 	  	 12587.1 	 	 12587.1 	 	 0 
104 	 1 	 276  	 12587.1 	  	 12587.1 	 	 12587.1 	 	 0 
104 	 1 	 277  	 12587.1 	  	 12587.1 	 	 12587.1 	 	 0 
104 	 1 	 278  	 12587.1 	  	 12587.1 	 	 12587.1 	 	 0 
104 	 1 	 279  	 12587.1 	  	 12587.1 	 	 12587.1 	 	 0 
104 	 1 	 280  	 12587.1 	  	 12587.1 	 	 12587.1 	 	 0 
104 	 1 	 281  	 12587.1 	  	 12587.1 	 	 12587.1 	 	 0 
104 	 1 	 282  	 12587.1 	  	 12587.1 	 	 12587.1 	 	 0 
104 	 1 	 283  	 12587.1 	  	 12587.1 	 	 12587.1 	 	 0 
104 	 1 	 284  	 12587.1 	  	 12587.1 	 	 12587.1 	 	 0 
104 	 1 	 285  	 12587.1 	  	 12587.1 	 	 12587.1 	 	 0 
104 	 1 	 286  	 12587.1 	  	 12587.1 	 	 12587.1 	 	 0 
104 	 1 	 287  	 12587.1 	  	 12587.1 	 	 12587.1 	 	 0 
104 	 1 	 288  	 12587.1 	  	 12587.1 	 	 12587.1 	 	 0 
104 	 1 	 289  	 12587.1 	  	 12587.1 	 	 12587.1 	 	 0 
104 	 1 	 290  	 12587.1 	  	 12587.1 	 	 12587.1 	 	 0 
104 	 1 	 291  	 12587.1 	  	 12587.1 	 	 12587.1 	 	 0 
104 	 1 	 292  	 12587.1 	  	 12587.1 	 	 12587.1 	 	 0 
104 	 1 	 293  	 12587.1 	  	 12587.1 	 	 12587.1 	 	 0 
104 	 1 	 294  	 12587.1 	  	 12587.1 	 	 12587.1 	 	 0 
104 	 1 	 295  	 12587.1 	  	 12587.1 	 	 12587.1 	 	 0 
104 	 1 	 296  	 12587.1 	  	 12587.1 	 	 12587.1 	 	 0 
104 	 1 	 297  	 12587.1 	  	 12587.1 	 	 12587.1 	 	 0 
104 	 1 	 298  	 12587.1 	  	 12587.1 	 	 12587.1 	 	 0 
104 	 1 	 299  	 12587.1 	  	 12587.1 	 	 12587.1 	 	 0 
104 	 1 	 300  	 12587.1 	  	 12587.1 	 	 12587.1 	 	 0 
104 	 1 	 301  	 12587.1 	  	 12587.1 	 	 12587.1 	 	 0 
104 	 1 	 302  	 12587.1 	  	 12587.1 	 	 12587.1 	 	 0 
104 	 1 	 303  	 12587.1 	  	 12587.1 	 	 12587.1 	 	 0 
104 	 1 	 304  	 12587.1 	  	 12587.1 	 	 12587.1 	 	 0 
104 	 1 	 305  	 12587.1 	  	 12587.1 	 	 12587.1 	 	 0 
104 	 1 	 306  	 12587.1 	  	 12587.1 	 	 12587.1 	 	 0 
104 	 1 	 307  	 12587.1 	  	 12587.1 	 	 12587.1 	 	 0 
104 	 1 	 308  	 12587.1 	  	 12587.1 	 	 12587.1 	 	 0 
104 	 1 	 309  	 12587.1 	  	 12587.1 	 	 12587.1 	 	 0 
104 	 1 	 310  	 12587.1 	  	 12587.1 	 	 12587.1 	 	 0 
104 	 1 	 311  	 12587.1 	  	 12587.1 	 	 12587.1 	 	 0 
104 	 1 	 312  	 12587.1 	  	 12587.1 	 	 12587.1 	 	 0 
104 	 1 	 313  	 12587.1 	  	 12587.1 	 	 12587.1 	 	 0 
104 	 1 	 314  	 12587.1 	  	 12587.1 	 	 12587.1 	 	 0 
104 	 1 	 315  	 12587.1 	  	 12587.1 	 	 12587.1 	 	 0 
104 	 1 	 316  	 12587.1 	  	 12587.1 	 	 12587.1 	 	 0 
104 	 1 	 317  	 12587.1 	  	 12587.1 	 	 12587.1 	 	 0 
104 	 1 	 318  	 12587.1 	  	 12587.1 	 	 12587.1 	 	 0 
104 	 1 	 319  	 12587.1 	  	 12587.1 	 	 12587.1 	 	 0 
104 	 1 	 320  	 12587.1 	  	 12587.1 	 	 12587.1 	 	 0 
104 	 1 	 321  	 12587.1 	  	 12587.1 	 	 12587.1 	 	 0 
104 	 1 	 322  	 12587.1 	  	 12587.1 	 	 12587.1 	 	 0 
104 	 1 	 323  	 12587.1 	  	 12587.1 	 	 12587.1 	 	 0 
104 	 1 	 324  	 12587.1 	  	 12587.1 	 	 12587.1 	 	 0 
104 	 1 	 325  	 12587.1 	  	 12587.1 	 	 12587.1 	 	 0 
104 	 1 	 326  	 12587.1 	  	 12587.1 	 	 12587.1 	 	 0 
104 	 1 	 327  	 12587.1 	  	 12587.1 	 	 12587.1 	 	 0 
104 	 1 	 328  	 12587.1 	  	 12587.1 	 	 12587.1 	 	 0 
104 	 1 	 329  	 12587.1 	  	 12587.1 	 	 12587.1 	 	 0 
104 	 1 	 330  	 12587.1 	  	 12587.1 	 	 12587.1 	 	 0 
104 	 1 	 331  	 12587.1 	  	 12587.1 	 	 12587.1 	 	 0 
104 	 1 	 332  	 12587.1 	  	 12587.1 	 	 12587.1 	 	 0 
104 	 1 	 333  	 12587.1 	  	 12587.1 	 	 12587.1 	 	 0 
104 	 1 	 334  	 12587.1 	  	 12587.1 	 	 12587.1 	 	 0 
104 	 1 	 335  	 12587.1 	  	 12587.1 	 	 12587.1 	 	 0 
104 	 1 	 336  	 12587.1 	  	 12587.1 	 	 12587.1 	 	 0 
104 	 1 	 337  	 12587.1 	  	 12587.1 	 	 12587.1 	 	 0 
104 	 1 	 338  	 12587.1 	  	 12587.1 	 	 12587.1 	 	 0 
104 	 1 	 339  	 12587.1 	  	 12587.1 	 	 12587.1 	 	 0 
104 	 1 	 340  	 12587.1 	  	 12587.1 	 	 12587.1 	 	 0 
104 	 1 	 341  	 12587.1 	  	 12587.1 	 	 12587.1 	 	 0 
104 	 1 	 342  	 12587.1 	  	 12587.1 	 	 12587.1 	 	 0 
104 	 1 	 343  	 12587.1 	  	 12587.1 	 	 12587.1 	 	 0 
104 	 1 	 344  	 12587.1 	  	 12587.1 	 	 12587.1 	 	 0 
104 	 1 	 345  	 12587.1 	  	 12587.1 	 	 12587.1 	 	 0 
104 	 1 	 346  	 12587.1 	  	 12587.1 	 	 12587.1 	 	 0 
104 	 1 	 347  	 12587.1 	  	 12587.1 	 	 12587.1 	 	 0 
104 	 1 	 348  	 12587.1 	  	 12587.1 	 	 12587.1 	 	 0 
104 	 1 	 349  	 12587.1 	  	 12587.1 	 	 12587.1 	 	 0 
104 	 1 	 350  	 12587.1 	  	 12587.1 	 	 12587.1 	 	 0 
104 	 1 	 351  	 12587.1 	  	 12587.1 	 	 12587.1 	 	 0 
104 	 1 	 352  	 12587.1 	  	 12587.1 	 	 12587.1 	 	 0 
104 	 1 	 353  	 12587.1 	  	 12587.1 	 	 12587.1 	 	 0 
104 	 1 	 354  	 12587.1 	  	 12587.1 	 	 12587.1 	 	 0 
104 	 1 	 355  	 12587.1 	  	 12587.1 	 	 12587.1 	 	 0 
104 	 1 	 356  	 12587.1 	  	 12587.1 	 	 12587.1 	 	 0 
104 	 1 	 357  	 12587.1 	  	 12587.1 	 	 12587.1 	 	 0 
104 	 1 	 358  	 12587.1 	  	 12587.1 	 	 12587.1 	 	 0 
104 	 1 	 359  	 12587.1 	  	 12587.1 	 	 12587.1 	 	 0 
104 	 1 	 360  	 12587.1 	  	 12587.1 	 	 12587.1 	 	 0 
104 	 1 	 361  	 12587.1 	  	 12587.1 	 	 12587.1 	 	 0 
104 	 1 	 362  	 12587.1 	  	 12587.1 	 	 12587.1 	 	 0 
104 	 1 	 363  	 12587.1 	  	 12587.1 	 	 12587.1 	 	 0 
104 	 1 	 364  	 12587.1 	  	 12587.1 	 	 12587.1 	 	 0 
104 	 1 	 365  	 12587.1 	  	 12587.1 	 	 12587.1 	 	 0 
104 	 1 	 366  	 12587.1 	  	 12587.1 	 	 12587.1 	 	 0 
104 	 1 	 367  	 12587.1 	  	 12587.1 	 	 12587.1 	 	 0 
104 	 1 	 368  	 12587.1 	  	 12587.1 	 	 12587.1 	 	 0 
104 	 1 	 369  	 12587.1 	  	 12587.1 	 	 12587.1 	 	 0 
104 	 1 	 370  	 12587.1 	  	 12587.1 	 	 12587.1 	 	 0 
104 	 1 	 371  	 12587.1 	  	 12587.1 	 	 12587.1 	 	 0 
104 	 1 	 372  	 12587.1 	  	 12587.1 	 	 12587.1 	 	 0 
104 	 1 	 373  	 12587.1 	  	 12587.1 	 	 12587.1 	 	 0 
104 	 1 	 374  	 12587.1 	  	 12587.1 	 	 12587.1 	 	 0 
104 	 1 	 375  	 12587.1 	  	 12587.1 	 	 12587.1 	 	 0 
104 	 1 	 376  	 12587.1 	  	 12587.1 	 	 12587.1 	 	 0 
104 	 1 	 377  	 12587.1 	  	 12587.1 	 	 12587.1 	 	 0 
104 	 1 	 378  	 12587.1 	  	 12587.1 	 	 12587.1 	 	 0 
104 	 1 	 379  	 12587.1 	  	 12587.1 	 	 12587.1 	 	 0 
104 	 1 	 380  	 12587.1 	  	 12587.1 	 	 12587.1 	 	 0 
104 	 1 	 381  	 12587.1 	  	 12587.1 	 	 12587.1 	 	 0 
104 	 1 	 382  	 12587.1 	  	 12587.1 	 	 12587.1 	 	 0 
104 	 1 	 383  	 12587.1 	  	 12587.1 	 	 12587.1 	 	 0 
104 	 1 	 384  	 12587.1 	  	 12587.1 	 	 12587.1 	 	 0 
104 	 1 	 385  	 12587.1 	  	 12587.1 	 	 12587.1 	 	 0 
104 	 1 	 386  	 12587.1 	  	 12587.1 	 	 12587.1 	 	 0 
104 	 1 	 387  	 12587.1 	  	 12587.1 	 	 12587.1 	 	 0 
104 	 1 	 388  	 12587.1 	  	 12587.1 	 	 12587.1 	 	 0 
104 	 1 	 389  	 12587.1 	  	 12587.1 	 	 12587.1 	 	 0 
104 	 1 	 390  	 12587.1 	  	 12587.1 	 	 12587.1 	 	 0 
104 	 1 	 391  	 12587.1 	  	 12587.1 	 	 12587.1 	 	 0 
104 	 1 	 392  	 12587.1 	  	 12587.1 	 	 12587.1 	 	 0 
104 	 1 	 393  	 12587.1 	  	 12587.1 	 	 12587.1 	 	 0 
104 	 1 	 394  	 12587.1 	  	 12587.1 	 	 12587.1 	 	 0 
104 	 1 	 395  	 12587.1 	  	 12587.1 	 	 12587.1 	 	 0 
104 	 1 	 396  	 12587.1 	  	 12587.1 	 	 12587.1 	 	 0 
104 	 1 	 397  	 12587.1 	  	 12587.1 	 	 12587.1 	 	 0 
104 	 1 	 398  	 12587.1 	  	 12587.1 	 	 12587.1 	 	 0 
104 	 1 	 399  	 12587.1 	  	 12587.1 	 	 12587.1 	 	 0 
104 	 1 	 400  	 12587.1 	  	 12587.1 	 	 12587.1 	 	 0 
104 	 1 	 401  	 12587.1 	  	 12587.1 	 	 12587.1 	 	 0 
104 	 1 	 402  	 12587.1 	  	 12587.1 	 	 12587.1 	 	 0 
104 	 1 	 403  	 12587.1 	  	 12587.1 	 	 12587.1 	 	 0 
104 	 1 	 404  	 12587.1 	  	 12587.1 	 	 12587.1 	 	 0 
104 	 1 	 405  	 12587.1 	  	 12587.1 	 	 12587.1 	 	 0 
104 	 1 	 406  	 12587.1 	  	 12587.1 	 	 12587.1 	 	 0 
104 	 1 	 407  	 12587.1 	  	 12587.1 	 	 12587.1 	 	 0 
104 	 1 	 408  	 12587.1 	  	 12587.1 	 	 12587.1 	 	 0 
104 	 1 	 409  	 12587.1 	  	 12587.1 	 	 12587.1 	 	 0 
104 	 1 	 410  	 12587.1 	  	 12587.1 	 	 12587.1 	 	 0 
104 	 1 	 411  	 12587.1 	  	 12587.1 	 	 12587.1 	 	 0 
104 	 1 	 412  	 12587.1 	  	 12587.1 	 	 12587.1 	 	 0 
104 	 1 	 413  	 12587.1 	  	 12587.1 	 	 12587.1 	 	 0 
104 	 1 	 414  	 12587.1 	  	 12587.1 	 	 12587.1 	 	 0 
104 	 1 	 415  	 12587.1 	  	 12587.1 	 	 12587.1 	 	 0 
104 	 1 	 416  	 12587.1 	  	 12587.1 	 	 12587.1 	 	 0 
104 	 1 	 417  	 12587.1 	  	 12587.1 	 	 12587.1 	 	 0 
104 	 1 	 418  	 12587.1 	  	 12587.1 	 	 12587.1 	 	 0 
104 	 1 	 419  	 12587.1 	  	 12587.1 	 	 12587.1 	 	 0 
104 	 1 	 420  	 12587.1 	  	 12587.1 	 	 12587.1 	 	 0 
104 	 1 	 421  	 12587.1 	  	 12587.1 	 	 12587.1 	 	 0 
104 	 1 	 422  	 12587.1 	  	 12587.1 	 	 12587.1 	 	 0 
104 	 1 	 423  	 12587.1 	  	 12587.1 	 	 12587.1 	 	 0 
104 	 1 	 424  	 12587.1 	  	 12587.1 	 	 12587.1 	 	 0 
104 	 1 	 425  	 12587.1 	  	 12587.1 	 	 12587.1 	 	 0 
104 	 1 	 426  	 12587.1 	  	 12587.1 	 	 12587.1 	 	 0 
104 	 1 	 427  	 12587.1 	  	 12587.1 	 	 12587.1 	 	 0 
104 	 1 	 428  	 12587.1 	  	 12587.1 	 	 12587.1 	 	 0 
104 	 1 	 429  	 12587.1 	  	 12587.1 	 	 12587.1 	 	 0 
104 	 1 	 430  	 12587.1 	  	 12587.1 	 	 12587.1 	 	 0 
104 	 1 	 431  	 12587.1 	  	 12587.1 	 	 12587.1 	 	 0 
104 	 1 	 432  	 12587.1 	  	 12587.1 	 	 12587.1 	 	 0 
104 	 1 	 433  	 12587.1 	  	 12587.1 	 	 12587.1 	 	 0 
104 	 1 	 434  	 12587.1 	  	 12587.1 	 	 12587.1 	 	 0 
104 	 1 	 435  	 12587.1 	  	 12587.1 	 	 12587.1 	 	 0 
104 	 1 	 436  	 12587.1 	  	 12587.1 	 	 12587.1 	 	 0 
104 	 1 	 437  	 12587.1 	  	 12587.1 	 	 12587.1 	 	 0 
104 	 1 	 438  	 12587.1 	  	 12587.1 	 	 12587.1 	 	 0 
104 	 1 	 439  	 12587.1 	  	 12587.1 	 	 12587.1 	 	 0 
104 	 1 	 440  	 12587.1 	  	 12587.1 	 	 12587.1 	 	 0 
104 	 1 	 441  	 12587.1 	  	 12587.1 	 	 12587.1 	 	 0 
104 	 1 	 442  	 12587.1 	  	 12587.1 	 	 12587.1 	 	 0 
104 	 1 	 443  	 12587.1 	  	 12587.1 	 	 12587.1 	 	 0 
104 	 1 	 444  	 12587.1 	  	 12587.1 	 	 12587.1 	 	 0 
104 	 1 	 445  	 12587.1 	  	 12587.1 	 	 12587.1 	 	 0 
104 	 1 	 446  	 12587.1 	  	 12587.1 	 	 12587.1 	 	 0 
104 	 1 	 447  	 12587.1 	  	 12587.1 	 	 12587.1 	 	 0 
104 	 1 	 448  	 12587.1 	  	 12587.1 	 	 12587.1 	 	 0 
104 	 1 	 449  	 12587.1 	  	 12587.1 	 	 12587.1 	 	 0 
104 	 1 	 450  	 12587.1 	  	 12587.1 	 	 12587.1 	 	 0 
104 	 1 	 451  	 12587.1 	  	 12587.1 	 	 12587.1 	 	 0 
104 	 1 	 452  	 12587.1 	  	 12587.1 	 	 12587.1 	 	 0 
104 	 1 	 453  	 12587.1 	  	 12587.1 	 	 12587.1 	 	 0 
104 	 1 	 454  	 12587.1 	  	 12587.1 	 	 12587.1 	 	 0 
104 	 1 	 455  	 12587.1 	  	 12587.1 	 	 12587.1 	 	 0 
104 	 1 	 456  	 12587.1 	  	 12587.1 	 	 12587.1 	 	 0 
104 	 1 	 457  	 12587.1 	  	 12587.1 	 	 12587.1 	 	 0 
104 	 1 	 458  	 12587.1 	  	 12587.1 	 	 12587.1 	 	 0 
104 	 1 	 459  	 12587.1 	  	 12587.1 	 	 12587.1 	 	 0 
104 	 1 	 460  	 12587.1 	  	 12587.1 	 	 12587.1 	 	 0 
104 	 1 	 461  	 12587.1 	  	 12587.1 	 	 12587.1 	 	 0 
104 	 1 	 462  	 12587.1 	  	 12587.1 	 	 12587.1 	 	 0 
104 	 1 	 463  	 12587.1 	  	 12587.1 	 	 12587.1 	 	 0 
104 	 1 	 464  	 12587.1 	  	 12587.1 	 	 12587.1 	 	 0 
104 	 1 	 465  	 12587.1 	  	 12587.1 	 	 12587.1 	 	 0 
104 	 1 	 466  	 12587.1 	  	 12587.1 	 	 12587.1 	 	 0 
104 	 1 	 467  	 12587.1 	  	 12587.1 	 	 12587.1 	 	 0 
104 	 1 	 468  	 12587.1 	  	 12587.1 	 	 12587.1 	 	 0 
104 	 1 	 469  	 12587.1 	  	 12587.1 	 	 12587.1 	 	 0 
104 	 1 	 470  	 12587.1 	  	 12587.1 	 	 12587.1 	 	 0 
104 	 1 	 471  	 12587.1 	  	 12587.1 	 	 12587.1 	 	 0 
104 	 1 	 472  	 12587.1 	  	 12587.1 	 	 12587.1 	 	 0 
104 	 1 	 473  	 12587.1 	  	 12587.1 	 	 12587.1 	 	 0 
104 	 1 	 474  	 12587.1 	  	 12587.1 	 	 12587.1 	 	 0 
104 	 1 	 475  	 12587.1 	  	 12587.1 	 	 12587.1 	 	 0 
104 	 1 	 476  	 12587.1 	  	 12587.1 	 	 12587.1 	 	 0 
104 	 1 	 477  	 12587.1 	  	 12587.1 	 	 12587.1 	 	 0 
104 	 1 	 478  	 12587.1 	  	 12587.1 	 	 12587.1 	 	 0 
104 	 1 	 479  	 12587.1 	  	 12587.1 	 	 12587.1 	 	 0 
104 	 1 	 480  	 12587.1 	  	 12587.1 	 	 12587.1 	 	 0 
104 	 1 	 481  	 12587.1 	  	 12587.1 	 	 12587.1 	 	 0 
104 	 1 	 482  	 12587.1 	  	 12587.1 	 	 12587.1 	 	 0 
104 	 1 	 483  	 12587.1 	  	 12587.1 	 	 12587.1 	 	 0 
104 	 1 	 484  	 12587.1 	  	 12587.1 	 	 12587.1 	 	 0 
104 	 1 	 485  	 12587.1 	  	 12587.1 	 	 12587.1 	 	 0 
104 	 1 	 486  	 12587.1 	  	 12587.1 	 	 12587.1 	 	 0 
104 	 1 	 487  	 12587.1 	  	 12587.1 	 	 12587.1 	 	 0 
104 	 1 	 488  	 12587.1 	  	 12587.1 	 	 12587.1 	 	 0 
104 	 1 	 489  	 12587.1 	  	 12587.1 	 	 12587.1 	 	 0 
104 	 1 	 490  	 12587.1 	  	 12587.1 	 	 12587.1 	 	 0 
104 	 1 	 491  	 12587.1 	  	 12587.1 	 	 12587.1 	 	 0 
104 	 1 	 492  	 12587.1 	  	 12587.1 	 	 12587.1 	 	 0 
104 	 1 	 493  	 12587.1 	  	 12587.1 	 	 12587.1 	 	 0 
104 	 1 	 494  	 12587.1 	  	 12587.1 	 	 12587.1 	 	 0 
104 	 1 	 495  	 12587.1 	  	 12587.1 	 	 12587.1 	 	 0 
104 	 1 	 496  	 12587.1 	  	 12587.1 	 	 12587.1 	 	 0 
104 	 1 	 497  	 12587.1 	  	 12587.1 	 	 12587.1 	 	 0 
104 	 1 	 498  	 12587.1 	  	 12587.1 	 	 12587.1 	 	 0 
104 	 1 	 499  	 12587.1 	  	 12587.1 	 	 12587.1 	 	 0 
104 	 1 	 500  	 12587.1 	  	 12587.1 	 	 12587.1 	 	 0 
104 	 1 	 501  	 12587.1 	  	 12587.1 	 	 12587.1 	 	 0 
104 	 1 	 502  	 12587.1 	  	 12587.1 	 	 12587.1 	 	 0 
104 	 1 	 503  	 12587.1 	  	 12587.1 	 	 12587.1 	 	 0 
104 	 1 	 504  	 12587.1 	  	 12587.1 	 	 12587.1 	 	 0 
104 	 1 	 505  	 12587.1 	  	 12587.1 	 	 12587.1 	 	 0 
104 	 1 	 506  	 12587.1 	  	 12587.1 	 	 12587.1 	 	 0 
104 	 1 	 507  	 12587.1 	  	 12587.1 	 	 12587.1 	 	 0 
104 	 1 	 508  	 12587.1 	  	 12587.1 	 	 12587.1 	 	 0 
104 	 1 	 509  	 12587.1 	  	 12587.1 	 	 12587.1 	 	 0 
104 	 1 	 510  	 12587.1 	  	 12587.1 	 	 12587.1 	 	 0 
104 	 1 	 511  	 12587.1 	  	 12587.1 	 	 12587.1 	 	 0 
104 	 1 	 512  	 12587.1 	  	 12587.1 	 	 12587.1 	 	 0 
104 	 1 	 513  	 12587.1 	  	 12587.1 	 	 12587.1 	 	 0 
104 	 1 	 514  	 12587.1 	  	 12587.1 	 	 12587.1 	 	 0 
104 	 1 	 515  	 12587.1 	  	 12587.1 	 	 12587.1 	 	 0 
104 	 1 	 516  	 12587.1 	  	 12587.1 	 	 12587.1 	 	 0 
104 	 1 	 517  	 12587.1 	  	 12587.1 	 	 12587.1 	 	 0 
104 	 1 	 518  	 12587.1 	  	 12587.1 	 	 12587.1 	 	 0 
104 	 1 	 519  	 12587.1 	  	 12587.1 	 	 12587.1 	 	 0 
104 	 1 	 520  	 12587.1 	  	 12587.1 	 	 12587.1 	 	 0 
104 	 1 	 521  	 12587.1 	  	 12587.1 	 	 12587.1 	 	 0 
104 	 1 	 522  	 12587.1 	  	 12587.1 	 	 12587.1 	 	 0 
104 	 1 	 523  	 12587.1 	  	 12587.1 	 	 12587.1 	 	 0 
104 	 1 	 524  	 12587.1 	  	 12587.1 	 	 12587.1 	 	 0 
104 	 1 	 525  	 12587.1 	  	 12587.1 	 	 12587.1 	 	 0 
104 	 1 	 526  	 12587.1 	  	 12587.1 	 	 12587.1 	 	 0 
104 	 1 	 527  	 12587.1 	  	 12587.1 	 	 12587.1 	 	 0 
104 	 1 	 528  	 12587.1 	  	 12587.1 	 	 12587.1 	 	 0 
104 	 1 	 529  	 12587.1 	  	 12587.1 	 	 12587.1 	 	 0 
104 	 1 	 530  	 12587.1 	  	 12587.1 	 	 12587.1 	 	 0 
104 	 1 	 531  	 12587.1 	  	 12587.1 	 	 12587.1 	 	 0 
104 	 1 	 532  	 12587.1 	  	 12587.1 	 	 12587.1 	 	 0 
104 	 1 	 533  	 12587.1 	  	 12587.1 	 	 12587.1 	 	 0 
104 	 1 	 534  	 12587.1 	  	 12587.1 	 	 12587.1 	 	 0 
104 	 1 	 535  	 12587.1 	  	 12587.1 	 	 12587.1 	 	 0 
104 	 1 	 536  	 12587.1 	  	 12587.1 	 	 12587.1 	 	 0 
104 	 1 	 537  	 12587.1 	  	 12587.1 	 	 12587.1 	 	 0 
104 	 1 	 538  	 12587.1 	  	 12587.1 	 	 12587.1 	 	 0 
104 	 1 	 539  	 12587.1 	  	 12587.1 	 	 12587.1 	 	 0 
104 	 1 	 540  	 12587.1 	  	 12587.1 	 	 12587.1 	 	 0 
104 	 1 	 541  	 12587.1 	  	 12587.1 	 	 12587.1 	 	 0 
104 	 1 	 542  	 12587.1 	  	 12587.1 	 	 12587.1 	 	 0 
104 	 1 	 543  	 12587.1 	  	 12587.1 	 	 12587.1 	 	 0 
104 	 1 	 544  	 12587.1 	  	 12587.1 	 	 12587.1 	 	 0 
104 	 1 	 545  	 12587.1 	  	 12587.1 	 	 12587.1 	 	 0 
104 	 1 	 546  	 12587.1 	  	 12587.1 	 	 12587.1 	 	 0 
104 	 1 	 547  	 12587.1 	  	 12587.1 	 	 12587.1 	 	 0 
104 	 1 	 548  	 12587.1 	  	 12587.1 	 	 12587.1 	 	 0 
104 	 1 	 549  	 12587.1 	  	 12587.1 	 	 12587.1 	 	 0 
104 	 1 	 550  	 12587.1 	  	 12587.1 	 	 12587.1 	 	 0 
104 	 1 	 551  	 12587.1 	  	 12587.1 	 	 12587.1 	 	 0 
104 	 1 	 552  	 12587.1 	  	 12587.1 	 	 12587.1 	 	 0 
104 	 1 	 553  	 12587.1 	  	 12587.1 	 	 12587.1 	 	 0 
104 	 1 	 554  	 12587.1 	  	 12587.1 	 	 12587.1 	 	 0 
104 	 1 	 555  	 12587.1 	  	 12587.1 	 	 12587.1 	 	 0 
104 	 1 	 556  	 12587.1 	  	 12587.1 	 	 12587.1 	 	 0 
104 	 1 	 557  	 12587.1 	  	 12587.1 	 	 12587.1 	 	 0 
104 	 1 	 558  	 12587.1 	  	 12587.1 	 	 12587.1 	 	 0 
104 	 1 	 559  	 12587.1 	  	 12587.1 	 	 12587.1 	 	 0 
104 	 1 	 560  	 12587.1 	  	 12587.1 	 	 12587.1 	 	 0 
104 	 1 	 561  	 12587.1 	  	 12587.1 	 	 12587.1 	 	 0 
104 	 1 	 562  	 12587.1 	  	 12587.1 	 	 12587.1 	 	 0 
104 	 1 	 563  	 12587.1 	  	 12587.1 	 	 12587.1 	 	 0 
104 	 1 	 564  	 12587.1 	  	 12587.1 	 	 12587.1 	 	 0 
104 	 1 	 565  	 12587.1 	  	 12587.1 	 	 12587.1 	 	 0 
104 	 1 	 566  	 12587.1 	  	 12587.1 	 	 12587.1 	 	 0 
104 	 1 	 567  	 12587.1 	  	 12587.1 	 	 12587.1 	 	 0 
104 	 1 	 568  	 12587.1 	  	 12587.1 	 	 12587.1 	 	 0 
104 	 1 	 569  	 12587.1 	  	 12587.1 	 	 12587.1 	 	 0 
104 	 1 	 570  	 12587.1 	  	 12587.1 	 	 12587.1 	 	 0 
104 	 1 	 571  	 12587.1 	  	 12587.1 	 	 12587.1 	 	 0 
104 	 1 	 572  	 12587.1 	  	 12587.1 	 	 12587.1 	 	 0 
104 	 1 	 573  	 12587.1 	  	 12587.1 	 	 12587.1 	 	 0 
104 	 1 	 574  	 12587.1 	  	 12587.1 	 	 12587.1 	 	 0 
104 	 1 	 575  	 12587.1 	  	 12587.1 	 	 12587.1 	 	 0 
104 	 1 	 576  	 12587.1 	  	 12587.1 	 	 12587.1 	 	 0 
104 	 1 	 577  	 12587.1 	  	 12587.1 	 	 12587.1 	 	 0 
104 	 1 	 578  	 12587.1 	  	 12587.1 	 	 12587.1 	 	 0 
104 	 1 	 579  	 12587.1 	  	 12587.1 	 	 12587.1 	 	 0 
104 	 1 	 580  	 12587.1 	  	 12587.1 	 	 12587.1 	 	 0 
104 	 1 	 581  	 12587.1 	  	 12587.1 	 	 12587.1 	 	 0 
104 	 1 	 582  	 12587.1 	  	 12587.1 	 	 12587.1 	 	 0 
104 	 1 	 583  	 12587.1 	  	 12587.1 	 	 12587.1 	 	 0 
104 	 1 	 584  	 12587.1 	  	 12587.1 	 	 12587.1 	 	 0 
104 	 1 	 585  	 12587.1 	  	 12587.1 	 	 12587.1 	 	 0 
104 	 1 	 586  	 12587.1 	  	 12587.1 	 	 12587.1 	 	 0 
104 	 1 	 587  	 12587.1 	  	 12587.1 	 	 12587.1 	 	 0 
104 	 1 	 588  	 12587.1 	  	 12587.1 	 	 12587.1 	 	 0 
104 	 1 	 589  	 12587.1 	  	 12587.1 	 	 12587.1 	 	 0 
104 	 1 	 590  	 12587.1 	  	 12587.1 	 	 12587.1 	 	 0 
104 	 1 	 591  	 12587.1 	  	 12587.1 	 	 12587.1 	 	 0 
104 	 1 	 592  	 12587.1 	  	 12587.1 	 	 12587.1 	 	 0 
104 	 1 	 593  	 12587.1 	  	 12587.1 	 	 12587.1 	 	 0 
104 	 1 	 594  	 12587.1 	  	 12587.1 	 	 12587.1 	 	 0 
104 	 1 	 595  	 12587.1 	  	 12587.1 	 	 12587.1 	 	 0 
104 	 1 	 596  	 12587.1 	  	 12587.1 	 	 12587.1 	 	 0 
104 	 1 	 597  	 12587.1 	  	 12587.1 	 	 12587.1 	 	 0 
104 	 1 	 598  	 12587.1 	  	 12587.1 	 	 12587.1 	 	 0 
104 	 1 	 599  	 12587.1 	  	 12587.1 	 	 12587.1 	 	 0 
104 	 1 	 600  	 12587.1 	  	 12587.1 	 	 12587.1 	 	 0 
104 	 1 	 601  	 12587.1 	  	 12587.1 	 	 12587.1 	 	 0 
104 	 1 	 602  	 12587.1 	  	 12587.1 	 	 12587.1 	 	 0 
104 	 1 	 603  	 12587.1 	  	 12587.1 	 	 12587.1 	 	 0 
104 	 1 	 604  	 12587.1 	  	 12587.1 	 	 12587.1 	 	 0 
104 	 1 	 605  	 12587.1 	  	 12587.1 	 	 12587.1 	 	 0 
104 	 1 	 606  	 12587.1 	  	 12587.1 	 	 12587.1 	 	 0 
104 	 1 	 607  	 12587.1 	  	 12587.1 	 	 12587.1 	 	 0 
104 	 1 	 608  	 12587.1 	  	 12587.1 	 	 12587.1 	 	 0 
104 	 1 	 609  	 12587.1 	  	 12587.1 	 	 12587.1 	 	 0 
104 	 1 	 610  	 12587.1 	  	 12587.1 	 	 12587.1 	 	 0 
104 	 1 	 611  	 12587.1 	  	 12587.1 	 	 12587.1 	 	 0 
104 	 1 	 612  	 12587.1 	  	 12587.1 	 	 12587.1 	 	 0 
104 	 1 	 613  	 12587.1 	  	 12587.1 	 	 12587.1 	 	 0 
104 	 1 	 614  	 12587.1 	  	 12587.1 	 	 12587.1 	 	 0 
104 	 1 	 615  	 12587.1 	  	 12587.1 	 	 12587.1 	 	 0 
104 	 1 	 616  	 12587.1 	  	 12587.1 	 	 12587.1 	 	 0 
104 	 1 	 617  	 12587.1 	  	 12587.1 	 	 12587.1 	 	 0 
104 	 1 	 618  	 12587.1 	  	 12587.1 	 	 12587.1 	 	 0 
104 	 1 	 619  	 12587.1 	  	 12587.1 	 	 12587.1 	 	 0 
104 	 1 	 620  	 12587.1 	  	 12587.1 	 	 12587.1 	 	 0 
104 	 1 	 621  	 12587.1 	  	 12587.1 	 	 12587.1 	 	 0 
104 	 1 	 622  	 12587.1 	  	 12587.1 	 	 12587.1 	 	 0 
104 	 1 	 623  	 12587.1 	  	 12587.1 	 	 12587.1 	 	 0 
104 	 1 	 624  	 12587.1 	  	 12587.1 	 	 12587.1 	 	 0 
104 	 1 	 625  	 12587.1 	  	 12587.1 	 	 12587.1 	 	 0 
104 	 1 	 626  	 12587.1 	  	 12587.1 	 	 12587.1 	 	 0 
104 	 1 	 627  	 12587.1 	  	 12587.1 	 	 12587.1 	 	 0 
104 	 1 	 628  	 12587.1 	  	 12587.1 	 	 12587.1 	 	 0 
104 	 1 	 629  	 12587.1 	  	 12587.1 	 	 12587.1 	 	 0 
104 	 1 	 630  	 12587.1 	  	 12587.1 	 	 12587.1 	 	 0 
104 	 1 	 631  	 12587.1 	  	 12587.1 	 	 12587.1 	 	 0 
104 	 1 	 632  	 12587.1 	  	 12587.1 	 	 12587.1 	 	 0 
104 	 1 	 633  	 12587.1 	  	 12587.1 	 	 12587.1 	 	 0 
104 	 1 	 634  	 12587.1 	  	 12587.1 	 	 12587.1 	 	 0 
104 	 1 	 635  	 12587.1 	  	 12587.1 	 	 12587.1 	 	 0 
104 	 1 	 636  	 12587.1 	  	 12587.1 	 	 12587.1 	 	 0 
104 	 1 	 637  	 12587.1 	  	 12587.1 	 	 12587.1 	 	 0 
104 	 1 	 638  	 12587.1 	  	 12587.1 	 	 12587.1 	 	 0 
104 	 1 	 639  	 12587.1 	  	 12587.1 	 	 12587.1 	 	 0 
104 	 1 	 640  	 12587.1 	  	 12587.1 	 	 12587.1 	 	 0 
104 	 1 	 641  	 12587.1 	  	 12587.1 	 	 12587.1 	 	 0 
104 	 1 	 642  	 12587.1 	  	 12587.1 	 	 12587.1 	 	 0 
104 	 1 	 643  	 12587.1 	  	 12587.1 	 	 12587.1 	 	 0 
104 	 1 	 644  	 12587.1 	  	 12587.1 	 	 12587.1 	 	 0 
104 	 1 	 645  	 12587.1 	  	 12587.1 	 	 12587.1 	 	 0 
104 	 1 	 646  	 12587.1 	  	 12587.1 	 	 12587.1 	 	 0 
104 	 1 	 647  	 12587.1 	  	 12587.1 	 	 12587.1 	 	 0 
104 	 1 	 648  	 12587.1 	  	 12587.1 	 	 12587.1 	 	 0 
104 	 1 	 649  	 12587.1 	  	 12587.1 	 	 12587.1 	 	 0 
104 	 1 	 650  	 12587.1 	  	 12587.1 	 	 12587.1 	 	 0 
104 	 1 	 651  	 12587.1 	  	 12587.1 	 	 12587.1 	 	 0 
104 	 1 	 652  	 12587.1 	  	 12587.1 	 	 12587.1 	 	 0 
104 	 1 	 653  	 12587.1 	  	 12587.1 	 	 12587.1 	 	 0 
104 	 1 	 654  	 12587.1 	  	 12587.1 	 	 12587.1 	 	 0 
104 	 1 	 655  	 12587.1 	  	 12587.1 	 	 12587.1 	 	 0 
104 	 1 	 656  	 12587.1 	  	 12587.1 	 	 12587.1 	 	 0 
104 	 1 	 657  	 12587.1 	  	 12587.1 	 	 12587.1 	 	 0 
104 	 1 	 658  	 12587.1 	  	 12587.1 	 	 12587.1 	 	 0 
104 	 1 	 659  	 12587.1 	  	 12587.1 	 	 12587.1 	 	 0 
104 	 1 	 660  	 12587.1 	  	 12587.1 	 	 12587.1 	 	 0 
104 	 1 	 661  	 12587.1 	  	 12587.1 	 	 12587.1 	 	 0 
104 	 1 	 662  	 12587.1 	  	 12587.1 	 	 12587.1 	 	 0 
104 	 1 	 663  	 12587.1 	  	 12587.1 	 	 12587.1 	 	 0 
104 	 1 	 664  	 12587.1 	  	 12587.1 	 	 12587.1 	 	 0 
104 	 1 	 665  	 12587.1 	  	 12587.1 	 	 12587.1 	 	 0 
104 	 1 	 666  	 12587.1 	  	 12587.1 	 	 12587.1 	 	 0 
104 	 1 	 667  	 12587.1 	  	 12587.1 	 	 12587.1 	 	 0 
104 	 1 	 668  	 12587.1 	  	 12587.1 	 	 12587.1 	 	 0 
104 	 1 	 669  	 12587.1 	  	 12587.1 	 	 12587.1 	 	 0 
104 	 1 	 670  	 12587.1 	  	 12587.1 	 	 12587.1 	 	 0 
104 	 1 	 671  	 12587.1 	  	 12587.1 	 	 12587.1 	 	 0 
104 	 1 	 672  	 12587.1 	  	 12587.1 	 	 12587.1 	 	 0 
104 	 1 	 673  	 12587.1 	  	 12587.1 	 	 12587.1 	 	 0 
104 	 1 	 674  	 12587.1 	  	 12587.1 	 	 12587.1 	 	 0 
104 	 1 	 675  	 12587.1 	  	 12587.1 	 	 12587.1 	 	 0 
104 	 1 	 676  	 12587.1 	  	 12587.1 	 	 12587.1 	 	 0 
104 	 1 	 677  	 12587.1 	  	 12587.1 	 	 12587.1 	 	 0 
104 	 1 	 678  	 12587.1 	  	 12587.1 	 	 12587.1 	 	 0 
104 	 1 	 679  	 12587.1 	  	 12587.1 	 	 12587.1 	 	 0 
104 	 1 	 680  	 12587.1 	  	 12587.1 	 	 12587.1 	 	 0 
104 	 1 	 681  	 12587.1 	  	 12587.1 	 	 12587.1 	 	 0 
104 	 1 	 682  	 12587.1 	  	 12587.1 	 	 12587.1 	 	 0 
104 	 1 	 683  	 12587.1 	  	 12587.1 	 	 12587.1 	 	 0 
104 	 1 	 684  	 12587.1 	  	 12587.1 	 	 12587.1 	 	 0 
104 	 1 	 685  	 12587.1 	  	 12587.1 	 	 12587.1 	 	 0 
104 	 1 	 686  	 12587.1 	  	 12587.1 	 	 12587.1 	 	 0 
104 	 1 	 687  	 12587.1 	  	 12587.1 	 	 12587.1 	 	 0 
104 	 1 	 688  	 12587.1 	  	 12587.1 	 	 12587.1 	 	 0 
104 	 1 	 689  	 12587.1 	  	 12587.1 	 	 12587.1 	 	 0 
104 	 1 	 690  	 12587.1 	  	 12587.1 	 	 12587.1 	 	 0 
104 	 1 	 691  	 12587.1 	  	 12587.1 	 	 12587.1 	 	 0 
104 	 1 	 692  	 12587.1 	  	 12587.1 	 	 12587.1 	 	 0 
104 	 1 	 693  	 12587.1 	  	 12587.1 	 	 12587.1 	 	 0 
104 	 1 	 694  	 12587.1 	  	 12587.1 	 	 12587.1 	 	 0 
104 	 1 	 695  	 12587.1 	  	 12587.1 	 	 12587.1 	 	 0 
104 	 1 	 696  	 12587.1 	  	 12587.1 	 	 12587.1 	 	 0 
104 	 1 	 697  	 12587.1 	  	 12587.1 	 	 12587.1 	 	 0 
104 	 1 	 698  	 12587.1 	  	 12587.1 	 	 12587.1 	 	 0 
104 	 1 	 699  	 12587.1 	  	 12587.1 	 	 12587.1 	 	 0 
104 	 1 	 700  	 12587.1 	  	 12587.1 	 	 12587.1 	 	 0 
104 	 1 	 701  	 12587.1 	  	 12587.1 	 	 12587.1 	 	 0 
104 	 1 	 702  	 12587.1 	  	 12587.1 	 	 12587.1 	 	 0 
104 	 1 	 703  	 12587.1 	  	 12587.1 	 	 12587.1 	 	 0 
104 	 1 	 704  	 12587.1 	  	 12587.1 	 	 12587.1 	 	 0 
104 	 1 	 705  	 12587.1 	  	 12587.1 	 	 12587.1 	 	 0 
104 	 1 	 706  	 12587.1 	  	 12587.1 	 	 12587.1 	 	 0 
104 	 1 	 707  	 12587.1 	  	 12587.1 	 	 12587.1 	 	 0 
104 	 1 	 708  	 12587.1 	  	 12587.1 	 	 12587.1 	 	 0 
104 	 1 	 709  	 12587.1 	  	 12587.1 	 	 12587.1 	 	 0 
104 	 1 	 710  	 12587.1 	  	 12587.1 	 	 12587.1 	 	 0 
104 	 1 	 711  	 12587.1 	  	 12587.1 	 	 12587.1 	 	 0 
104 	 1 	 712  	 12587.1 	  	 12587.1 	 	 12587.1 	 	 0 
104 	 1 	 713  	 12587.1 	  	 12587.1 	 	 12587.1 	 	 0 
104 	 1 	 714  	 12587.1 	  	 12587.1 	 	 12587.1 	 	 0 
104 	 1 	 715  	 12587.1 	  	 12587.1 	 	 12587.1 	 	 0 
104 	 1 	 716  	 12587.1 	  	 12587.1 	 	 12587.1 	 	 0 
104 	 1 	 717  	 12587.1 	  	 12587.1 	 	 12587.1 	 	 0 
104 	 1 	 718  	 12587.1 	  	 12587.1 	 	 12587.1 	 	 0 
104 	 1 	 719  	 12587.1 	  	 12587.1 	 	 12587.1 	 	 0 
104 	 1 	 720  	 12587.1 	  	 12587.1 	 	 12587.1 	 	 0 
104 	 1 	 721  	 12587.1 	  	 12587.1 	 	 12587.1 	 	 0 
104 	 1 	 722  	 12587.1 	  	 12587.1 	 	 12587.1 	 	 0 
104 	 1 	 723  	 12587.1 	  	 12587.1 	 	 12587.1 	 	 0 
104 	 1 	 724  	 12587.1 	  	 12587.1 	 	 12587.1 	 	 0 
104 	 1 	 725  	 12587.1 	  	 12587.1 	 	 12587.1 	 	 0 
104 	 1 	 726  	 12587.1 	  	 12587.1 	 	 12587.1 	 	 0 
104 	 1 	 727  	 12587.1 	  	 12587.1 	 	 12587.1 	 	 0 
104 	 1 	 728  	 12587.1 	  	 12587.1 	 	 12587.1 	 	 0 
