1 	 1 	 7034.042775 	 7034.042775 	  0.042254  
2 	 1 	 17230.096197 	 17230.096197 	  0.375000  
3 	 1 	 176264.445897 	 176264.445897 	  0.608696  
4 	 1 	 260158.394599 	 260158.394599 	  0.307692  
5 	 1 	 133476.996894 	 133476.996894 	  0.375000  
6 	 1 	 60059.143727 	 60059.143727 	  0.481481  
7 	 1 	 126232.444890 	 126232.444890 	  0.535714  
1 	 2 	 12272.550520 	 12272.550520 	  0.042254  
2 	 2 	 17244.884428 	 17244.884428 	  0.375000  
3 	 2 	 177996.088065 	 177996.088065 	  0.608696  
4 	 2 	 260219.431907 	 260219.431907 	  0.307692  
5 	 2 	 133571.738320 	 133571.738320 	  0.375000  
6 	 2 	 60059.143727 	 60059.143727 	  0.481481  
7 	 2 	 126232.444890 	 126232.444890 	  0.535714  
1 	 3 	 12587.113475 	 12587.113475 	  0.042254  
2 	 3 	 17677.192208 	 17677.192208 	  0.375000  
3 	 3 	 178872.414707 	 178872.414707 	  0.608696  
4 	 3 	 299342.905390 	 299342.905390 	  0.307692  
5 	 3 	 135806.880398 	 135806.880398 	  0.375000  
6 	 3 	 80952.004700 	 80952.004700 	  0.481481  
7 	 3 	 126324.803594 	 126324.803594 	  0.535714  
1 	 4 	 12587.113475 	 12587.113475 	  0.042254  
2 	 4 	 17698.746996 	 17698.746996 	  0.375000  
3 	 4 	 178872.414707 	 178872.414707 	  0.608696  
4 	 4 	 299342.905390 	 299342.905390 	  0.307692  
5 	 4 	 135806.880398 	 135806.880398 	  0.375000  
6 	 4 	 80952.004700 	 80952.004700 	  0.481481  
7 	 4 	 126324.803594 	 126324.803594 	  0.535714  
1 	 5 	 12587.113475 	 12587.113475 	  0.042254  
2 	 5 	 17698.746996 	 17698.746996 	  0.375000  
3 	 5 	 178872.414707 	 178872.414707 	  0.608696  
4 	 5 	 299342.905390 	 299342.905390 	  0.307692  
5 	 5 	 135806.880398 	 135806.880398 	  0.375000  
6 	 5 	 80952.004700 	 80952.004700 	  0.481481  
7 	 5 	 126324.803594 	 126324.803594 	  0.535714  
1 	 6 	 12587.113475 	 12587.113475 	  0.042254  
2 	 6 	 17698.746996 	 17698.746996 	  0.375000  
3 	 6 	 178872.414707 	 178872.414707 	  0.608696  
4 	 6 	 299342.905390 	 299342.905390 	  0.307692  
5 	 6 	 135806.880398 	 135806.880398 	  0.375000  
6 	 6 	 80952.004700 	 80952.004700 	  0.481481  
7 	 6 	 126324.803594 	 126324.803594 	  0.535714  
1 	 7 	 12587.113475 	 12587.113475 	  0.042254  
2 	 7 	 17698.746996 	 17698.746996 	  0.375000  
3 	 7 	 178872.414707 	 178872.414707 	  0.608696  
4 	 7 	 299342.905390 	 299342.905390 	  0.307692  
5 	 7 	 135806.880398 	 135806.880398 	  0.375000  
6 	 7 	 80952.004700 	 80952.004700 	  0.481481  
7 	 7 	 126324.803594 	 126324.803594 	  0.535714  
1 	 8 	 12587.113475 	 12587.113475 	  0.042254  
2 	 8 	 17698.746996 	 17698.746996 	  0.375000  
3 	 8 	 178872.414707 	 178872.414707 	  0.608696  
4 	 8 	 299342.905390 	 299342.905390 	  0.307692  
5 	 8 	 135806.880398 	 135806.880398 	  0.375000  
6 	 8 	 80952.004700 	 80952.004700 	  0.481481  
7 	 8 	 126324.803594 	 126324.803594 	  0.535714  
1 	 9 	 12587.113475 	 12587.113475 	  0.042254  
2 	 9 	 17698.746996 	 17698.746996 	  0.375000  
3 	 9 	 178872.414707 	 178872.414707 	  0.608696  
4 	 9 	 299342.905390 	 299342.905390 	  0.307692  
5 	 9 	 135806.880398 	 135806.880398 	  0.375000  
6 	 9 	 80952.004700 	 80952.004700 	  0.481481  
7 	 9 	 126324.803594 	 126324.803594 	  0.535714  
1 	 10 	 12587.113475 	 12587.113475 	  0.042254  
2 	 10 	 17698.746996 	 17698.746996 	  0.375000  
3 	 10 	 178872.414707 	 178872.414707 	  0.608696  
4 	 10 	 299342.905390 	 299342.905390 	  0.307692  
5 	 10 	 135806.880398 	 135806.880398 	  0.375000  
6 	 10 	 80952.004700 	 80952.004700 	  0.481481  
7 	 10 	 126324.803594 	 126324.803594 	  0.535714  
1 	 11 	 12587.113475 	 12587.113475 	  0.042254  
2 	 11 	 17698.746996 	 17698.746996 	  0.375000  
3 	 11 	 178872.414707 	 178872.414707 	  0.608696  
4 	 11 	 299342.905390 	 299342.905390 	  0.307692  
5 	 11 	 135806.880398 	 135806.880398 	  0.375000  
6 	 11 	 80952.004700 	 80952.004700 	  0.481481  
7 	 11 	 126324.803594 	 126324.803594 	  0.535714  
1 	 12 	 12587.113475 	 12587.113475 	  0.042254  
2 	 12 	 17698.746996 	 17698.746996 	  0.375000  
3 	 12 	 178872.414707 	 178872.414707 	  0.608696  
4 	 12 	 299342.905390 	 299342.905390 	  0.307692  
5 	 12 	 135806.880398 	 135806.880398 	  0.375000  
6 	 12 	 80952.004700 	 80952.004700 	  0.481481  
7 	 12 	 126324.803594 	 126324.803594 	  0.535714  
1 	 13 	 12587.113475 	 12587.113475 	  0.042254  
2 	 13 	 17698.746996 	 17698.746996 	  0.375000  
3 	 13 	 178872.414707 	 178872.414707 	  0.608696  
4 	 13 	 299342.905390 	 299342.905390 	  0.307692  
5 	 13 	 135806.880398 	 135806.880398 	  0.375000  
6 	 13 	 80952.004700 	 80952.004700 	  0.481481  
7 	 13 	 126324.803594 	 126324.803594 	  0.535714  
1 	 14 	 12587.113475 	 12587.113475 	  0.042254  
2 	 14 	 17698.746996 	 17698.746996 	  0.375000  
3 	 14 	 178872.414707 	 178872.414707 	  0.608696  
4 	 14 	 299342.905390 	 299342.905390 	  0.307692  
5 	 14 	 135806.880398 	 135806.880398 	  0.375000  
6 	 14 	 80952.004700 	 80952.004700 	  0.481481  
7 	 14 	 126324.803594 	 126324.803594 	  0.535714  
1 	 15 	 12587.113475 	 12587.113475 	  0.042254  
2 	 15 	 17698.746996 	 17698.746996 	  0.375000  
3 	 15 	 178872.414707 	 178872.414707 	  0.608696  
4 	 15 	 299342.905390 	 299342.905390 	  0.307692  
5 	 15 	 135806.880398 	 135806.880398 	  0.375000  
6 	 15 	 80952.004700 	 80952.004700 	  0.481481  
7 	 15 	 126324.803594 	 126324.803594 	  0.535714  
1 	 16 	 12587.113475 	 12587.113475 	  0.042254  
2 	 16 	 17698.746996 	 17698.746996 	  0.375000  
3 	 16 	 178872.414707 	 178872.414707 	  0.608696  
4 	 16 	 299342.905390 	 299342.905390 	  0.307692  
5 	 16 	 135806.880398 	 135806.880398 	  0.375000  
6 	 16 	 80952.004700 	 80952.004700 	  0.481481  
7 	 16 	 126324.803594 	 126324.803594 	  0.535714  
1 	 17 	 12587.113475 	 12587.113475 	  0.042254  
2 	 17 	 17698.746996 	 17698.746996 	  0.375000  
3 	 17 	 178872.414707 	 178872.414707 	  0.608696  
4 	 17 	 299342.905390 	 299342.905390 	  0.307692  
5 	 17 	 135806.880398 	 135806.880398 	  0.375000  
6 	 17 	 80952.004700 	 80952.004700 	  0.481481  
7 	 17 	 126324.803594 	 126324.803594 	  0.535714  
1 	 18 	 12587.113475 	 12587.113475 	  0.042254  
2 	 18 	 17698.746996 	 17698.746996 	  0.375000  
3 	 18 	 178872.414707 	 178872.414707 	  0.608696  
4 	 18 	 299342.905390 	 299342.905390 	  0.307692  
5 	 18 	 135806.880398 	 135806.880398 	  0.375000  
6 	 18 	 80952.004700 	 80952.004700 	  0.481481  
7 	 18 	 126324.803594 	 126324.803594 	  0.535714  
1 	 19 	 12587.113475 	 12587.113475 	  0.042254  
2 	 19 	 17698.746996 	 17698.746996 	  0.375000  
3 	 19 	 178872.414707 	 178872.414707 	  0.608696  
4 	 19 	 299342.905390 	 299342.905390 	  0.307692  
5 	 19 	 135806.880398 	 135806.880398 	  0.375000  
6 	 19 	 80952.004700 	 80952.004700 	  0.481481  
7 	 19 	 126324.803594 	 126324.803594 	  0.535714  
1 	 20 	 12587.113475 	 12587.113475 	  0.042254  
2 	 20 	 17698.746996 	 17698.746996 	  0.375000  
3 	 20 	 178872.414707 	 178872.414707 	  0.608696  
4 	 20 	 299342.905390 	 299342.905390 	  0.307692  
5 	 20 	 135806.880398 	 135806.880398 	  0.375000  
6 	 20 	 80952.004700 	 80952.004700 	  0.481481  
7 	 20 	 126324.803594 	 126324.803594 	  0.535714  
1 	 21 	 12587.113475 	 12587.113475 	  0.042254  
2 	 21 	 17698.746996 	 17698.746996 	  0.375000  
3 	 21 	 178872.414707 	 178872.414707 	  0.608696  
4 	 21 	 299342.905390 	 299342.905390 	  0.307692  
5 	 21 	 135806.880398 	 135806.880398 	  0.375000  
6 	 21 	 80952.004700 	 80952.004700 	  0.481481  
7 	 21 	 126324.803594 	 126324.803594 	  0.535714  
1 	 22 	 12587.113475 	 12587.113475 	  0.042254  
2 	 22 	 17698.746996 	 17698.746996 	  0.375000  
3 	 22 	 178872.414707 	 178872.414707 	  0.608696  
4 	 22 	 299342.905390 	 299342.905390 	  0.307692  
5 	 22 	 135806.880398 	 135806.880398 	  0.375000  
6 	 22 	 80952.004700 	 80952.004700 	  0.481481  
7 	 22 	 126324.803594 	 126324.803594 	  0.535714  
1 	 23 	 12587.113475 	 12587.113475 	  0.042254  
2 	 23 	 17698.746996 	 17698.746996 	  0.375000  
3 	 23 	 178872.414707 	 178872.414707 	  0.608696  
4 	 23 	 299342.905390 	 299342.905390 	  0.307692  
5 	 23 	 135806.880398 	 135806.880398 	  0.375000  
6 	 23 	 80952.004700 	 80952.004700 	  0.481481  
7 	 23 	 126324.803594 	 126324.803594 	  0.535714  
1 	 24 	 12587.113475 	 12587.113475 	  0.042254  
2 	 24 	 17698.746996 	 17698.746996 	  0.375000  
3 	 24 	 178872.414707 	 178872.414707 	  0.608696  
4 	 24 	 299342.905390 	 299342.905390 	  0.307692  
5 	 24 	 135806.880398 	 135806.880398 	  0.375000  
6 	 24 	 80952.004700 	 80952.004700 	  0.481481  
7 	 24 	 126324.803594 	 126324.803594 	  0.535714  
1 	 25 	 12587.113475 	 12587.113475 	  0.042254  
2 	 25 	 17698.746996 	 17698.746996 	  0.375000  
3 	 25 	 178872.414707 	 178872.414707 	  0.608696  
4 	 25 	 299342.905390 	 299342.905390 	  0.307692  
5 	 25 	 135806.880398 	 135806.880398 	  0.375000  
6 	 25 	 80952.004700 	 80952.004700 	  0.481481  
7 	 25 	 126324.803594 	 126324.803594 	  0.535714  
1 	 26 	 12587.113475 	 12587.113475 	  0.042254  
2 	 26 	 17698.746996 	 17698.746996 	  0.375000  
3 	 26 	 178872.414707 	 178872.414707 	  0.608696  
4 	 26 	 299342.905390 	 299342.905390 	  0.307692  
5 	 26 	 135806.880398 	 135806.880398 	  0.375000  
6 	 26 	 80952.004700 	 80952.004700 	  0.481481  
7 	 26 	 126324.803594 	 126324.803594 	  0.535714  
1 	 27 	 12587.113475 	 12587.113475 	  0.042254  
2 	 27 	 17698.746996 	 17698.746996 	  0.375000  
3 	 27 	 178872.414707 	 178872.414707 	  0.608696  
4 	 27 	 299342.905390 	 299342.905390 	  0.307692  
5 	 27 	 135806.880398 	 135806.880398 	  0.375000  
6 	 27 	 80952.004700 	 80952.004700 	  0.481481  
7 	 27 	 126324.803594 	 126324.803594 	  0.535714  
1 	 28 	 12587.113475 	 12587.113475 	  0.042254  
2 	 28 	 17698.746996 	 17698.746996 	  0.375000  
3 	 28 	 178872.414707 	 178872.414707 	  0.608696  
4 	 28 	 299342.905390 	 299342.905390 	  0.307692  
5 	 28 	 135806.880398 	 135806.880398 	  0.375000  
6 	 28 	 80952.004700 	 80952.004700 	  0.481481  
7 	 28 	 126324.803594 	 126324.803594 	  0.535714  
1 	 29 	 12587.113475 	 12587.113475 	  0.042254  
2 	 29 	 17698.746996 	 17698.746996 	  0.375000  
3 	 29 	 178872.414707 	 178872.414707 	  0.608696  
4 	 29 	 299342.905390 	 299342.905390 	  0.307692  
5 	 29 	 135806.880398 	 135806.880398 	  0.375000  
6 	 29 	 80952.004700 	 80952.004700 	  0.481481  
7 	 29 	 126324.803594 	 126324.803594 	  0.535714  
1 	 30 	 12587.113475 	 12587.113475 	  0.042254  
2 	 30 	 17698.746996 	 17698.746996 	  0.375000  
3 	 30 	 178872.414707 	 178872.414707 	  0.608696  
4 	 30 	 299342.905390 	 299342.905390 	  0.307692  
5 	 30 	 135806.880398 	 135806.880398 	  0.375000  
6 	 30 	 80952.004700 	 80952.004700 	  0.481481  
7 	 30 	 126324.803594 	 126324.803594 	  0.535714  
1 	 31 	 12587.113475 	 12587.113475 	  0.042254  
2 	 31 	 17698.746996 	 17698.746996 	  0.375000  
3 	 31 	 178872.414707 	 178872.414707 	  0.608696  
4 	 31 	 299342.905390 	 299342.905390 	  0.307692  
5 	 31 	 135806.880398 	 135806.880398 	  0.375000  
6 	 31 	 80952.004700 	 80952.004700 	  0.481481  
7 	 31 	 126324.803594 	 126324.803594 	  0.535714  
1 	 32 	 12587.113475 	 12587.113475 	  0.042254  
2 	 32 	 17698.746996 	 17698.746996 	  0.375000  
3 	 32 	 178872.414707 	 178872.414707 	  0.608696  
4 	 32 	 299342.905390 	 299342.905390 	  0.307692  
5 	 32 	 135806.880398 	 135806.880398 	  0.375000  
6 	 32 	 80952.004700 	 80952.004700 	  0.481481  
7 	 32 	 126324.803594 	 126324.803594 	  0.535714  
1 	 33 	 12587.113475 	 12587.113475 	  0.042254  
2 	 33 	 17698.746996 	 17698.746996 	  0.375000  
3 	 33 	 178872.414707 	 178872.414707 	  0.608696  
4 	 33 	 299342.905390 	 299342.905390 	  0.307692  
5 	 33 	 135806.880398 	 135806.880398 	  0.375000  
6 	 33 	 80952.004700 	 80952.004700 	  0.481481  
7 	 33 	 126324.803594 	 126324.803594 	  0.535714  
1 	 34 	 12587.113475 	 12587.113475 	  0.042254  
2 	 34 	 17698.746996 	 17698.746996 	  0.375000  
3 	 34 	 178872.414707 	 178872.414707 	  0.608696  
4 	 34 	 299342.905390 	 299342.905390 	  0.307692  
5 	 34 	 135806.880398 	 135806.880398 	  0.375000  
6 	 34 	 80952.004700 	 80952.004700 	  0.481481  
7 	 34 	 126324.803594 	 126324.803594 	  0.535714  
1 	 35 	 12587.113475 	 12587.113475 	  0.042254  
2 	 35 	 17698.746996 	 17698.746996 	  0.375000  
3 	 35 	 178872.414707 	 178872.414707 	  0.608696  
4 	 35 	 299342.905390 	 299342.905390 	  0.307692  
5 	 35 	 135806.880398 	 135806.880398 	  0.375000  
6 	 35 	 80952.004700 	 80952.004700 	  0.481481  
7 	 35 	 126324.803594 	 126324.803594 	  0.535714  
1 	 36 	 12587.113475 	 12587.113475 	  0.042254  
2 	 36 	 17698.746996 	 17698.746996 	  0.375000  
3 	 36 	 178872.414707 	 178872.414707 	  0.608696  
4 	 36 	 299342.905390 	 299342.905390 	  0.307692  
5 	 36 	 135806.880398 	 135806.880398 	  0.375000  
6 	 36 	 80952.004700 	 80952.004700 	  0.481481  
7 	 36 	 126324.803594 	 126324.803594 	  0.535714  
1 	 37 	 12587.113475 	 12587.113475 	  0.042254  
2 	 37 	 17698.746996 	 17698.746996 	  0.375000  
3 	 37 	 178872.414707 	 178872.414707 	  0.608696  
4 	 37 	 299342.905390 	 299342.905390 	  0.307692  
5 	 37 	 135806.880398 	 135806.880398 	  0.375000  
6 	 37 	 80952.004700 	 80952.004700 	  0.481481  
7 	 37 	 126324.803594 	 126324.803594 	  0.535714  
1 	 38 	 12587.113475 	 12587.113475 	  0.042254  
2 	 38 	 17698.746996 	 17698.746996 	  0.375000  
3 	 38 	 178872.414707 	 178872.414707 	  0.608696  
4 	 38 	 299342.905390 	 299342.905390 	  0.307692  
5 	 38 	 135806.880398 	 135806.880398 	  0.375000  
6 	 38 	 80952.004700 	 80952.004700 	  0.481481  
7 	 38 	 126324.803594 	 126324.803594 	  0.535714  
1 	 39 	 12587.113475 	 12587.113475 	  0.042254  
2 	 39 	 17698.746996 	 17698.746996 	  0.375000  
3 	 39 	 178872.414707 	 178872.414707 	  0.608696  
4 	 39 	 299342.905390 	 299342.905390 	  0.307692  
5 	 39 	 135806.880398 	 135806.880398 	  0.375000  
6 	 39 	 80952.004700 	 80952.004700 	  0.481481  
7 	 39 	 126324.803594 	 126324.803594 	  0.535714  
1 	 40 	 12587.113475 	 12587.113475 	  0.042254  
2 	 40 	 17698.746996 	 17698.746996 	  0.375000  
3 	 40 	 178872.414707 	 178872.414707 	  0.608696  
4 	 40 	 299342.905390 	 299342.905390 	  0.307692  
5 	 40 	 135806.880398 	 135806.880398 	  0.375000  
6 	 40 	 80952.004700 	 80952.004700 	  0.481481  
7 	 40 	 126324.803594 	 126324.803594 	  0.535714  
1 	 41 	 12587.113475 	 12587.113475 	  0.042254  
2 	 41 	 17698.746996 	 17698.746996 	  0.375000  
3 	 41 	 178872.414707 	 178872.414707 	  0.608696  
4 	 41 	 299342.905390 	 299342.905390 	  0.307692  
5 	 41 	 135806.880398 	 135806.880398 	  0.375000  
6 	 41 	 80952.004700 	 80952.004700 	  0.481481  
7 	 41 	 126324.803594 	 126324.803594 	  0.535714  
1 	 42 	 12587.113475 	 12587.113475 	  0.042254  
2 	 42 	 17698.746996 	 17698.746996 	  0.375000  
3 	 42 	 178872.414707 	 178872.414707 	  0.608696  
4 	 42 	 299342.905390 	 299342.905390 	  0.307692  
5 	 42 	 135806.880398 	 135806.880398 	  0.375000  
6 	 42 	 80952.004700 	 80952.004700 	  0.481481  
7 	 42 	 126324.803594 	 126324.803594 	  0.535714  
1 	 43 	 12587.113475 	 12587.113475 	  0.042254  
2 	 43 	 17698.746996 	 17698.746996 	  0.375000  
3 	 43 	 178872.414707 	 178872.414707 	  0.608696  
4 	 43 	 299342.905390 	 299342.905390 	  0.307692  
5 	 43 	 135806.880398 	 135806.880398 	  0.375000  
6 	 43 	 80952.004700 	 80952.004700 	  0.481481  
7 	 43 	 126324.803594 	 126324.803594 	  0.535714  
1 	 44 	 12587.113475 	 12587.113475 	  0.042254  
2 	 44 	 17698.746996 	 17698.746996 	  0.375000  
3 	 44 	 178872.414707 	 178872.414707 	  0.608696  
4 	 44 	 299342.905390 	 299342.905390 	  0.307692  
5 	 44 	 135806.880398 	 135806.880398 	  0.375000  
6 	 44 	 80952.004700 	 80952.004700 	  0.481481  
7 	 44 	 126324.803594 	 126324.803594 	  0.535714  
1 	 45 	 12587.113475 	 12587.113475 	  0.042254  
2 	 45 	 17698.746996 	 17698.746996 	  0.375000  
3 	 45 	 178872.414707 	 178872.414707 	  0.608696  
4 	 45 	 299342.905390 	 299342.905390 	  0.307692  
5 	 45 	 135806.880398 	 135806.880398 	  0.375000  
6 	 45 	 80952.004700 	 80952.004700 	  0.481481  
7 	 45 	 126324.803594 	 126324.803594 	  0.535714  
1 	 46 	 12587.113475 	 12587.113475 	  0.042254  
2 	 46 	 17698.746996 	 17698.746996 	  0.375000  
3 	 46 	 178872.414707 	 178872.414707 	  0.608696  
4 	 46 	 299342.905390 	 299342.905390 	  0.307692  
5 	 46 	 135806.880398 	 135806.880398 	  0.375000  
6 	 46 	 80952.004700 	 80952.004700 	  0.481481  
7 	 46 	 126324.803594 	 126324.803594 	  0.535714  
1 	 47 	 12587.113475 	 12587.113475 	  0.042254  
2 	 47 	 17698.746996 	 17698.746996 	  0.375000  
3 	 47 	 178872.414707 	 178872.414707 	  0.608696  
4 	 47 	 299342.905390 	 299342.905390 	  0.307692  
5 	 47 	 135806.880398 	 135806.880398 	  0.375000  
6 	 47 	 80952.004700 	 80952.004700 	  0.481481  
7 	 47 	 126324.803594 	 126324.803594 	  0.535714  
1 	 48 	 12587.113475 	 12587.113475 	  0.042254  
2 	 48 	 17698.746996 	 17698.746996 	  0.375000  
3 	 48 	 178872.414707 	 178872.414707 	  0.608696  
4 	 48 	 299342.905390 	 299342.905390 	  0.307692  
5 	 48 	 135806.880398 	 135806.880398 	  0.375000  
6 	 48 	 80952.004700 	 80952.004700 	  0.481481  
7 	 48 	 126324.803594 	 126324.803594 	  0.535714  
1 	 49 	 12587.113475 	 12587.113475 	  0.042254  
2 	 49 	 17698.746996 	 17698.746996 	  0.375000  
3 	 49 	 178872.414707 	 178872.414707 	  0.608696  
4 	 49 	 299342.905390 	 299342.905390 	  0.307692  
5 	 49 	 135806.880398 	 135806.880398 	  0.375000  
6 	 49 	 80952.004700 	 80952.004700 	  0.481481  
7 	 49 	 126324.803594 	 126324.803594 	  0.535714  
1 	 50 	 12587.113475 	 12587.113475 	  0.042254  
2 	 50 	 17698.746996 	 17698.746996 	  0.375000  
3 	 50 	 178872.414707 	 178872.414707 	  0.608696  
4 	 50 	 299342.905390 	 299342.905390 	  0.307692  
5 	 50 	 135806.880398 	 135806.880398 	  0.375000  
6 	 50 	 80952.004700 	 80952.004700 	  0.481481  
7 	 50 	 126324.803594 	 126324.803594 	  0.535714  
1 	 51 	 12587.113475 	 12587.113475 	  0.042254  
2 	 51 	 17698.746996 	 17698.746996 	  0.375000  
3 	 51 	 178872.414707 	 178872.414707 	  0.608696  
4 	 51 	 299342.905390 	 299342.905390 	  0.307692  
5 	 51 	 135806.880398 	 135806.880398 	  0.375000  
6 	 51 	 80952.004700 	 80952.004700 	  0.481481  
7 	 51 	 126324.803594 	 126324.803594 	  0.535714  
1 	 52 	 12587.113475 	 12587.113475 	  0.042254  
2 	 52 	 17698.746996 	 17698.746996 	  0.375000  
3 	 52 	 178872.414707 	 178872.414707 	  0.608696  
4 	 52 	 299342.905390 	 299342.905390 	  0.307692  
5 	 52 	 135806.880398 	 135806.880398 	  0.375000  
6 	 52 	 80952.004700 	 80952.004700 	  0.481481  
7 	 52 	 126324.803594 	 126324.803594 	  0.535714  
1 	 53 	 12587.113475 	 12587.113475 	  0.042254  
2 	 53 	 17698.746996 	 17698.746996 	  0.375000  
3 	 53 	 178872.414707 	 178872.414707 	  0.608696  
4 	 53 	 299342.905390 	 299342.905390 	  0.307692  
5 	 53 	 135806.880398 	 135806.880398 	  0.375000  
6 	 53 	 80952.004700 	 80952.004700 	  0.481481  
7 	 53 	 126324.803594 	 126324.803594 	  0.535714  
1 	 54 	 12587.113475 	 12587.113475 	  0.042254  
2 	 54 	 17698.746996 	 17698.746996 	  0.375000  
3 	 54 	 178872.414707 	 178872.414707 	  0.608696  
4 	 54 	 299342.905390 	 299342.905390 	  0.307692  
5 	 54 	 135806.880398 	 135806.880398 	  0.375000  
6 	 54 	 80952.004700 	 80952.004700 	  0.481481  
7 	 54 	 126324.803594 	 126324.803594 	  0.535714  
1 	 55 	 12587.113475 	 12587.113475 	  0.042254  
2 	 55 	 17698.746996 	 17698.746996 	  0.375000  
3 	 55 	 178872.414707 	 178872.414707 	  0.608696  
4 	 55 	 299342.905390 	 299342.905390 	  0.307692  
5 	 55 	 135806.880398 	 135806.880398 	  0.375000  
6 	 55 	 80952.004700 	 80952.004700 	  0.481481  
7 	 55 	 126324.803594 	 126324.803594 	  0.535714  
1 	 56 	 12587.113475 	 12587.113475 	  0.042254  
2 	 56 	 17698.746996 	 17698.746996 	  0.375000  
3 	 56 	 178872.414707 	 178872.414707 	  0.608696  
4 	 56 	 299342.905390 	 299342.905390 	  0.307692  
5 	 56 	 135806.880398 	 135806.880398 	  0.375000  
6 	 56 	 80952.004700 	 80952.004700 	  0.481481  
7 	 56 	 126324.803594 	 126324.803594 	  0.535714  
1 	 57 	 12587.113475 	 12587.113475 	  0.042254  
2 	 57 	 17698.746996 	 17698.746996 	  0.375000  
3 	 57 	 178872.414707 	 178872.414707 	  0.608696  
4 	 57 	 299342.905390 	 299342.905390 	  0.307692  
5 	 57 	 135806.880398 	 135806.880398 	  0.375000  
6 	 57 	 80952.004700 	 80952.004700 	  0.481481  
7 	 57 	 126324.803594 	 126324.803594 	  0.535714  
1 	 58 	 12587.113475 	 12587.113475 	  0.042254  
2 	 58 	 17698.746996 	 17698.746996 	  0.375000  
3 	 58 	 178872.414707 	 178872.414707 	  0.608696  
4 	 58 	 299342.905390 	 299342.905390 	  0.307692  
5 	 58 	 135806.880398 	 135806.880398 	  0.375000  
6 	 58 	 80952.004700 	 80952.004700 	  0.481481  
7 	 58 	 126324.803594 	 126324.803594 	  0.535714  
1 	 59 	 12587.113475 	 12587.113475 	  0.042254  
2 	 59 	 17698.746996 	 17698.746996 	  0.375000  
3 	 59 	 178872.414707 	 178872.414707 	  0.608696  
4 	 59 	 299342.905390 	 299342.905390 	  0.307692  
5 	 59 	 135806.880398 	 135806.880398 	  0.375000  
6 	 59 	 80952.004700 	 80952.004700 	  0.481481  
7 	 59 	 126324.803594 	 126324.803594 	  0.535714  
1 	 60 	 12587.113475 	 12587.113475 	  0.042254  
2 	 60 	 17698.746996 	 17698.746996 	  0.375000  
3 	 60 	 178872.414707 	 178872.414707 	  0.608696  
4 	 60 	 299342.905390 	 299342.905390 	  0.307692  
5 	 60 	 135806.880398 	 135806.880398 	  0.375000  
6 	 60 	 80952.004700 	 80952.004700 	  0.481481  
7 	 60 	 126324.803594 	 126324.803594 	  0.535714  
1 	 61 	 12587.113475 	 12587.113475 	  0.042254  
2 	 61 	 17698.746996 	 17698.746996 	  0.375000  
3 	 61 	 178872.414707 	 178872.414707 	  0.608696  
4 	 61 	 299342.905390 	 299342.905390 	  0.307692  
5 	 61 	 135806.880398 	 135806.880398 	  0.375000  
6 	 61 	 80952.004700 	 80952.004700 	  0.481481  
7 	 61 	 126324.803594 	 126324.803594 	  0.535714  
1 	 62 	 12587.113475 	 12587.113475 	  0.042254  
2 	 62 	 17698.746996 	 17698.746996 	  0.375000  
3 	 62 	 178872.414707 	 178872.414707 	  0.608696  
4 	 62 	 299342.905390 	 299342.905390 	  0.307692  
5 	 62 	 135806.880398 	 135806.880398 	  0.375000  
6 	 62 	 80952.004700 	 80952.004700 	  0.481481  
7 	 62 	 126324.803594 	 126324.803594 	  0.535714  
1 	 63 	 12587.113475 	 12587.113475 	  0.042254  
2 	 63 	 17698.746996 	 17698.746996 	  0.375000  
3 	 63 	 178872.414707 	 178872.414707 	  0.608696  
4 	 63 	 299342.905390 	 299342.905390 	  0.307692  
5 	 63 	 135806.880398 	 135806.880398 	  0.375000  
6 	 63 	 80952.004700 	 80952.004700 	  0.481481  
7 	 63 	 126324.803594 	 126324.803594 	  0.535714  
1 	 64 	 12587.113475 	 12587.113475 	  0.042254  
2 	 64 	 17698.746996 	 17698.746996 	  0.375000  
3 	 64 	 178872.414707 	 178872.414707 	  0.608696  
4 	 64 	 299342.905390 	 299342.905390 	  0.307692  
5 	 64 	 135806.880398 	 135806.880398 	  0.375000  
6 	 64 	 80952.004700 	 80952.004700 	  0.481481  
7 	 64 	 126324.803594 	 126324.803594 	  0.535714  
1 	 65 	 12587.113475 	 12587.113475 	  0.042254  
2 	 65 	 17698.746996 	 17698.746996 	  0.375000  
3 	 65 	 178872.414707 	 178872.414707 	  0.608696  
4 	 65 	 299342.905390 	 299342.905390 	  0.307692  
5 	 65 	 135806.880398 	 135806.880398 	  0.375000  
6 	 65 	 80952.004700 	 80952.004700 	  0.481481  
7 	 65 	 126324.803594 	 126324.803594 	  0.535714  
1 	 66 	 12587.113475 	 12587.113475 	  0.042254  
2 	 66 	 17698.746996 	 17698.746996 	  0.375000  
3 	 66 	 178872.414707 	 178872.414707 	  0.608696  
4 	 66 	 299342.905390 	 299342.905390 	  0.307692  
5 	 66 	 135806.880398 	 135806.880398 	  0.375000  
6 	 66 	 80952.004700 	 80952.004700 	  0.481481  
7 	 66 	 126324.803594 	 126324.803594 	  0.535714  
1 	 67 	 12587.113475 	 12587.113475 	  0.042254  
2 	 67 	 17698.746996 	 17698.746996 	  0.375000  
3 	 67 	 178872.414707 	 178872.414707 	  0.608696  
4 	 67 	 299342.905390 	 299342.905390 	  0.307692  
5 	 67 	 135806.880398 	 135806.880398 	  0.375000  
6 	 67 	 80952.004700 	 80952.004700 	  0.481481  
7 	 67 	 126324.803594 	 126324.803594 	  0.535714  
1 	 68 	 12587.113475 	 12587.113475 	  0.042254  
2 	 68 	 17698.746996 	 17698.746996 	  0.375000  
3 	 68 	 178872.414707 	 178872.414707 	  0.608696  
4 	 68 	 299342.905390 	 299342.905390 	  0.307692  
5 	 68 	 135806.880398 	 135806.880398 	  0.375000  
6 	 68 	 80952.004700 	 80952.004700 	  0.481481  
7 	 68 	 126324.803594 	 126324.803594 	  0.535714  
1 	 69 	 12587.113475 	 12587.113475 	  0.042254  
2 	 69 	 17698.746996 	 17698.746996 	  0.375000  
3 	 69 	 178872.414707 	 178872.414707 	  0.608696  
4 	 69 	 299342.905390 	 299342.905390 	  0.307692  
5 	 69 	 135806.880398 	 135806.880398 	  0.375000  
6 	 69 	 80952.004700 	 80952.004700 	  0.481481  
7 	 69 	 126324.803594 	 126324.803594 	  0.535714  
1 	 70 	 12587.113475 	 12587.113475 	  0.042254  
2 	 70 	 17698.746996 	 17698.746996 	  0.375000  
3 	 70 	 178872.414707 	 178872.414707 	  0.608696  
4 	 70 	 299342.905390 	 299342.905390 	  0.307692  
5 	 70 	 135806.880398 	 135806.880398 	  0.375000  
6 	 70 	 80952.004700 	 80952.004700 	  0.481481  
7 	 70 	 126324.803594 	 126324.803594 	  0.535714  
1 	 71 	 12587.113475 	 12587.113475 	  0.042254  
2 	 71 	 17698.746996 	 17698.746996 	  0.375000  
3 	 71 	 178872.414707 	 178872.414707 	  0.608696  
4 	 71 	 299342.905390 	 299342.905390 	  0.307692  
5 	 71 	 135806.880398 	 135806.880398 	  0.375000  
6 	 71 	 80952.004700 	 80952.004700 	  0.481481  
7 	 71 	 126324.803594 	 126324.803594 	  0.535714  
1 	 72 	 12587.113475 	 12587.113475 	  0.042254  
2 	 72 	 17698.746996 	 17698.746996 	  0.375000  
3 	 72 	 178872.414707 	 178872.414707 	  0.608696  
4 	 72 	 299342.905390 	 299342.905390 	  0.307692  
5 	 72 	 135806.880398 	 135806.880398 	  0.375000  
6 	 72 	 80952.004700 	 80952.004700 	  0.481481  
7 	 72 	 126324.803594 	 126324.803594 	  0.535714  
1 	 73 	 12587.113475 	 12587.113475 	  0.042254  
2 	 73 	 17698.746996 	 17698.746996 	  0.375000  
3 	 73 	 178872.414707 	 178872.414707 	  0.608696  
4 	 73 	 299342.905390 	 299342.905390 	  0.307692  
5 	 73 	 135806.880398 	 135806.880398 	  0.375000  
6 	 73 	 80952.004700 	 80952.004700 	  0.481481  
7 	 73 	 126324.803594 	 126324.803594 	  0.535714  
1 	 74 	 12587.113475 	 12587.113475 	  0.042254  
2 	 74 	 17698.746996 	 17698.746996 	  0.375000  
3 	 74 	 178872.414707 	 178872.414707 	  0.608696  
4 	 74 	 299342.905390 	 299342.905390 	  0.307692  
5 	 74 	 135806.880398 	 135806.880398 	  0.375000  
6 	 74 	 80952.004700 	 80952.004700 	  0.481481  
7 	 74 	 126324.803594 	 126324.803594 	  0.535714  
1 	 75 	 12587.113475 	 12587.113475 	  0.042254  
2 	 75 	 17698.746996 	 17698.746996 	  0.375000  
3 	 75 	 178872.414707 	 178872.414707 	  0.608696  
4 	 75 	 299342.905390 	 299342.905390 	  0.307692  
5 	 75 	 135806.880398 	 135806.880398 	  0.375000  
6 	 75 	 80952.004700 	 80952.004700 	  0.481481  
7 	 75 	 126324.803594 	 126324.803594 	  0.535714  
1 	 76 	 12587.113475 	 12587.113475 	  0.042254  
2 	 76 	 17698.746996 	 17698.746996 	  0.375000  
3 	 76 	 178872.414707 	 178872.414707 	  0.608696  
4 	 76 	 299342.905390 	 299342.905390 	  0.307692  
5 	 76 	 135806.880398 	 135806.880398 	  0.375000  
6 	 76 	 80952.004700 	 80952.004700 	  0.481481  
7 	 76 	 126324.803594 	 126324.803594 	  0.535714  
1 	 77 	 12587.113475 	 12587.113475 	  0.042254  
2 	 77 	 17698.746996 	 17698.746996 	  0.375000  
3 	 77 	 178872.414707 	 178872.414707 	  0.608696  
4 	 77 	 299342.905390 	 299342.905390 	  0.307692  
5 	 77 	 135806.880398 	 135806.880398 	  0.375000  
6 	 77 	 80952.004700 	 80952.004700 	  0.481481  
7 	 77 	 126324.803594 	 126324.803594 	  0.535714  
1 	 78 	 12587.113475 	 12587.113475 	  0.042254  
2 	 78 	 17698.746996 	 17698.746996 	  0.375000  
3 	 78 	 178872.414707 	 178872.414707 	  0.608696  
4 	 78 	 299342.905390 	 299342.905390 	  0.307692  
5 	 78 	 135806.880398 	 135806.880398 	  0.375000  
6 	 78 	 80952.004700 	 80952.004700 	  0.481481  
7 	 78 	 126324.803594 	 126324.803594 	  0.535714  
1 	 79 	 12587.113475 	 12587.113475 	  0.042254  
2 	 79 	 17698.746996 	 17698.746996 	  0.375000  
3 	 79 	 178872.414707 	 178872.414707 	  0.608696  
4 	 79 	 299342.905390 	 299342.905390 	  0.307692  
5 	 79 	 135806.880398 	 135806.880398 	  0.375000  
6 	 79 	 80952.004700 	 80952.004700 	  0.481481  
7 	 79 	 126324.803594 	 126324.803594 	  0.535714  
1 	 80 	 12587.113475 	 12587.113475 	  0.042254  
2 	 80 	 17698.746996 	 17698.746996 	  0.375000  
3 	 80 	 178872.414707 	 178872.414707 	  0.608696  
4 	 80 	 299342.905390 	 299342.905390 	  0.307692  
5 	 80 	 135806.880398 	 135806.880398 	  0.375000  
6 	 80 	 80952.004700 	 80952.004700 	  0.481481  
7 	 80 	 126324.803594 	 126324.803594 	  0.535714  
1 	 81 	 12587.113475 	 12587.113475 	  0.042254  
2 	 81 	 17698.746996 	 17698.746996 	  0.375000  
3 	 81 	 178872.414707 	 178872.414707 	  0.608696  
4 	 81 	 299342.905390 	 299342.905390 	  0.307692  
5 	 81 	 135806.880398 	 135806.880398 	  0.375000  
6 	 81 	 80952.004700 	 80952.004700 	  0.481481  
7 	 81 	 126324.803594 	 126324.803594 	  0.535714  
1 	 82 	 12587.113475 	 12587.113475 	  0.042254  
2 	 82 	 17698.746996 	 17698.746996 	  0.375000  
3 	 82 	 178872.414707 	 178872.414707 	  0.608696  
4 	 82 	 299342.905390 	 299342.905390 	  0.307692  
5 	 82 	 135806.880398 	 135806.880398 	  0.375000  
6 	 82 	 80952.004700 	 80952.004700 	  0.481481  
7 	 82 	 126324.803594 	 126324.803594 	  0.535714  
1 	 83 	 12587.113475 	 12587.113475 	  0.042254  
2 	 83 	 17698.746996 	 17698.746996 	  0.375000  
3 	 83 	 178872.414707 	 178872.414707 	  0.608696  
4 	 83 	 299342.905390 	 299342.905390 	  0.307692  
5 	 83 	 135806.880398 	 135806.880398 	  0.375000  
6 	 83 	 80952.004700 	 80952.004700 	  0.481481  
7 	 83 	 126324.803594 	 126324.803594 	  0.535714  
1 	 84 	 12587.113475 	 12587.113475 	  0.042254  
2 	 84 	 17698.746996 	 17698.746996 	  0.375000  
3 	 84 	 178872.414707 	 178872.414707 	  0.608696  
4 	 84 	 299342.905390 	 299342.905390 	  0.307692  
5 	 84 	 135806.880398 	 135806.880398 	  0.375000  
6 	 84 	 80952.004700 	 80952.004700 	  0.481481  
7 	 84 	 126324.803594 	 126324.803594 	  0.535714  
1 	 85 	 12587.113475 	 12587.113475 	  0.042254  
2 	 85 	 17698.746996 	 17698.746996 	  0.375000  
3 	 85 	 178872.414707 	 178872.414707 	  0.608696  
4 	 85 	 299342.905390 	 299342.905390 	  0.307692  
5 	 85 	 135806.880398 	 135806.880398 	  0.375000  
6 	 85 	 80952.004700 	 80952.004700 	  0.481481  
7 	 85 	 126324.803594 	 126324.803594 	  0.535714  
1 	 86 	 12587.113475 	 12587.113475 	  0.042254  
2 	 86 	 17698.746996 	 17698.746996 	  0.375000  
3 	 86 	 178872.414707 	 178872.414707 	  0.608696  
4 	 86 	 299342.905390 	 299342.905390 	  0.307692  
5 	 86 	 135806.880398 	 135806.880398 	  0.375000  
6 	 86 	 80952.004700 	 80952.004700 	  0.481481  
7 	 86 	 126324.803594 	 126324.803594 	  0.535714  
1 	 87 	 12587.113475 	 12587.113475 	  0.042254  
2 	 87 	 17698.746996 	 17698.746996 	  0.375000  
3 	 87 	 178872.414707 	 178872.414707 	  0.608696  
4 	 87 	 299342.905390 	 299342.905390 	  0.307692  
5 	 87 	 135806.880398 	 135806.880398 	  0.375000  
6 	 87 	 80952.004700 	 80952.004700 	  0.481481  
7 	 87 	 126324.803594 	 126324.803594 	  0.535714  
1 	 88 	 12587.113475 	 12587.113475 	  0.042254  
2 	 88 	 17698.746996 	 17698.746996 	  0.375000  
3 	 88 	 178872.414707 	 178872.414707 	  0.608696  
4 	 88 	 299342.905390 	 299342.905390 	  0.307692  
5 	 88 	 135806.880398 	 135806.880398 	  0.375000  
6 	 88 	 80952.004700 	 80952.004700 	  0.481481  
7 	 88 	 126324.803594 	 126324.803594 	  0.535714  
1 	 89 	 12587.113475 	 12587.113475 	  0.042254  
2 	 89 	 17698.746996 	 17698.746996 	  0.375000  
3 	 89 	 178872.414707 	 178872.414707 	  0.608696  
4 	 89 	 299342.905390 	 299342.905390 	  0.307692  
5 	 89 	 135806.880398 	 135806.880398 	  0.375000  
6 	 89 	 80952.004700 	 80952.004700 	  0.481481  
7 	 89 	 126324.803594 	 126324.803594 	  0.535714  
1 	 90 	 12587.113475 	 12587.113475 	  0.042254  
2 	 90 	 17698.746996 	 17698.746996 	  0.375000  
3 	 90 	 178872.414707 	 178872.414707 	  0.608696  
4 	 90 	 299342.905390 	 299342.905390 	  0.307692  
5 	 90 	 135806.880398 	 135806.880398 	  0.375000  
6 	 90 	 80952.004700 	 80952.004700 	  0.481481  
7 	 90 	 126324.803594 	 126324.803594 	  0.535714  
1 	 91 	 12587.113475 	 12587.113475 	  0.042254  
2 	 91 	 17698.746996 	 17698.746996 	  0.375000  
3 	 91 	 178872.414707 	 178872.414707 	  0.608696  
4 	 91 	 299342.905390 	 299342.905390 	  0.307692  
5 	 91 	 135806.880398 	 135806.880398 	  0.375000  
6 	 91 	 80952.004700 	 80952.004700 	  0.481481  
7 	 91 	 126324.803594 	 126324.803594 	  0.535714  
1 	 92 	 12587.113475 	 12587.113475 	  0.042254  
2 	 92 	 17698.746996 	 17698.746996 	  0.375000  
3 	 92 	 178872.414707 	 178872.414707 	  0.608696  
4 	 92 	 299342.905390 	 299342.905390 	  0.307692  
5 	 92 	 135806.880398 	 135806.880398 	  0.375000  
6 	 92 	 80952.004700 	 80952.004700 	  0.481481  
7 	 92 	 126324.803594 	 126324.803594 	  0.535714  
1 	 93 	 12587.113475 	 12587.113475 	  0.042254  
2 	 93 	 17698.746996 	 17698.746996 	  0.375000  
3 	 93 	 178872.414707 	 178872.414707 	  0.608696  
4 	 93 	 299342.905390 	 299342.905390 	  0.307692  
5 	 93 	 135806.880398 	 135806.880398 	  0.375000  
6 	 93 	 80952.004700 	 80952.004700 	  0.481481  
7 	 93 	 126324.803594 	 126324.803594 	  0.535714  
1 	 94 	 12587.113475 	 12587.113475 	  0.042254  
2 	 94 	 17698.746996 	 17698.746996 	  0.375000  
3 	 94 	 178872.414707 	 178872.414707 	  0.608696  
4 	 94 	 299342.905390 	 299342.905390 	  0.307692  
5 	 94 	 135806.880398 	 135806.880398 	  0.375000  
6 	 94 	 80952.004700 	 80952.004700 	  0.481481  
7 	 94 	 126324.803594 	 126324.803594 	  0.535714  
1 	 95 	 12587.113475 	 12587.113475 	  0.042254  
2 	 95 	 17698.746996 	 17698.746996 	  0.375000  
3 	 95 	 178872.414707 	 178872.414707 	  0.608696  
4 	 95 	 299342.905390 	 299342.905390 	  0.307692  
5 	 95 	 135806.880398 	 135806.880398 	  0.375000  
6 	 95 	 80952.004700 	 80952.004700 	  0.481481  
7 	 95 	 126324.803594 	 126324.803594 	  0.535714  
1 	 96 	 12587.113475 	 12587.113475 	  0.042254  
2 	 96 	 17698.746996 	 17698.746996 	  0.375000  
3 	 96 	 178872.414707 	 178872.414707 	  0.608696  
4 	 96 	 299342.905390 	 299342.905390 	  0.307692  
5 	 96 	 135806.880398 	 135806.880398 	  0.375000  
6 	 96 	 80952.004700 	 80952.004700 	  0.481481  
7 	 96 	 126324.803594 	 126324.803594 	  0.535714  
1 	 97 	 12587.113475 	 12587.113475 	  0.042254  
2 	 97 	 17698.746996 	 17698.746996 	  0.375000  
3 	 97 	 178872.414707 	 178872.414707 	  0.608696  
4 	 97 	 299342.905390 	 299342.905390 	  0.307692  
5 	 97 	 135806.880398 	 135806.880398 	  0.375000  
6 	 97 	 80952.004700 	 80952.004700 	  0.481481  
7 	 97 	 126324.803594 	 126324.803594 	  0.535714  
1 	 98 	 12587.113475 	 12587.113475 	  0.042254  
2 	 98 	 17698.746996 	 17698.746996 	  0.375000  
3 	 98 	 178872.414707 	 178872.414707 	  0.608696  
4 	 98 	 299342.905390 	 299342.905390 	  0.307692  
5 	 98 	 135806.880398 	 135806.880398 	  0.375000  
6 	 98 	 80952.004700 	 80952.004700 	  0.481481  
7 	 98 	 126324.803594 	 126324.803594 	  0.535714  
1 	 99 	 12587.113475 	 12587.113475 	  0.042254  
2 	 99 	 17698.746996 	 17698.746996 	  0.375000  
3 	 99 	 178872.414707 	 178872.414707 	  0.608696  
4 	 99 	 299342.905390 	 299342.905390 	  0.307692  
5 	 99 	 135806.880398 	 135806.880398 	  0.375000  
6 	 99 	 80952.004700 	 80952.004700 	  0.481481  
7 	 99 	 126324.803594 	 126324.803594 	  0.535714  
1 	 100 	 12587.113475 	 12587.113475 	  0.042254  
2 	 100 	 17698.746996 	 17698.746996 	  0.375000  
3 	 100 	 178872.414707 	 178872.414707 	  0.608696  
4 	 100 	 299342.905390 	 299342.905390 	  0.307692  
5 	 100 	 135806.880398 	 135806.880398 	  0.375000  
6 	 100 	 80952.004700 	 80952.004700 	  0.481481  
7 	 100 	 126324.803594 	 126324.803594 	  0.535714  
1 	 101 	 12587.113475 	 12587.113475 	  0.042254  
2 	 101 	 17698.746996 	 17698.746996 	  0.375000  
3 	 101 	 178872.414707 	 178872.414707 	  0.608696  
4 	 101 	 299342.905390 	 299342.905390 	  0.307692  
5 	 101 	 135806.880398 	 135806.880398 	  0.375000  
6 	 101 	 80952.004700 	 80952.004700 	  0.481481  
7 	 101 	 126324.803594 	 126324.803594 	  0.535714  
1 	 102 	 12587.113475 	 12587.113475 	  0.042254  
2 	 102 	 17698.746996 	 17698.746996 	  0.375000  
3 	 102 	 178872.414707 	 178872.414707 	  0.608696  
4 	 102 	 299342.905390 	 299342.905390 	  0.307692  
5 	 102 	 135806.880398 	 135806.880398 	  0.375000  
6 	 102 	 80952.004700 	 80952.004700 	  0.481481  
7 	 102 	 126324.803594 	 126324.803594 	  0.535714  
1 	 103 	 12587.113475 	 12587.113475 	  0.042254  
2 	 103 	 17698.746996 	 17698.746996 	  0.375000  
3 	 103 	 178872.414707 	 178872.414707 	  0.608696  
4 	 103 	 299342.905390 	 299342.905390 	  0.307692  
5 	 103 	 135806.880398 	 135806.880398 	  0.375000  
6 	 103 	 80952.004700 	 80952.004700 	  0.481481  
7 	 103 	 126324.803594 	 126324.803594 	  0.535714  
1 	 104 	 12587.113475 	 12587.113475 	  0.042254  
2 	 104 	 17698.746996 	 17698.746996 	  0.375000  
3 	 104 	 178872.414707 	 178872.414707 	  0.608696  
4 	 104 	 299342.905390 	 299342.905390 	  0.307692  
5 	 104 	 135806.880398 	 135806.880398 	  0.375000  
6 	 104 	 80952.004700 	 80952.004700 	  0.481481  
7 	 104 	 126324.803594 	 126324.803594 	  0.535714  
