104 	 6 	 1  	 80952 	  	 0 	 	 0 	 	 0 
104 	 6 	 2  	 80952 	  	 0 	 	 0 	 	 0 
104 	 6 	 3  	 80952 	  	 0 	 	 0 	 	 0 
104 	 6 	 4  	 80952 	  	 0 	 	 0 	 	 0 
104 	 6 	 5  	 80952 	  	 0 	 	 0 	 	 0 
104 	 6 	 6  	 80952 	  	 60059.1 	 	 0 	 	 0 
104 	 6 	 7  	 80952 	  	 60059.1 	 	 60059.1 	 	 0 
104 	 6 	 8  	 80952 	  	 60059.1 	 	 60059.1 	 	 0 
104 	 6 	 9  	 80952 	  	 60059.1 	 	 60059.1 	 	 0 
104 	 6 	 10  	 80952 	  	 60059.1 	 	 60059.1 	 	 0 
104 	 6 	 11  	 80952 	  	 60059.1 	 	 60059.1 	 	 0 
104 	 6 	 12  	 80952 	  	 60059.1 	 	 60059.1 	 	 0 
104 	 6 	 13  	 80952 	  	 60059.1 	 	 60059.1 	 	 0 
104 	 6 	 14  	 80952 	  	 60059.1 	 	 60059.1 	 	 0 
104 	 6 	 15  	 80952 	  	 60059.1 	 	 60059.1 	 	 0 
104 	 6 	 16  	 80952 	  	 60059.1 	 	 60059.1 	 	 0 
104 	 6 	 17  	 80952 	  	 60059.1 	 	 60059.1 	 	 0 
104 	 6 	 18  	 80952 	  	 60059.1 	 	 60059.1 	 	 0 
104 	 6 	 19  	 80952 	  	 60059.1 	 	 60059.1 	 	 0 
104 	 6 	 20  	 80952 	  	 80952 	 	 60059.1 	 	 0 
104 	 6 	 21  	 80952 	  	 80952 	 	 80952 	 	 0 
104 	 6 	 22  	 80952 	  	 80952 	 	 80952 	 	 0 
104 	 6 	 23  	 80952 	  	 80952 	 	 80952 	 	 0 
104 	 6 	 24  	 80952 	  	 80952 	 	 80952 	 	 0 
104 	 6 	 25  	 80952 	  	 80952 	 	 80952 	 	 0 
104 	 6 	 26  	 80952 	  	 80952 	 	 80952 	 	 0 
104 	 6 	 27  	 80952 	  	 80952 	 	 80952 	 	 0 
104 	 6 	 28  	 80952 	  	 80952 	 	 80952 	 	 0 
104 	 6 	 29  	 80952 	  	 80952 	 	 80952 	 	 0 
104 	 6 	 30  	 80952 	  	 80952 	 	 80952 	 	 0 
104 	 6 	 31  	 80952 	  	 80952 	 	 80952 	 	 0 
104 	 6 	 32  	 80952 	  	 80952 	 	 80952 	 	 0 
104 	 6 	 33  	 80952 	  	 80952 	 	 80952 	 	 0 
104 	 6 	 34  	 80952 	  	 80952 	 	 80952 	 	 0 
104 	 6 	 35  	 80952 	  	 80952 	 	 80952 	 	 0 
104 	 6 	 36  	 80952 	  	 80952 	 	 80952 	 	 0 
104 	 6 	 37  	 80952 	  	 80952 	 	 80952 	 	 0 
104 	 6 	 38  	 80952 	  	 80952 	 	 80952 	 	 0 
104 	 6 	 39  	 80952 	  	 80952 	 	 80952 	 	 0 
104 	 6 	 40  	 80952 	  	 80952 	 	 80952 	 	 0 
104 	 6 	 41  	 80952 	  	 80952 	 	 80952 	 	 0 
104 	 6 	 42  	 80952 	  	 80952 	 	 80952 	 	 0 
104 	 6 	 43  	 80952 	  	 80952 	 	 80952 	 	 0 
104 	 6 	 44  	 80952 	  	 80952 	 	 80952 	 	 0 
104 	 6 	 45  	 80952 	  	 80952 	 	 80952 	 	 0 
104 	 6 	 46  	 80952 	  	 80952 	 	 80952 	 	 0 
104 	 6 	 47  	 80952 	  	 80952 	 	 80952 	 	 0 
104 	 6 	 48  	 80952 	  	 80952 	 	 80952 	 	 0 
104 	 6 	 49  	 80952 	  	 80952 	 	 80952 	 	 0 
104 	 6 	 50  	 80952 	  	 80952 	 	 80952 	 	 0 
104 	 6 	 51  	 80952 	  	 80952 	 	 80952 	 	 0 
104 	 6 	 52  	 80952 	  	 80952 	 	 80952 	 	 0 
104 	 6 	 53  	 80952 	  	 80952 	 	 80952 	 	 0 
104 	 6 	 54  	 80952 	  	 80952 	 	 80952 	 	 0 
104 	 6 	 55  	 80952 	  	 80952 	 	 80952 	 	 0 
104 	 6 	 56  	 80952 	  	 80952 	 	 80952 	 	 0 
104 	 6 	 57  	 80952 	  	 80952 	 	 80952 	 	 0 
104 	 6 	 58  	 80952 	  	 80952 	 	 80952 	 	 0 
104 	 6 	 59  	 80952 	  	 80952 	 	 80952 	 	 0 
104 	 6 	 60  	 80952 	  	 80952 	 	 80952 	 	 0 
104 	 6 	 61  	 80952 	  	 80952 	 	 80952 	 	 0 
104 	 6 	 62  	 80952 	  	 80952 	 	 80952 	 	 0 
104 	 6 	 63  	 80952 	  	 80952 	 	 80952 	 	 0 
104 	 6 	 64  	 80952 	  	 80952 	 	 80952 	 	 0 
104 	 6 	 65  	 80952 	  	 80952 	 	 80952 	 	 0 
104 	 6 	 66  	 80952 	  	 80952 	 	 80952 	 	 0 
104 	 6 	 67  	 80952 	  	 80952 	 	 80952 	 	 0 
104 	 6 	 68  	 80952 	  	 80952 	 	 80952 	 	 0 
104 	 6 	 69  	 80952 	  	 80952 	 	 80952 	 	 0 
104 	 6 	 70  	 80952 	  	 80952 	 	 80952 	 	 0 
104 	 6 	 71  	 80952 	  	 80952 	 	 80952 	 	 0 
104 	 6 	 72  	 80952 	  	 80952 	 	 80952 	 	 0 
104 	 6 	 73  	 80952 	  	 80952 	 	 80952 	 	 0 
104 	 6 	 74  	 80952 	  	 80952 	 	 80952 	 	 0 
104 	 6 	 75  	 80952 	  	 80952 	 	 80952 	 	 0 
104 	 6 	 76  	 80952 	  	 80952 	 	 80952 	 	 0 
104 	 6 	 77  	 80952 	  	 80952 	 	 80952 	 	 0 
104 	 6 	 78  	 80952 	  	 80952 	 	 80952 	 	 0 
104 	 6 	 79  	 80952 	  	 80952 	 	 80952 	 	 0 
104 	 6 	 80  	 80952 	  	 80952 	 	 80952 	 	 0 
104 	 6 	 81  	 80952 	  	 80952 	 	 80952 	 	 0 
104 	 6 	 82  	 80952 	  	 80952 	 	 80952 	 	 0 
104 	 6 	 83  	 80952 	  	 80952 	 	 80952 	 	 0 
104 	 6 	 84  	 80952 	  	 80952 	 	 80952 	 	 0 
104 	 6 	 85  	 80952 	  	 80952 	 	 80952 	 	 0 
104 	 6 	 86  	 80952 	  	 80952 	 	 80952 	 	 0 
104 	 6 	 87  	 80952 	  	 80952 	 	 80952 	 	 0 
104 	 6 	 88  	 80952 	  	 80952 	 	 80952 	 	 0 
104 	 6 	 89  	 80952 	  	 80952 	 	 80952 	 	 0 
104 	 6 	 90  	 80952 	  	 80952 	 	 80952 	 	 0 
104 	 6 	 91  	 80952 	  	 80952 	 	 80952 	 	 0 
104 	 6 	 92  	 80952 	  	 80952 	 	 80952 	 	 0 
104 	 6 	 93  	 80952 	  	 80952 	 	 80952 	 	 0 
104 	 6 	 94  	 80952 	  	 80952 	 	 80952 	 	 0 
104 	 6 	 95  	 80952 	  	 80952 	 	 80952 	 	 0 
104 	 6 	 96  	 80952 	  	 80952 	 	 80952 	 	 0 
104 	 6 	 97  	 80952 	  	 80952 	 	 80952 	 	 0 
104 	 6 	 98  	 80952 	  	 80952 	 	 80952 	 	 0 
104 	 6 	 99  	 80952 	  	 80952 	 	 80952 	 	 0 
104 	 6 	 100  	 80952 	  	 80952 	 	 80952 	 	 0 
104 	 6 	 101  	 80952 	  	 80952 	 	 80952 	 	 0 
104 	 6 	 102  	 80952 	  	 80952 	 	 80952 	 	 0 
104 	 6 	 103  	 80952 	  	 80952 	 	 80952 	 	 0 
104 	 6 	 104  	 80952 	  	 80952 	 	 80952 	 	 0 
104 	 6 	 105  	 80952 	  	 80952 	 	 80952 	 	 0 
104 	 6 	 106  	 80952 	  	 80952 	 	 80952 	 	 0 
104 	 6 	 107  	 80952 	  	 80952 	 	 80952 	 	 0 
104 	 6 	 108  	 80952 	  	 80952 	 	 80952 	 	 0 
104 	 6 	 109  	 80952 	  	 80952 	 	 80952 	 	 0 
104 	 6 	 110  	 80952 	  	 80952 	 	 80952 	 	 0 
104 	 6 	 111  	 80952 	  	 80952 	 	 80952 	 	 0 
104 	 6 	 112  	 80952 	  	 80952 	 	 80952 	 	 0 
104 	 6 	 113  	 80952 	  	 80952 	 	 80952 	 	 0 
104 	 6 	 114  	 80952 	  	 80952 	 	 80952 	 	 0 
104 	 6 	 115  	 80952 	  	 80952 	 	 80952 	 	 0 
104 	 6 	 116  	 80952 	  	 80952 	 	 80952 	 	 0 
104 	 6 	 117  	 80952 	  	 80952 	 	 80952 	 	 0 
104 	 6 	 118  	 80952 	  	 80952 	 	 80952 	 	 0 
104 	 6 	 119  	 80952 	  	 80952 	 	 80952 	 	 0 
104 	 6 	 120  	 80952 	  	 80952 	 	 80952 	 	 0 
104 	 6 	 121  	 80952 	  	 80952 	 	 80952 	 	 0 
104 	 6 	 122  	 80952 	  	 80952 	 	 80952 	 	 0 
104 	 6 	 123  	 80952 	  	 80952 	 	 80952 	 	 0 
104 	 6 	 124  	 80952 	  	 80952 	 	 80952 	 	 0 
104 	 6 	 125  	 80952 	  	 80952 	 	 80952 	 	 0 
104 	 6 	 126  	 80952 	  	 80952 	 	 80952 	 	 0 
104 	 6 	 127  	 80952 	  	 80952 	 	 80952 	 	 0 
104 	 6 	 128  	 80952 	  	 80952 	 	 80952 	 	 0 
104 	 6 	 129  	 80952 	  	 80952 	 	 80952 	 	 0 
104 	 6 	 130  	 80952 	  	 80952 	 	 80952 	 	 0 
104 	 6 	 131  	 80952 	  	 80952 	 	 80952 	 	 0 
104 	 6 	 132  	 80952 	  	 80952 	 	 80952 	 	 0 
104 	 6 	 133  	 80952 	  	 80952 	 	 80952 	 	 0 
104 	 6 	 134  	 80952 	  	 80952 	 	 80952 	 	 0 
104 	 6 	 135  	 80952 	  	 80952 	 	 80952 	 	 0 
104 	 6 	 136  	 80952 	  	 80952 	 	 80952 	 	 0 
104 	 6 	 137  	 80952 	  	 80952 	 	 80952 	 	 0 
104 	 6 	 138  	 80952 	  	 80952 	 	 80952 	 	 0 
104 	 6 	 139  	 80952 	  	 80952 	 	 80952 	 	 0 
104 	 6 	 140  	 80952 	  	 80952 	 	 80952 	 	 0 
104 	 6 	 141  	 80952 	  	 80952 	 	 80952 	 	 0 
104 	 6 	 142  	 80952 	  	 80952 	 	 80952 	 	 0 
104 	 6 	 143  	 80952 	  	 80952 	 	 80952 	 	 0 
104 	 6 	 144  	 80952 	  	 80952 	 	 80952 	 	 0 
104 	 6 	 145  	 80952 	  	 80952 	 	 80952 	 	 0 
104 	 6 	 146  	 80952 	  	 80952 	 	 80952 	 	 0 
104 	 6 	 147  	 80952 	  	 80952 	 	 80952 	 	 0 
104 	 6 	 148  	 80952 	  	 80952 	 	 80952 	 	 0 
104 	 6 	 149  	 80952 	  	 80952 	 	 80952 	 	 0 
104 	 6 	 150  	 80952 	  	 80952 	 	 80952 	 	 0 
104 	 6 	 151  	 80952 	  	 80952 	 	 80952 	 	 0 
104 	 6 	 152  	 80952 	  	 80952 	 	 80952 	 	 0 
104 	 6 	 153  	 80952 	  	 80952 	 	 80952 	 	 0 
104 	 6 	 154  	 80952 	  	 80952 	 	 80952 	 	 0 
104 	 6 	 155  	 80952 	  	 80952 	 	 80952 	 	 0 
104 	 6 	 156  	 80952 	  	 80952 	 	 80952 	 	 0 
104 	 6 	 157  	 80952 	  	 80952 	 	 80952 	 	 0 
104 	 6 	 158  	 80952 	  	 80952 	 	 80952 	 	 0 
104 	 6 	 159  	 80952 	  	 80952 	 	 80952 	 	 0 
104 	 6 	 160  	 80952 	  	 80952 	 	 80952 	 	 0 
104 	 6 	 161  	 80952 	  	 80952 	 	 80952 	 	 0 
104 	 6 	 162  	 80952 	  	 80952 	 	 80952 	 	 0 
104 	 6 	 163  	 80952 	  	 80952 	 	 80952 	 	 0 
104 	 6 	 164  	 80952 	  	 80952 	 	 80952 	 	 0 
104 	 6 	 165  	 80952 	  	 80952 	 	 80952 	 	 0 
104 	 6 	 166  	 80952 	  	 80952 	 	 80952 	 	 0 
104 	 6 	 167  	 80952 	  	 80952 	 	 80952 	 	 0 
104 	 6 	 168  	 80952 	  	 80952 	 	 80952 	 	 0 
104 	 6 	 169  	 80952 	  	 80952 	 	 80952 	 	 0 
104 	 6 	 170  	 80952 	  	 80952 	 	 80952 	 	 0 
104 	 6 	 171  	 80952 	  	 80952 	 	 80952 	 	 0 
104 	 6 	 172  	 80952 	  	 80952 	 	 80952 	 	 0 
104 	 6 	 173  	 80952 	  	 80952 	 	 80952 	 	 0 
104 	 6 	 174  	 80952 	  	 80952 	 	 80952 	 	 0 
104 	 6 	 175  	 80952 	  	 80952 	 	 80952 	 	 0 
104 	 6 	 176  	 80952 	  	 80952 	 	 80952 	 	 0 
104 	 6 	 177  	 80952 	  	 80952 	 	 80952 	 	 0 
104 	 6 	 178  	 80952 	  	 80952 	 	 80952 	 	 0 
104 	 6 	 179  	 80952 	  	 80952 	 	 80952 	 	 0 
104 	 6 	 180  	 80952 	  	 80952 	 	 80952 	 	 0 
104 	 6 	 181  	 80952 	  	 80952 	 	 80952 	 	 0 
104 	 6 	 182  	 80952 	  	 80952 	 	 80952 	 	 0 
104 	 6 	 183  	 80952 	  	 80952 	 	 80952 	 	 0 
104 	 6 	 184  	 80952 	  	 80952 	 	 80952 	 	 0 
104 	 6 	 185  	 80952 	  	 80952 	 	 80952 	 	 0 
104 	 6 	 186  	 80952 	  	 80952 	 	 80952 	 	 0 
104 	 6 	 187  	 80952 	  	 80952 	 	 80952 	 	 0 
104 	 6 	 188  	 80952 	  	 80952 	 	 80952 	 	 0 
104 	 6 	 189  	 80952 	  	 80952 	 	 80952 	 	 0 
104 	 6 	 190  	 80952 	  	 80952 	 	 80952 	 	 0 
104 	 6 	 191  	 80952 	  	 80952 	 	 80952 	 	 0 
104 	 6 	 192  	 80952 	  	 80952 	 	 80952 	 	 0 
104 	 6 	 193  	 80952 	  	 80952 	 	 80952 	 	 0 
104 	 6 	 194  	 80952 	  	 80952 	 	 80952 	 	 0 
104 	 6 	 195  	 80952 	  	 80952 	 	 80952 	 	 0 
104 	 6 	 196  	 80952 	  	 80952 	 	 80952 	 	 0 
104 	 6 	 197  	 80952 	  	 80952 	 	 80952 	 	 0 
104 	 6 	 198  	 80952 	  	 80952 	 	 80952 	 	 0 
104 	 6 	 199  	 80952 	  	 80952 	 	 80952 	 	 0 
104 	 6 	 200  	 80952 	  	 80952 	 	 80952 	 	 0 
104 	 6 	 201  	 80952 	  	 80952 	 	 80952 	 	 0 
104 	 6 	 202  	 80952 	  	 80952 	 	 80952 	 	 0 
104 	 6 	 203  	 80952 	  	 80952 	 	 80952 	 	 0 
104 	 6 	 204  	 80952 	  	 80952 	 	 80952 	 	 0 
104 	 6 	 205  	 80952 	  	 80952 	 	 80952 	 	 0 
104 	 6 	 206  	 80952 	  	 80952 	 	 80952 	 	 0 
104 	 6 	 207  	 80952 	  	 80952 	 	 80952 	 	 0 
104 	 6 	 208  	 80952 	  	 80952 	 	 80952 	 	 0 
104 	 6 	 209  	 80952 	  	 80952 	 	 80952 	 	 0 
104 	 6 	 210  	 80952 	  	 80952 	 	 80952 	 	 0 
104 	 6 	 211  	 80952 	  	 80952 	 	 80952 	 	 0 
104 	 6 	 212  	 80952 	  	 80952 	 	 80952 	 	 0 
104 	 6 	 213  	 80952 	  	 80952 	 	 80952 	 	 0 
104 	 6 	 214  	 80952 	  	 80952 	 	 80952 	 	 0 
104 	 6 	 215  	 80952 	  	 80952 	 	 80952 	 	 0 
104 	 6 	 216  	 80952 	  	 80952 	 	 80952 	 	 0 
104 	 6 	 217  	 80952 	  	 80952 	 	 80952 	 	 0 
104 	 6 	 218  	 80952 	  	 80952 	 	 80952 	 	 0 
104 	 6 	 219  	 80952 	  	 80952 	 	 80952 	 	 0 
104 	 6 	 220  	 80952 	  	 80952 	 	 80952 	 	 0 
104 	 6 	 221  	 80952 	  	 80952 	 	 80952 	 	 0 
104 	 6 	 222  	 80952 	  	 80952 	 	 80952 	 	 0 
104 	 6 	 223  	 80952 	  	 80952 	 	 80952 	 	 0 
104 	 6 	 224  	 80952 	  	 80952 	 	 80952 	 	 0 
104 	 6 	 225  	 80952 	  	 80952 	 	 80952 	 	 0 
104 	 6 	 226  	 80952 	  	 80952 	 	 80952 	 	 0 
104 	 6 	 227  	 80952 	  	 80952 	 	 80952 	 	 0 
104 	 6 	 228  	 80952 	  	 80952 	 	 80952 	 	 0 
104 	 6 	 229  	 80952 	  	 80952 	 	 80952 	 	 0 
104 	 6 	 230  	 80952 	  	 80952 	 	 80952 	 	 0 
104 	 6 	 231  	 80952 	  	 80952 	 	 80952 	 	 0 
104 	 6 	 232  	 80952 	  	 80952 	 	 80952 	 	 0 
104 	 6 	 233  	 80952 	  	 80952 	 	 80952 	 	 0 
104 	 6 	 234  	 80952 	  	 80952 	 	 80952 	 	 0 
104 	 6 	 235  	 80952 	  	 80952 	 	 80952 	 	 0 
104 	 6 	 236  	 80952 	  	 80952 	 	 80952 	 	 0 
104 	 6 	 237  	 80952 	  	 80952 	 	 80952 	 	 0 
104 	 6 	 238  	 80952 	  	 80952 	 	 80952 	 	 0 
104 	 6 	 239  	 80952 	  	 80952 	 	 80952 	 	 0 
104 	 6 	 240  	 80952 	  	 80952 	 	 80952 	 	 0 
104 	 6 	 241  	 80952 	  	 80952 	 	 80952 	 	 0 
104 	 6 	 242  	 80952 	  	 80952 	 	 80952 	 	 0 
104 	 6 	 243  	 80952 	  	 80952 	 	 80952 	 	 0 
104 	 6 	 244  	 80952 	  	 80952 	 	 80952 	 	 0 
104 	 6 	 245  	 80952 	  	 80952 	 	 80952 	 	 0 
104 	 6 	 246  	 80952 	  	 80952 	 	 80952 	 	 0 
104 	 6 	 247  	 80952 	  	 80952 	 	 80952 	 	 0 
104 	 6 	 248  	 80952 	  	 80952 	 	 80952 	 	 0 
104 	 6 	 249  	 80952 	  	 80952 	 	 80952 	 	 0 
104 	 6 	 250  	 80952 	  	 80952 	 	 80952 	 	 0 
104 	 6 	 251  	 80952 	  	 80952 	 	 80952 	 	 0 
104 	 6 	 252  	 80952 	  	 80952 	 	 80952 	 	 0 
104 	 6 	 253  	 80952 	  	 80952 	 	 80952 	 	 0 
104 	 6 	 254  	 80952 	  	 80952 	 	 80952 	 	 0 
104 	 6 	 255  	 80952 	  	 80952 	 	 80952 	 	 0 
104 	 6 	 256  	 80952 	  	 80952 	 	 80952 	 	 0 
104 	 6 	 257  	 80952 	  	 80952 	 	 80952 	 	 0 
104 	 6 	 258  	 80952 	  	 80952 	 	 80952 	 	 0 
104 	 6 	 259  	 80952 	  	 80952 	 	 80952 	 	 0 
104 	 6 	 260  	 80952 	  	 80952 	 	 80952 	 	 0 
104 	 6 	 261  	 80952 	  	 80952 	 	 80952 	 	 0 
104 	 6 	 262  	 80952 	  	 80952 	 	 80952 	 	 0 
104 	 6 	 263  	 80952 	  	 80952 	 	 80952 	 	 0 
104 	 6 	 264  	 80952 	  	 80952 	 	 80952 	 	 0 
104 	 6 	 265  	 80952 	  	 80952 	 	 80952 	 	 0 
104 	 6 	 266  	 80952 	  	 80952 	 	 80952 	 	 0 
104 	 6 	 267  	 80952 	  	 80952 	 	 80952 	 	 0 
104 	 6 	 268  	 80952 	  	 80952 	 	 80952 	 	 0 
104 	 6 	 269  	 80952 	  	 80952 	 	 80952 	 	 0 
104 	 6 	 270  	 80952 	  	 80952 	 	 80952 	 	 0 
104 	 6 	 271  	 80952 	  	 80952 	 	 80952 	 	 0 
104 	 6 	 272  	 80952 	  	 80952 	 	 80952 	 	 0 
104 	 6 	 273  	 80952 	  	 80952 	 	 80952 	 	 0 
104 	 6 	 274  	 80952 	  	 80952 	 	 80952 	 	 0 
104 	 6 	 275  	 80952 	  	 80952 	 	 80952 	 	 0 
104 	 6 	 276  	 80952 	  	 80952 	 	 80952 	 	 0 
104 	 6 	 277  	 80952 	  	 80952 	 	 80952 	 	 0 
104 	 6 	 278  	 80952 	  	 80952 	 	 80952 	 	 0 
104 	 6 	 279  	 80952 	  	 80952 	 	 80952 	 	 0 
104 	 6 	 280  	 80952 	  	 80952 	 	 80952 	 	 0 
104 	 6 	 281  	 80952 	  	 80952 	 	 80952 	 	 0 
104 	 6 	 282  	 80952 	  	 80952 	 	 80952 	 	 0 
104 	 6 	 283  	 80952 	  	 80952 	 	 80952 	 	 0 
104 	 6 	 284  	 80952 	  	 80952 	 	 80952 	 	 0 
104 	 6 	 285  	 80952 	  	 80952 	 	 80952 	 	 0 
104 	 6 	 286  	 80952 	  	 80952 	 	 80952 	 	 0 
104 	 6 	 287  	 80952 	  	 80952 	 	 80952 	 	 0 
104 	 6 	 288  	 80952 	  	 80952 	 	 80952 	 	 0 
104 	 6 	 289  	 80952 	  	 80952 	 	 80952 	 	 0 
104 	 6 	 290  	 80952 	  	 80952 	 	 80952 	 	 0 
104 	 6 	 291  	 80952 	  	 80952 	 	 80952 	 	 0 
104 	 6 	 292  	 80952 	  	 80952 	 	 80952 	 	 0 
104 	 6 	 293  	 80952 	  	 80952 	 	 80952 	 	 0 
104 	 6 	 294  	 80952 	  	 80952 	 	 80952 	 	 0 
104 	 6 	 295  	 80952 	  	 80952 	 	 80952 	 	 0 
104 	 6 	 296  	 80952 	  	 80952 	 	 80952 	 	 0 
104 	 6 	 297  	 80952 	  	 80952 	 	 80952 	 	 0 
104 	 6 	 298  	 80952 	  	 80952 	 	 80952 	 	 0 
104 	 6 	 299  	 80952 	  	 80952 	 	 80952 	 	 0 
104 	 6 	 300  	 80952 	  	 80952 	 	 80952 	 	 0 
104 	 6 	 301  	 80952 	  	 80952 	 	 80952 	 	 0 
104 	 6 	 302  	 80952 	  	 80952 	 	 80952 	 	 0 
104 	 6 	 303  	 80952 	  	 80952 	 	 80952 	 	 0 
104 	 6 	 304  	 80952 	  	 80952 	 	 80952 	 	 0 
104 	 6 	 305  	 80952 	  	 80952 	 	 80952 	 	 0 
104 	 6 	 306  	 80952 	  	 80952 	 	 80952 	 	 0 
104 	 6 	 307  	 80952 	  	 80952 	 	 80952 	 	 0 
104 	 6 	 308  	 80952 	  	 80952 	 	 80952 	 	 0 
104 	 6 	 309  	 80952 	  	 80952 	 	 80952 	 	 0 
104 	 6 	 310  	 80952 	  	 80952 	 	 80952 	 	 0 
104 	 6 	 311  	 80952 	  	 80952 	 	 80952 	 	 0 
104 	 6 	 312  	 80952 	  	 80952 	 	 80952 	 	 0 
104 	 6 	 313  	 80952 	  	 80952 	 	 80952 	 	 0 
104 	 6 	 314  	 80952 	  	 80952 	 	 80952 	 	 0 
104 	 6 	 315  	 80952 	  	 80952 	 	 80952 	 	 0 
104 	 6 	 316  	 80952 	  	 80952 	 	 80952 	 	 0 
104 	 6 	 317  	 80952 	  	 80952 	 	 80952 	 	 0 
104 	 6 	 318  	 80952 	  	 80952 	 	 80952 	 	 0 
104 	 6 	 319  	 80952 	  	 80952 	 	 80952 	 	 0 
104 	 6 	 320  	 80952 	  	 80952 	 	 80952 	 	 0 
104 	 6 	 321  	 80952 	  	 80952 	 	 80952 	 	 0 
104 	 6 	 322  	 80952 	  	 80952 	 	 80952 	 	 0 
104 	 6 	 323  	 80952 	  	 80952 	 	 80952 	 	 0 
104 	 6 	 324  	 80952 	  	 80952 	 	 80952 	 	 0 
104 	 6 	 325  	 80952 	  	 80952 	 	 80952 	 	 0 
104 	 6 	 326  	 80952 	  	 80952 	 	 80952 	 	 0 
104 	 6 	 327  	 80952 	  	 80952 	 	 80952 	 	 0 
104 	 6 	 328  	 80952 	  	 80952 	 	 80952 	 	 0 
104 	 6 	 329  	 80952 	  	 80952 	 	 80952 	 	 0 
104 	 6 	 330  	 80952 	  	 80952 	 	 80952 	 	 0 
104 	 6 	 331  	 80952 	  	 80952 	 	 80952 	 	 0 
104 	 6 	 332  	 80952 	  	 80952 	 	 80952 	 	 0 
104 	 6 	 333  	 80952 	  	 80952 	 	 80952 	 	 0 
104 	 6 	 334  	 80952 	  	 80952 	 	 80952 	 	 0 
104 	 6 	 335  	 80952 	  	 80952 	 	 80952 	 	 0 
104 	 6 	 336  	 80952 	  	 80952 	 	 80952 	 	 0 
104 	 6 	 337  	 80952 	  	 80952 	 	 80952 	 	 0 
104 	 6 	 338  	 80952 	  	 80952 	 	 80952 	 	 0 
104 	 6 	 339  	 80952 	  	 80952 	 	 80952 	 	 0 
104 	 6 	 340  	 80952 	  	 80952 	 	 80952 	 	 0 
104 	 6 	 341  	 80952 	  	 80952 	 	 80952 	 	 0 
104 	 6 	 342  	 80952 	  	 80952 	 	 80952 	 	 0 
104 	 6 	 343  	 80952 	  	 80952 	 	 80952 	 	 0 
104 	 6 	 344  	 80952 	  	 80952 	 	 80952 	 	 0 
104 	 6 	 345  	 80952 	  	 80952 	 	 80952 	 	 0 
104 	 6 	 346  	 80952 	  	 80952 	 	 80952 	 	 0 
104 	 6 	 347  	 80952 	  	 80952 	 	 80952 	 	 0 
104 	 6 	 348  	 80952 	  	 80952 	 	 80952 	 	 0 
104 	 6 	 349  	 80952 	  	 80952 	 	 80952 	 	 0 
104 	 6 	 350  	 80952 	  	 80952 	 	 80952 	 	 0 
104 	 6 	 351  	 80952 	  	 80952 	 	 80952 	 	 0 
104 	 6 	 352  	 80952 	  	 80952 	 	 80952 	 	 0 
104 	 6 	 353  	 80952 	  	 80952 	 	 80952 	 	 0 
104 	 6 	 354  	 80952 	  	 80952 	 	 80952 	 	 0 
104 	 6 	 355  	 80952 	  	 80952 	 	 80952 	 	 0 
104 	 6 	 356  	 80952 	  	 80952 	 	 80952 	 	 0 
104 	 6 	 357  	 80952 	  	 80952 	 	 80952 	 	 0 
104 	 6 	 358  	 80952 	  	 80952 	 	 80952 	 	 0 
104 	 6 	 359  	 80952 	  	 80952 	 	 80952 	 	 0 
104 	 6 	 360  	 80952 	  	 80952 	 	 80952 	 	 0 
104 	 6 	 361  	 80952 	  	 80952 	 	 80952 	 	 0 
104 	 6 	 362  	 80952 	  	 80952 	 	 80952 	 	 0 
104 	 6 	 363  	 80952 	  	 80952 	 	 80952 	 	 0 
104 	 6 	 364  	 80952 	  	 80952 	 	 80952 	 	 0 
104 	 6 	 365  	 80952 	  	 80952 	 	 80952 	 	 0 
104 	 6 	 366  	 80952 	  	 80952 	 	 80952 	 	 0 
104 	 6 	 367  	 80952 	  	 80952 	 	 80952 	 	 0 
104 	 6 	 368  	 80952 	  	 80952 	 	 80952 	 	 0 
104 	 6 	 369  	 80952 	  	 80952 	 	 80952 	 	 0 
104 	 6 	 370  	 80952 	  	 80952 	 	 80952 	 	 0 
104 	 6 	 371  	 80952 	  	 80952 	 	 80952 	 	 0 
104 	 6 	 372  	 80952 	  	 80952 	 	 80952 	 	 0 
104 	 6 	 373  	 80952 	  	 80952 	 	 80952 	 	 0 
104 	 6 	 374  	 80952 	  	 80952 	 	 80952 	 	 0 
104 	 6 	 375  	 80952 	  	 80952 	 	 80952 	 	 0 
104 	 6 	 376  	 80952 	  	 80952 	 	 80952 	 	 0 
104 	 6 	 377  	 80952 	  	 80952 	 	 80952 	 	 0 
104 	 6 	 378  	 80952 	  	 80952 	 	 80952 	 	 0 
104 	 6 	 379  	 80952 	  	 80952 	 	 80952 	 	 0 
104 	 6 	 380  	 80952 	  	 80952 	 	 80952 	 	 0 
104 	 6 	 381  	 80952 	  	 80952 	 	 80952 	 	 0 
104 	 6 	 382  	 80952 	  	 80952 	 	 80952 	 	 0 
104 	 6 	 383  	 80952 	  	 80952 	 	 80952 	 	 0 
104 	 6 	 384  	 80952 	  	 80952 	 	 80952 	 	 0 
104 	 6 	 385  	 80952 	  	 80952 	 	 80952 	 	 0 
104 	 6 	 386  	 80952 	  	 80952 	 	 80952 	 	 0 
104 	 6 	 387  	 80952 	  	 80952 	 	 80952 	 	 0 
104 	 6 	 388  	 80952 	  	 80952 	 	 80952 	 	 0 
104 	 6 	 389  	 80952 	  	 80952 	 	 80952 	 	 0 
104 	 6 	 390  	 80952 	  	 80952 	 	 80952 	 	 0 
104 	 6 	 391  	 80952 	  	 80952 	 	 80952 	 	 0 
104 	 6 	 392  	 80952 	  	 80952 	 	 80952 	 	 0 
104 	 6 	 393  	 80952 	  	 80952 	 	 80952 	 	 0 
104 	 6 	 394  	 80952 	  	 80952 	 	 80952 	 	 0 
104 	 6 	 395  	 80952 	  	 80952 	 	 80952 	 	 0 
104 	 6 	 396  	 80952 	  	 80952 	 	 80952 	 	 0 
104 	 6 	 397  	 80952 	  	 80952 	 	 80952 	 	 0 
104 	 6 	 398  	 80952 	  	 80952 	 	 80952 	 	 0 
104 	 6 	 399  	 80952 	  	 80952 	 	 80952 	 	 0 
104 	 6 	 400  	 80952 	  	 80952 	 	 80952 	 	 0 
104 	 6 	 401  	 80952 	  	 80952 	 	 80952 	 	 0 
104 	 6 	 402  	 80952 	  	 80952 	 	 80952 	 	 0 
104 	 6 	 403  	 80952 	  	 80952 	 	 80952 	 	 0 
104 	 6 	 404  	 80952 	  	 80952 	 	 80952 	 	 0 
104 	 6 	 405  	 80952 	  	 80952 	 	 80952 	 	 0 
104 	 6 	 406  	 80952 	  	 80952 	 	 80952 	 	 0 
104 	 6 	 407  	 80952 	  	 80952 	 	 80952 	 	 0 
104 	 6 	 408  	 80952 	  	 80952 	 	 80952 	 	 0 
104 	 6 	 409  	 80952 	  	 80952 	 	 80952 	 	 0 
104 	 6 	 410  	 80952 	  	 80952 	 	 80952 	 	 0 
104 	 6 	 411  	 80952 	  	 80952 	 	 80952 	 	 0 
104 	 6 	 412  	 80952 	  	 80952 	 	 80952 	 	 0 
104 	 6 	 413  	 80952 	  	 80952 	 	 80952 	 	 0 
104 	 6 	 414  	 80952 	  	 80952 	 	 80952 	 	 0 
104 	 6 	 415  	 80952 	  	 80952 	 	 80952 	 	 0 
104 	 6 	 416  	 80952 	  	 80952 	 	 80952 	 	 0 
104 	 6 	 417  	 80952 	  	 80952 	 	 80952 	 	 0 
104 	 6 	 418  	 80952 	  	 80952 	 	 80952 	 	 0 
104 	 6 	 419  	 80952 	  	 80952 	 	 80952 	 	 0 
104 	 6 	 420  	 80952 	  	 80952 	 	 80952 	 	 0 
104 	 6 	 421  	 80952 	  	 80952 	 	 80952 	 	 0 
104 	 6 	 422  	 80952 	  	 80952 	 	 80952 	 	 0 
104 	 6 	 423  	 80952 	  	 80952 	 	 80952 	 	 0 
104 	 6 	 424  	 80952 	  	 80952 	 	 80952 	 	 0 
104 	 6 	 425  	 80952 	  	 80952 	 	 80952 	 	 0 
104 	 6 	 426  	 80952 	  	 80952 	 	 80952 	 	 0 
104 	 6 	 427  	 80952 	  	 80952 	 	 80952 	 	 0 
104 	 6 	 428  	 80952 	  	 80952 	 	 80952 	 	 0 
104 	 6 	 429  	 80952 	  	 80952 	 	 80952 	 	 0 
104 	 6 	 430  	 80952 	  	 80952 	 	 80952 	 	 0 
104 	 6 	 431  	 80952 	  	 80952 	 	 80952 	 	 0 
104 	 6 	 432  	 80952 	  	 80952 	 	 80952 	 	 0 
104 	 6 	 433  	 80952 	  	 80952 	 	 80952 	 	 0 
104 	 6 	 434  	 80952 	  	 80952 	 	 80952 	 	 0 
104 	 6 	 435  	 80952 	  	 80952 	 	 80952 	 	 0 
104 	 6 	 436  	 80952 	  	 80952 	 	 80952 	 	 0 
104 	 6 	 437  	 80952 	  	 80952 	 	 80952 	 	 0 
104 	 6 	 438  	 80952 	  	 80952 	 	 80952 	 	 0 
104 	 6 	 439  	 80952 	  	 80952 	 	 80952 	 	 0 
104 	 6 	 440  	 80952 	  	 80952 	 	 80952 	 	 0 
104 	 6 	 441  	 80952 	  	 80952 	 	 80952 	 	 0 
104 	 6 	 442  	 80952 	  	 80952 	 	 80952 	 	 0 
104 	 6 	 443  	 80952 	  	 80952 	 	 80952 	 	 0 
104 	 6 	 444  	 80952 	  	 80952 	 	 80952 	 	 0 
104 	 6 	 445  	 80952 	  	 80952 	 	 80952 	 	 0 
104 	 6 	 446  	 80952 	  	 80952 	 	 80952 	 	 0 
104 	 6 	 447  	 80952 	  	 80952 	 	 80952 	 	 0 
104 	 6 	 448  	 80952 	  	 80952 	 	 80952 	 	 0 
104 	 6 	 449  	 80952 	  	 80952 	 	 80952 	 	 0 
104 	 6 	 450  	 80952 	  	 80952 	 	 80952 	 	 0 
104 	 6 	 451  	 80952 	  	 80952 	 	 80952 	 	 0 
104 	 6 	 452  	 80952 	  	 80952 	 	 80952 	 	 0 
104 	 6 	 453  	 80952 	  	 80952 	 	 80952 	 	 0 
104 	 6 	 454  	 80952 	  	 80952 	 	 80952 	 	 0 
104 	 6 	 455  	 80952 	  	 80952 	 	 80952 	 	 0 
104 	 6 	 456  	 80952 	  	 80952 	 	 80952 	 	 0 
104 	 6 	 457  	 80952 	  	 80952 	 	 80952 	 	 0 
104 	 6 	 458  	 80952 	  	 80952 	 	 80952 	 	 0 
104 	 6 	 459  	 80952 	  	 80952 	 	 80952 	 	 0 
104 	 6 	 460  	 80952 	  	 80952 	 	 80952 	 	 0 
104 	 6 	 461  	 80952 	  	 80952 	 	 80952 	 	 0 
104 	 6 	 462  	 80952 	  	 80952 	 	 80952 	 	 0 
104 	 6 	 463  	 80952 	  	 80952 	 	 80952 	 	 0 
104 	 6 	 464  	 80952 	  	 80952 	 	 80952 	 	 0 
104 	 6 	 465  	 80952 	  	 80952 	 	 80952 	 	 0 
104 	 6 	 466  	 80952 	  	 80952 	 	 80952 	 	 0 
104 	 6 	 467  	 80952 	  	 80952 	 	 80952 	 	 0 
104 	 6 	 468  	 80952 	  	 80952 	 	 80952 	 	 0 
104 	 6 	 469  	 80952 	  	 80952 	 	 80952 	 	 0 
104 	 6 	 470  	 80952 	  	 80952 	 	 80952 	 	 0 
104 	 6 	 471  	 80952 	  	 80952 	 	 80952 	 	 0 
104 	 6 	 472  	 80952 	  	 80952 	 	 80952 	 	 0 
104 	 6 	 473  	 80952 	  	 80952 	 	 80952 	 	 0 
104 	 6 	 474  	 80952 	  	 80952 	 	 80952 	 	 0 
104 	 6 	 475  	 80952 	  	 80952 	 	 80952 	 	 0 
104 	 6 	 476  	 80952 	  	 80952 	 	 80952 	 	 0 
104 	 6 	 477  	 80952 	  	 80952 	 	 80952 	 	 0 
104 	 6 	 478  	 80952 	  	 80952 	 	 80952 	 	 0 
104 	 6 	 479  	 80952 	  	 80952 	 	 80952 	 	 0 
104 	 6 	 480  	 80952 	  	 80952 	 	 80952 	 	 0 
104 	 6 	 481  	 80952 	  	 80952 	 	 80952 	 	 0 
104 	 6 	 482  	 80952 	  	 80952 	 	 80952 	 	 0 
104 	 6 	 483  	 80952 	  	 80952 	 	 80952 	 	 0 
104 	 6 	 484  	 80952 	  	 80952 	 	 80952 	 	 0 
104 	 6 	 485  	 80952 	  	 80952 	 	 80952 	 	 0 
104 	 6 	 486  	 80952 	  	 80952 	 	 80952 	 	 0 
104 	 6 	 487  	 80952 	  	 80952 	 	 80952 	 	 0 
104 	 6 	 488  	 80952 	  	 80952 	 	 80952 	 	 0 
104 	 6 	 489  	 80952 	  	 80952 	 	 80952 	 	 0 
104 	 6 	 490  	 80952 	  	 80952 	 	 80952 	 	 0 
104 	 6 	 491  	 80952 	  	 80952 	 	 80952 	 	 0 
104 	 6 	 492  	 80952 	  	 80952 	 	 80952 	 	 0 
104 	 6 	 493  	 80952 	  	 80952 	 	 80952 	 	 0 
104 	 6 	 494  	 80952 	  	 80952 	 	 80952 	 	 0 
104 	 6 	 495  	 80952 	  	 80952 	 	 80952 	 	 0 
104 	 6 	 496  	 80952 	  	 80952 	 	 80952 	 	 0 
104 	 6 	 497  	 80952 	  	 80952 	 	 80952 	 	 0 
104 	 6 	 498  	 80952 	  	 80952 	 	 80952 	 	 0 
104 	 6 	 499  	 80952 	  	 80952 	 	 80952 	 	 0 
104 	 6 	 500  	 80952 	  	 80952 	 	 80952 	 	 0 
104 	 6 	 501  	 80952 	  	 80952 	 	 80952 	 	 0 
104 	 6 	 502  	 80952 	  	 80952 	 	 80952 	 	 0 
104 	 6 	 503  	 80952 	  	 80952 	 	 80952 	 	 0 
104 	 6 	 504  	 80952 	  	 80952 	 	 80952 	 	 0 
104 	 6 	 505  	 80952 	  	 80952 	 	 80952 	 	 0 
104 	 6 	 506  	 80952 	  	 80952 	 	 80952 	 	 0 
104 	 6 	 507  	 80952 	  	 80952 	 	 80952 	 	 0 
104 	 6 	 508  	 80952 	  	 80952 	 	 80952 	 	 0 
104 	 6 	 509  	 80952 	  	 80952 	 	 80952 	 	 0 
104 	 6 	 510  	 80952 	  	 80952 	 	 80952 	 	 0 
104 	 6 	 511  	 80952 	  	 80952 	 	 80952 	 	 0 
104 	 6 	 512  	 80952 	  	 80952 	 	 80952 	 	 0 
104 	 6 	 513  	 80952 	  	 80952 	 	 80952 	 	 0 
104 	 6 	 514  	 80952 	  	 80952 	 	 80952 	 	 0 
104 	 6 	 515  	 80952 	  	 80952 	 	 80952 	 	 0 
104 	 6 	 516  	 80952 	  	 80952 	 	 80952 	 	 0 
104 	 6 	 517  	 80952 	  	 80952 	 	 80952 	 	 0 
104 	 6 	 518  	 80952 	  	 80952 	 	 80952 	 	 0 
104 	 6 	 519  	 80952 	  	 80952 	 	 80952 	 	 0 
104 	 6 	 520  	 80952 	  	 80952 	 	 80952 	 	 0 
104 	 6 	 521  	 80952 	  	 80952 	 	 80952 	 	 0 
104 	 6 	 522  	 80952 	  	 80952 	 	 80952 	 	 0 
104 	 6 	 523  	 80952 	  	 80952 	 	 80952 	 	 0 
104 	 6 	 524  	 80952 	  	 80952 	 	 80952 	 	 0 
104 	 6 	 525  	 80952 	  	 80952 	 	 80952 	 	 0 
104 	 6 	 526  	 80952 	  	 80952 	 	 80952 	 	 0 
104 	 6 	 527  	 80952 	  	 80952 	 	 80952 	 	 0 
104 	 6 	 528  	 80952 	  	 80952 	 	 80952 	 	 0 
104 	 6 	 529  	 80952 	  	 80952 	 	 80952 	 	 0 
104 	 6 	 530  	 80952 	  	 80952 	 	 80952 	 	 0 
104 	 6 	 531  	 80952 	  	 80952 	 	 80952 	 	 0 
104 	 6 	 532  	 80952 	  	 80952 	 	 80952 	 	 0 
104 	 6 	 533  	 80952 	  	 80952 	 	 80952 	 	 0 
104 	 6 	 534  	 80952 	  	 80952 	 	 80952 	 	 0 
104 	 6 	 535  	 80952 	  	 80952 	 	 80952 	 	 0 
104 	 6 	 536  	 80952 	  	 80952 	 	 80952 	 	 0 
104 	 6 	 537  	 80952 	  	 80952 	 	 80952 	 	 0 
104 	 6 	 538  	 80952 	  	 80952 	 	 80952 	 	 0 
104 	 6 	 539  	 80952 	  	 80952 	 	 80952 	 	 0 
104 	 6 	 540  	 80952 	  	 80952 	 	 80952 	 	 0 
104 	 6 	 541  	 80952 	  	 80952 	 	 80952 	 	 0 
104 	 6 	 542  	 80952 	  	 80952 	 	 80952 	 	 0 
104 	 6 	 543  	 80952 	  	 80952 	 	 80952 	 	 0 
104 	 6 	 544  	 80952 	  	 80952 	 	 80952 	 	 0 
104 	 6 	 545  	 80952 	  	 80952 	 	 80952 	 	 0 
104 	 6 	 546  	 80952 	  	 80952 	 	 80952 	 	 0 
104 	 6 	 547  	 80952 	  	 80952 	 	 80952 	 	 0 
104 	 6 	 548  	 80952 	  	 80952 	 	 80952 	 	 0 
104 	 6 	 549  	 80952 	  	 80952 	 	 80952 	 	 0 
104 	 6 	 550  	 80952 	  	 80952 	 	 80952 	 	 0 
104 	 6 	 551  	 80952 	  	 80952 	 	 80952 	 	 0 
104 	 6 	 552  	 80952 	  	 80952 	 	 80952 	 	 0 
104 	 6 	 553  	 80952 	  	 80952 	 	 80952 	 	 0 
104 	 6 	 554  	 80952 	  	 80952 	 	 80952 	 	 0 
104 	 6 	 555  	 80952 	  	 80952 	 	 80952 	 	 0 
104 	 6 	 556  	 80952 	  	 80952 	 	 80952 	 	 0 
104 	 6 	 557  	 80952 	  	 80952 	 	 80952 	 	 0 
104 	 6 	 558  	 80952 	  	 80952 	 	 80952 	 	 0 
104 	 6 	 559  	 80952 	  	 80952 	 	 80952 	 	 0 
104 	 6 	 560  	 80952 	  	 80952 	 	 80952 	 	 0 
104 	 6 	 561  	 80952 	  	 80952 	 	 80952 	 	 0 
104 	 6 	 562  	 80952 	  	 80952 	 	 80952 	 	 0 
104 	 6 	 563  	 80952 	  	 80952 	 	 80952 	 	 0 
104 	 6 	 564  	 80952 	  	 80952 	 	 80952 	 	 0 
104 	 6 	 565  	 80952 	  	 80952 	 	 80952 	 	 0 
104 	 6 	 566  	 80952 	  	 80952 	 	 80952 	 	 0 
104 	 6 	 567  	 80952 	  	 80952 	 	 80952 	 	 0 
104 	 6 	 568  	 80952 	  	 80952 	 	 80952 	 	 0 
104 	 6 	 569  	 80952 	  	 80952 	 	 80952 	 	 0 
104 	 6 	 570  	 80952 	  	 80952 	 	 80952 	 	 0 
104 	 6 	 571  	 80952 	  	 80952 	 	 80952 	 	 0 
104 	 6 	 572  	 80952 	  	 80952 	 	 80952 	 	 0 
104 	 6 	 573  	 80952 	  	 80952 	 	 80952 	 	 0 
104 	 6 	 574  	 80952 	  	 80952 	 	 80952 	 	 0 
104 	 6 	 575  	 80952 	  	 80952 	 	 80952 	 	 0 
104 	 6 	 576  	 80952 	  	 80952 	 	 80952 	 	 0 
104 	 6 	 577  	 80952 	  	 80952 	 	 80952 	 	 0 
104 	 6 	 578  	 80952 	  	 80952 	 	 80952 	 	 0 
104 	 6 	 579  	 80952 	  	 80952 	 	 80952 	 	 0 
104 	 6 	 580  	 80952 	  	 80952 	 	 80952 	 	 0 
104 	 6 	 581  	 80952 	  	 80952 	 	 80952 	 	 0 
104 	 6 	 582  	 80952 	  	 80952 	 	 80952 	 	 0 
104 	 6 	 583  	 80952 	  	 80952 	 	 80952 	 	 0 
104 	 6 	 584  	 80952 	  	 80952 	 	 80952 	 	 0 
104 	 6 	 585  	 80952 	  	 80952 	 	 80952 	 	 0 
104 	 6 	 586  	 80952 	  	 80952 	 	 80952 	 	 0 
104 	 6 	 587  	 80952 	  	 80952 	 	 80952 	 	 0 
104 	 6 	 588  	 80952 	  	 80952 	 	 80952 	 	 0 
104 	 6 	 589  	 80952 	  	 80952 	 	 80952 	 	 0 
104 	 6 	 590  	 80952 	  	 80952 	 	 80952 	 	 0 
104 	 6 	 591  	 80952 	  	 80952 	 	 80952 	 	 0 
104 	 6 	 592  	 80952 	  	 80952 	 	 80952 	 	 0 
104 	 6 	 593  	 80952 	  	 80952 	 	 80952 	 	 0 
104 	 6 	 594  	 80952 	  	 80952 	 	 80952 	 	 0 
104 	 6 	 595  	 80952 	  	 80952 	 	 80952 	 	 0 
104 	 6 	 596  	 80952 	  	 80952 	 	 80952 	 	 0 
104 	 6 	 597  	 80952 	  	 80952 	 	 80952 	 	 0 
104 	 6 	 598  	 80952 	  	 80952 	 	 80952 	 	 0 
104 	 6 	 599  	 80952 	  	 80952 	 	 80952 	 	 0 
104 	 6 	 600  	 80952 	  	 80952 	 	 80952 	 	 0 
104 	 6 	 601  	 80952 	  	 80952 	 	 80952 	 	 0 
104 	 6 	 602  	 80952 	  	 80952 	 	 80952 	 	 0 
104 	 6 	 603  	 80952 	  	 80952 	 	 80952 	 	 0 
104 	 6 	 604  	 80952 	  	 80952 	 	 80952 	 	 0 
104 	 6 	 605  	 80952 	  	 80952 	 	 80952 	 	 0 
104 	 6 	 606  	 80952 	  	 80952 	 	 80952 	 	 0 
104 	 6 	 607  	 80952 	  	 80952 	 	 80952 	 	 0 
104 	 6 	 608  	 80952 	  	 80952 	 	 80952 	 	 0 
104 	 6 	 609  	 80952 	  	 80952 	 	 80952 	 	 0 
104 	 6 	 610  	 80952 	  	 80952 	 	 80952 	 	 0 
104 	 6 	 611  	 80952 	  	 80952 	 	 80952 	 	 0 
104 	 6 	 612  	 80952 	  	 80952 	 	 80952 	 	 0 
104 	 6 	 613  	 80952 	  	 80952 	 	 80952 	 	 0 
104 	 6 	 614  	 80952 	  	 80952 	 	 80952 	 	 0 
104 	 6 	 615  	 80952 	  	 80952 	 	 80952 	 	 0 
104 	 6 	 616  	 80952 	  	 80952 	 	 80952 	 	 0 
104 	 6 	 617  	 80952 	  	 80952 	 	 80952 	 	 0 
104 	 6 	 618  	 80952 	  	 80952 	 	 80952 	 	 0 
104 	 6 	 619  	 80952 	  	 80952 	 	 80952 	 	 0 
104 	 6 	 620  	 80952 	  	 80952 	 	 80952 	 	 0 
104 	 6 	 621  	 80952 	  	 80952 	 	 80952 	 	 0 
104 	 6 	 622  	 80952 	  	 80952 	 	 80952 	 	 0 
104 	 6 	 623  	 80952 	  	 80952 	 	 80952 	 	 0 
104 	 6 	 624  	 80952 	  	 80952 	 	 80952 	 	 0 
104 	 6 	 625  	 80952 	  	 80952 	 	 80952 	 	 0 
104 	 6 	 626  	 80952 	  	 80952 	 	 80952 	 	 0 
104 	 6 	 627  	 80952 	  	 80952 	 	 80952 	 	 0 
104 	 6 	 628  	 80952 	  	 80952 	 	 80952 	 	 0 
104 	 6 	 629  	 80952 	  	 80952 	 	 80952 	 	 0 
104 	 6 	 630  	 80952 	  	 80952 	 	 80952 	 	 0 
104 	 6 	 631  	 80952 	  	 80952 	 	 80952 	 	 0 
104 	 6 	 632  	 80952 	  	 80952 	 	 80952 	 	 0 
104 	 6 	 633  	 80952 	  	 80952 	 	 80952 	 	 0 
104 	 6 	 634  	 80952 	  	 80952 	 	 80952 	 	 0 
104 	 6 	 635  	 80952 	  	 80952 	 	 80952 	 	 0 
104 	 6 	 636  	 80952 	  	 80952 	 	 80952 	 	 0 
104 	 6 	 637  	 80952 	  	 80952 	 	 80952 	 	 0 
104 	 6 	 638  	 80952 	  	 80952 	 	 80952 	 	 0 
104 	 6 	 639  	 80952 	  	 80952 	 	 80952 	 	 0 
104 	 6 	 640  	 80952 	  	 80952 	 	 80952 	 	 0 
104 	 6 	 641  	 80952 	  	 80952 	 	 80952 	 	 0 
104 	 6 	 642  	 80952 	  	 80952 	 	 80952 	 	 0 
104 	 6 	 643  	 80952 	  	 80952 	 	 80952 	 	 0 
104 	 6 	 644  	 80952 	  	 80952 	 	 80952 	 	 0 
104 	 6 	 645  	 80952 	  	 80952 	 	 80952 	 	 0 
104 	 6 	 646  	 80952 	  	 80952 	 	 80952 	 	 0 
104 	 6 	 647  	 80952 	  	 80952 	 	 80952 	 	 0 
104 	 6 	 648  	 80952 	  	 80952 	 	 80952 	 	 0 
104 	 6 	 649  	 80952 	  	 80952 	 	 80952 	 	 0 
104 	 6 	 650  	 80952 	  	 80952 	 	 80952 	 	 0 
104 	 6 	 651  	 80952 	  	 80952 	 	 80952 	 	 0 
104 	 6 	 652  	 80952 	  	 80952 	 	 80952 	 	 0 
104 	 6 	 653  	 80952 	  	 80952 	 	 80952 	 	 0 
104 	 6 	 654  	 80952 	  	 80952 	 	 80952 	 	 0 
104 	 6 	 655  	 80952 	  	 80952 	 	 80952 	 	 0 
104 	 6 	 656  	 80952 	  	 80952 	 	 80952 	 	 0 
104 	 6 	 657  	 80952 	  	 80952 	 	 80952 	 	 0 
104 	 6 	 658  	 80952 	  	 80952 	 	 80952 	 	 0 
104 	 6 	 659  	 80952 	  	 80952 	 	 80952 	 	 0 
104 	 6 	 660  	 80952 	  	 80952 	 	 80952 	 	 0 
104 	 6 	 661  	 80952 	  	 80952 	 	 80952 	 	 0 
104 	 6 	 662  	 80952 	  	 80952 	 	 80952 	 	 0 
104 	 6 	 663  	 80952 	  	 80952 	 	 80952 	 	 0 
104 	 6 	 664  	 80952 	  	 80952 	 	 80952 	 	 0 
104 	 6 	 665  	 80952 	  	 80952 	 	 80952 	 	 0 
104 	 6 	 666  	 80952 	  	 80952 	 	 80952 	 	 0 
104 	 6 	 667  	 80952 	  	 80952 	 	 80952 	 	 0 
104 	 6 	 668  	 80952 	  	 80952 	 	 80952 	 	 0 
104 	 6 	 669  	 80952 	  	 80952 	 	 80952 	 	 0 
104 	 6 	 670  	 80952 	  	 80952 	 	 80952 	 	 0 
104 	 6 	 671  	 80952 	  	 80952 	 	 80952 	 	 0 
104 	 6 	 672  	 80952 	  	 80952 	 	 80952 	 	 0 
104 	 6 	 673  	 80952 	  	 80952 	 	 80952 	 	 0 
104 	 6 	 674  	 80952 	  	 80952 	 	 80952 	 	 0 
104 	 6 	 675  	 80952 	  	 80952 	 	 80952 	 	 0 
104 	 6 	 676  	 80952 	  	 80952 	 	 80952 	 	 0 
104 	 6 	 677  	 80952 	  	 80952 	 	 80952 	 	 0 
104 	 6 	 678  	 80952 	  	 80952 	 	 80952 	 	 0 
104 	 6 	 679  	 80952 	  	 80952 	 	 80952 	 	 0 
104 	 6 	 680  	 80952 	  	 80952 	 	 80952 	 	 0 
104 	 6 	 681  	 80952 	  	 80952 	 	 80952 	 	 0 
104 	 6 	 682  	 80952 	  	 80952 	 	 80952 	 	 0 
104 	 6 	 683  	 80952 	  	 80952 	 	 80952 	 	 0 
104 	 6 	 684  	 80952 	  	 80952 	 	 80952 	 	 0 
104 	 6 	 685  	 80952 	  	 80952 	 	 80952 	 	 0 
104 	 6 	 686  	 80952 	  	 80952 	 	 80952 	 	 0 
104 	 6 	 687  	 80952 	  	 80952 	 	 80952 	 	 0 
104 	 6 	 688  	 80952 	  	 80952 	 	 80952 	 	 0 
104 	 6 	 689  	 80952 	  	 80952 	 	 80952 	 	 0 
104 	 6 	 690  	 80952 	  	 80952 	 	 80952 	 	 0 
104 	 6 	 691  	 80952 	  	 80952 	 	 80952 	 	 0 
104 	 6 	 692  	 80952 	  	 80952 	 	 80952 	 	 0 
104 	 6 	 693  	 80952 	  	 80952 	 	 80952 	 	 0 
104 	 6 	 694  	 80952 	  	 80952 	 	 80952 	 	 0 
104 	 6 	 695  	 80952 	  	 80952 	 	 80952 	 	 0 
104 	 6 	 696  	 80952 	  	 80952 	 	 80952 	 	 0 
104 	 6 	 697  	 80952 	  	 80952 	 	 80952 	 	 0 
104 	 6 	 698  	 80952 	  	 80952 	 	 80952 	 	 0 
104 	 6 	 699  	 80952 	  	 80952 	 	 80952 	 	 0 
104 	 6 	 700  	 80952 	  	 80952 	 	 80952 	 	 0 
104 	 6 	 701  	 80952 	  	 80952 	 	 80952 	 	 0 
104 	 6 	 702  	 80952 	  	 80952 	 	 80952 	 	 0 
104 	 6 	 703  	 80952 	  	 80952 	 	 80952 	 	 0 
104 	 6 	 704  	 80952 	  	 80952 	 	 80952 	 	 0 
104 	 6 	 705  	 80952 	  	 80952 	 	 80952 	 	 0 
104 	 6 	 706  	 80952 	  	 80952 	 	 80952 	 	 0 
104 	 6 	 707  	 80952 	  	 80952 	 	 80952 	 	 0 
104 	 6 	 708  	 80952 	  	 80952 	 	 80952 	 	 0 
104 	 6 	 709  	 80952 	  	 80952 	 	 80952 	 	 0 
104 	 6 	 710  	 80952 	  	 80952 	 	 80952 	 	 0 
104 	 6 	 711  	 80952 	  	 80952 	 	 80952 	 	 0 
104 	 6 	 712  	 80952 	  	 80952 	 	 80952 	 	 0 
104 	 6 	 713  	 80952 	  	 80952 	 	 80952 	 	 0 
104 	 6 	 714  	 80952 	  	 80952 	 	 80952 	 	 0 
104 	 6 	 715  	 80952 	  	 80952 	 	 80952 	 	 0 
104 	 6 	 716  	 80952 	  	 80952 	 	 80952 	 	 0 
104 	 6 	 717  	 80952 	  	 80952 	 	 80952 	 	 0 
104 	 6 	 718  	 80952 	  	 80952 	 	 80952 	 	 0 
104 	 6 	 719  	 80952 	  	 80952 	 	 80952 	 	 0 
104 	 6 	 720  	 80952 	  	 80952 	 	 80952 	 	 0 
104 	 6 	 721  	 80952 	  	 80952 	 	 80952 	 	 0 
104 	 6 	 722  	 80952 	  	 80952 	 	 80952 	 	 0 
104 	 6 	 723  	 80952 	  	 80952 	 	 80952 	 	 0 
104 	 6 	 724  	 80952 	  	 80952 	 	 80952 	 	 0 
104 	 6 	 725  	 80952 	  	 80952 	 	 80952 	 	 0 
104 	 6 	 726  	 80952 	  	 80952 	 	 80952 	 	 0 
104 	 6 	 727  	 80952 	  	 80952 	 	 80952 	 	 0 
104 	 6 	 728  	 80952 	  	 80952 	 	 80952 	 	 0 
