1 	 0 	 0 	 0 	 0 
2 	 0 	 0 	 0 	 0 
3 	 1.72427 	 1.93433 	 2.41646 	 1.03208 
4 	 1.72427 	 1.93433 	 2.41646 	 1.03208 
5 	 1.72427 	 1.93433 	 2.41646 	 1.03208 
6 	 1.72427 	 1.93433 	 2.41646 	 1.03208 
7 	 1.72427 	 1.93433 	 2.41646 	 1.03208 
8 	 1.72427 	 1.93433 	 2.41646 	 1.03208 
9 	 1.72427 	 1.93433 	 2.41646 	 1.03208 
10 	 3.47286 	 3.83427 	 4.84494 	 2.10079 
11 	 3.47286 	 3.83427 	 4.84494 	 2.10079 
12 	 3.47286 	 3.83427 	 4.84494 	 2.10079 
13 	 3.47286 	 3.83427 	 4.84494 	 2.10079 
14 	 3.47286 	 3.83427 	 4.84494 	 2.10079 
15 	 3.47286 	 3.83427 	 4.84494 	 2.10079 
16 	 3.47286 	 3.83427 	 4.84494 	 2.10079 
17 	 3.4927 	 3.80622 	 4.85474 	 2.13066 
18 	 3.4927 	 3.80622 	 4.85474 	 2.13066 
19 	 3.4927 	 3.80622 	 4.85474 	 2.13066 
20 	 3.4927 	 3.80622 	 4.85474 	 2.13066 
21 	 3.4927 	 3.80622 	 4.85474 	 2.13066 
22 	 3.4927 	 3.80622 	 4.85474 	 2.13066 
23 	 3.4927 	 3.80622 	 4.85474 	 2.13066 
24 	 3.4927 	 3.80622 	 4.85474 	 2.13066 
25 	 3.4927 	 3.80622 	 4.85474 	 2.13066 
26 	 3.4927 	 3.80622 	 4.85474 	 2.13066 
27 	 3.4927 	 3.80622 	 4.85474 	 2.13066 
28 	 3.4927 	 3.80622 	 4.85474 	 2.13066 
29 	 3.4927 	 3.80622 	 4.85474 	 2.13066 
30 	 3.4927 	 3.80622 	 4.85474 	 2.13066 
31 	 3.4927 	 3.80622 	 4.85474 	 2.13066 
32 	 3.4927 	 3.80622 	 4.85474 	 2.13066 
33 	 3.4927 	 3.80622 	 4.85474 	 2.13066 
34 	 3.4927 	 3.80622 	 4.85474 	 2.13066 
35 	 3.4927 	 3.80622 	 4.85474 	 2.13066 
36 	 3.4927 	 3.80622 	 4.85474 	 2.13066 
37 	 3.4927 	 3.80622 	 4.85474 	 2.13066 
38 	 3.4927 	 3.80622 	 4.85474 	 2.13066 
39 	 3.4927 	 3.80622 	 4.85474 	 2.13066 
40 	 3.4927 	 3.80622 	 4.85474 	 2.13066 
41 	 3.4927 	 3.80622 	 4.85474 	 2.13066 
42 	 3.4927 	 3.80622 	 4.85474 	 2.13066 
43 	 3.4927 	 3.80622 	 4.85474 	 2.13066 
44 	 3.4927 	 3.80622 	 4.85474 	 2.13066 
45 	 3.4927 	 3.80622 	 4.85474 	 2.13066 
46 	 3.4927 	 3.80622 	 4.85474 	 2.13066 
47 	 3.4927 	 3.80622 	 4.85474 	 2.13066 
48 	 3.4927 	 3.80622 	 4.85474 	 2.13066 
49 	 3.4927 	 3.80622 	 4.85474 	 2.13066 
50 	 3.4927 	 3.80622 	 4.85474 	 2.13066 
51 	 3.4927 	 3.80622 	 4.85474 	 2.13066 
52 	 3.4927 	 3.80622 	 4.85474 	 2.13066 
53 	 3.4927 	 3.80622 	 4.85474 	 2.13066 
54 	 3.4927 	 3.80622 	 4.85474 	 2.13066 
55 	 3.4927 	 3.80622 	 4.85474 	 2.13066 
56 	 3.4927 	 3.80622 	 4.85474 	 2.13066 
57 	 3.4927 	 3.80622 	 4.85474 	 2.13066 
58 	 3.4927 	 3.80622 	 4.85474 	 2.13066 
59 	 3.4927 	 3.80622 	 4.85474 	 2.13066 
60 	 3.4927 	 3.80622 	 4.85474 	 2.13066 
61 	 3.4927 	 3.80622 	 4.85474 	 2.13066 
62 	 3.4927 	 3.80622 	 4.85474 	 2.13066 
63 	 3.4927 	 3.80622 	 4.85474 	 2.13066 
64 	 3.4927 	 3.80622 	 4.85474 	 2.13066 
65 	 3.4927 	 3.80622 	 4.85474 	 2.13066 
66 	 3.4927 	 3.80622 	 4.85474 	 2.13066 
67 	 3.4927 	 3.80622 	 4.85474 	 2.13066 
68 	 3.4927 	 3.80622 	 4.85474 	 2.13066 
69 	 3.4927 	 3.80622 	 4.85474 	 2.13066 
70 	 3.4927 	 3.80622 	 4.85474 	 2.13066 
71 	 3.4927 	 3.80622 	 4.85474 	 2.13066 
72 	 3.4927 	 3.80622 	 4.85474 	 2.13066 
73 	 3.4927 	 3.80622 	 4.85474 	 2.13066 
74 	 3.4927 	 3.80622 	 4.85474 	 2.13066 
75 	 3.4927 	 3.80622 	 4.85474 	 2.13066 
76 	 3.4927 	 3.80622 	 4.85474 	 2.13066 
77 	 3.4927 	 3.80622 	 4.85474 	 2.13066 
78 	 3.4927 	 3.80622 	 4.85474 	 2.13066 
79 	 3.4927 	 3.80622 	 4.85474 	 2.13066 
80 	 3.4927 	 3.80622 	 4.85474 	 2.13066 
81 	 3.4927 	 3.80622 	 4.85474 	 2.13066 
82 	 3.4927 	 3.80622 	 4.85474 	 2.13066 
83 	 3.4927 	 3.80622 	 4.85474 	 2.13066 
84 	 3.4927 	 3.80622 	 4.85474 	 2.13066 
85 	 3.4927 	 3.80622 	 4.85474 	 2.13066 
86 	 3.4927 	 3.80622 	 4.85474 	 2.13066 
87 	 3.4927 	 3.80622 	 4.85474 	 2.13066 
88 	 3.4927 	 3.80622 	 4.85474 	 2.13066 
89 	 3.4927 	 3.80622 	 4.85474 	 2.13066 
90 	 3.4927 	 3.80622 	 4.85474 	 2.13066 
91 	 3.4927 	 3.80622 	 4.85474 	 2.13066 
92 	 3.4927 	 3.80622 	 4.85474 	 2.13066 
93 	 3.4927 	 3.80622 	 4.85474 	 2.13066 
94 	 3.4927 	 3.80622 	 4.85474 	 2.13066 
95 	 3.4927 	 3.80622 	 4.85474 	 2.13066 
96 	 3.4927 	 3.80622 	 4.85474 	 2.13066 
97 	 3.4927 	 3.80622 	 4.85474 	 2.13066 
98 	 3.4927 	 3.80622 	 4.85474 	 2.13066 
99 	 3.4927 	 3.80622 	 4.85474 	 2.13066 
100 	 3.4927 	 3.80622 	 4.85474 	 2.13066 
