102 	 1 	 1  	 3548.95 	  	 3502.66 	 	 0 	 	 0 
102 	 1 	 2  	 3548.95 	  	 3502.66 	 	 3502.66 	 	 0 
102 	 1 	 3  	 3548.95 	  	 3502.66 	 	 3502.66 	 	 0 
102 	 1 	 4  	 3548.95 	  	 3502.66 	 	 3502.66 	 	 0 
102 	 1 	 5  	 3548.95 	  	 3502.66 	 	 3502.66 	 	 0 
102 	 1 	 6  	 3548.95 	  	 3502.66 	 	 3502.66 	 	 0 
102 	 1 	 7  	 3548.95 	  	 3502.66 	 	 3502.66 	 	 0 
102 	 1 	 8  	 3548.95 	  	 3548.95 	 	 3502.66 	 	 0 
102 	 1 	 9  	 3548.95 	  	 3548.95 	 	 3548.95 	 	 0 
102 	 1 	 10  	 3548.95 	  	 3548.95 	 	 3548.95 	 	 0 
102 	 1 	 11  	 3548.95 	  	 3548.95 	 	 3548.95 	 	 0 
102 	 1 	 12  	 3548.95 	  	 3548.95 	 	 3548.95 	 	 0 
102 	 1 	 13  	 3548.95 	  	 3548.95 	 	 3548.95 	 	 0 
102 	 1 	 14  	 3548.95 	  	 3548.95 	 	 3548.95 	 	 0 
102 	 1 	 15  	 3548.95 	  	 3548.95 	 	 3548.95 	 	 0 
102 	 1 	 16  	 3548.95 	  	 3548.95 	 	 3548.95 	 	 0 
102 	 1 	 17  	 3548.95 	  	 3548.95 	 	 3548.95 	 	 0 
102 	 1 	 18  	 3548.95 	  	 3548.95 	 	 3548.95 	 	 0 
102 	 1 	 19  	 3548.95 	  	 3548.95 	 	 3548.95 	 	 0 
102 	 1 	 20  	 3548.95 	  	 3548.95 	 	 3548.95 	 	 0 
102 	 1 	 21  	 3548.95 	  	 3548.95 	 	 3548.95 	 	 0 
102 	 1 	 22  	 3548.95 	  	 3548.95 	 	 3548.95 	 	 0 
102 	 1 	 23  	 3548.95 	  	 3548.95 	 	 3548.95 	 	 0 
102 	 1 	 24  	 3548.95 	  	 3548.95 	 	 3548.95 	 	 0 
102 	 1 	 25  	 3548.95 	  	 3548.95 	 	 3548.95 	 	 0 
102 	 1 	 26  	 3548.95 	  	 3548.95 	 	 3548.95 	 	 0 
102 	 1 	 27  	 3548.95 	  	 3548.95 	 	 3548.95 	 	 0 
102 	 1 	 28  	 3548.95 	  	 3548.95 	 	 3548.95 	 	 0 
102 	 1 	 29  	 3548.95 	  	 3548.95 	 	 3548.95 	 	 0 
102 	 1 	 30  	 3548.95 	  	 3548.95 	 	 3548.95 	 	 0 
102 	 1 	 31  	 3548.95 	  	 3548.95 	 	 3548.95 	 	 0 
102 	 1 	 32  	 3548.95 	  	 3548.95 	 	 3548.95 	 	 0 
102 	 1 	 33  	 3548.95 	  	 3548.95 	 	 3548.95 	 	 0 
102 	 1 	 34  	 3548.95 	  	 3548.95 	 	 3548.95 	 	 0 
102 	 1 	 35  	 3548.95 	  	 3548.95 	 	 3548.95 	 	 0 
102 	 1 	 36  	 3548.95 	  	 3548.95 	 	 3548.95 	 	 0 
102 	 1 	 37  	 3548.95 	  	 3548.95 	 	 3548.95 	 	 0 
102 	 1 	 38  	 3548.95 	  	 3548.95 	 	 3548.95 	 	 0 
102 	 1 	 39  	 3548.95 	  	 3548.95 	 	 3548.95 	 	 0 
102 	 1 	 40  	 3548.95 	  	 3548.95 	 	 3548.95 	 	 0 
102 	 1 	 41  	 3548.95 	  	 3548.95 	 	 3548.95 	 	 0 
102 	 1 	 42  	 3548.95 	  	 3548.95 	 	 3548.95 	 	 0 
102 	 1 	 43  	 3548.95 	  	 3548.95 	 	 3548.95 	 	 0 
102 	 1 	 44  	 3548.95 	  	 3548.95 	 	 3548.95 	 	 0 
102 	 1 	 45  	 3548.95 	  	 3548.95 	 	 3548.95 	 	 0 
102 	 1 	 46  	 3548.95 	  	 3548.95 	 	 3548.95 	 	 0 
102 	 1 	 47  	 3548.95 	  	 3548.95 	 	 3548.95 	 	 0 
102 	 1 	 48  	 3548.95 	  	 3548.95 	 	 3548.95 	 	 0 
102 	 1 	 49  	 3548.95 	  	 3548.95 	 	 3548.95 	 	 0 
102 	 1 	 50  	 3548.95 	  	 3548.95 	 	 3548.95 	 	 0 
102 	 1 	 51  	 3548.95 	  	 3548.95 	 	 3548.95 	 	 0 
102 	 1 	 52  	 3548.95 	  	 3548.95 	 	 3548.95 	 	 0 
102 	 1 	 53  	 3548.95 	  	 3548.95 	 	 3548.95 	 	 0 
102 	 1 	 54  	 3548.95 	  	 3548.95 	 	 3548.95 	 	 0 
102 	 1 	 55  	 3548.95 	  	 3548.95 	 	 3548.95 	 	 0 
102 	 1 	 56  	 3548.95 	  	 3548.95 	 	 3548.95 	 	 0 
102 	 1 	 57  	 3548.95 	  	 3548.95 	 	 3548.95 	 	 0 
102 	 1 	 58  	 3548.95 	  	 3548.95 	 	 3548.95 	 	 0 
102 	 1 	 59  	 3548.95 	  	 3548.95 	 	 3548.95 	 	 0 
102 	 1 	 60  	 3548.95 	  	 3548.95 	 	 3548.95 	 	 0 
102 	 1 	 61  	 3548.95 	  	 3548.95 	 	 3548.95 	 	 0 
102 	 1 	 62  	 3548.95 	  	 3548.95 	 	 3548.95 	 	 0 
102 	 1 	 63  	 3548.95 	  	 3548.95 	 	 3548.95 	 	 0 
102 	 1 	 64  	 3548.95 	  	 3548.95 	 	 3548.95 	 	 0 
102 	 1 	 65  	 3548.95 	  	 3548.95 	 	 3548.95 	 	 0 
102 	 1 	 66  	 3548.95 	  	 3548.95 	 	 3548.95 	 	 0 
102 	 1 	 67  	 3548.95 	  	 3548.95 	 	 3548.95 	 	 0 
102 	 1 	 68  	 3548.95 	  	 3548.95 	 	 3548.95 	 	 0 
102 	 1 	 69  	 3548.95 	  	 3548.95 	 	 3548.95 	 	 0 
102 	 1 	 70  	 3548.95 	  	 3548.95 	 	 3548.95 	 	 0 
102 	 1 	 71  	 3548.95 	  	 3548.95 	 	 3548.95 	 	 0 
102 	 1 	 72  	 3548.95 	  	 3548.95 	 	 3548.95 	 	 0 
102 	 1 	 73  	 3548.95 	  	 3548.95 	 	 3548.95 	 	 0 
102 	 1 	 74  	 3548.95 	  	 3548.95 	 	 3548.95 	 	 0 
102 	 1 	 75  	 3548.95 	  	 3548.95 	 	 3548.95 	 	 0 
102 	 1 	 76  	 3548.95 	  	 3548.95 	 	 3548.95 	 	 0 
102 	 1 	 77  	 3548.95 	  	 3548.95 	 	 3548.95 	 	 0 
102 	 1 	 78  	 3548.95 	  	 3548.95 	 	 3548.95 	 	 0 
102 	 1 	 79  	 3548.95 	  	 3548.95 	 	 3548.95 	 	 0 
102 	 1 	 80  	 3548.95 	  	 3548.95 	 	 3548.95 	 	 0 
102 	 1 	 81  	 3548.95 	  	 3548.95 	 	 3548.95 	 	 0 
102 	 1 	 82  	 3548.95 	  	 3548.95 	 	 3548.95 	 	 0 
102 	 1 	 83  	 3548.95 	  	 3548.95 	 	 3548.95 	 	 0 
102 	 1 	 84  	 3548.95 	  	 3548.95 	 	 3548.95 	 	 0 
102 	 1 	 85  	 3548.95 	  	 3548.95 	 	 3548.95 	 	 0 
102 	 1 	 86  	 3548.95 	  	 3548.95 	 	 3548.95 	 	 0 
102 	 1 	 87  	 3548.95 	  	 3548.95 	 	 3548.95 	 	 0 
102 	 1 	 88  	 3548.95 	  	 3548.95 	 	 3548.95 	 	 0 
102 	 1 	 89  	 3548.95 	  	 3548.95 	 	 3548.95 	 	 0 
102 	 1 	 90  	 3548.95 	  	 3548.95 	 	 3548.95 	 	 0 
102 	 1 	 91  	 3548.95 	  	 3548.95 	 	 3548.95 	 	 0 
102 	 1 	 92  	 3548.95 	  	 3548.95 	 	 3548.95 	 	 0 
102 	 1 	 93  	 3548.95 	  	 3548.95 	 	 3548.95 	 	 0 
102 	 1 	 94  	 3548.95 	  	 3548.95 	 	 3548.95 	 	 0 
102 	 1 	 95  	 3548.95 	  	 3548.95 	 	 3548.95 	 	 0 
102 	 1 	 96  	 3548.95 	  	 3548.95 	 	 3548.95 	 	 0 
102 	 1 	 97  	 3548.95 	  	 3548.95 	 	 3548.95 	 	 0 
102 	 1 	 98  	 3548.95 	  	 3548.95 	 	 3548.95 	 	 0 
102 	 1 	 99  	 3548.95 	  	 3548.95 	 	 3548.95 	 	 0 
102 	 1 	 100  	 3548.95 	  	 3548.95 	 	 3548.95 	 	 0 
102 	 1 	 101  	 3548.95 	  	 3548.95 	 	 3548.95 	 	 0 
102 	 1 	 102  	 3548.95 	  	 3548.95 	 	 3548.95 	 	 0 
102 	 1 	 103  	 3548.95 	  	 3548.95 	 	 3548.95 	 	 0 
102 	 1 	 104  	 3548.95 	  	 3548.95 	 	 3548.95 	 	 0 
102 	 1 	 105  	 3548.95 	  	 3548.95 	 	 3548.95 	 	 0 
102 	 1 	 106  	 3548.95 	  	 3548.95 	 	 3548.95 	 	 0 
102 	 1 	 107  	 3548.95 	  	 3548.95 	 	 3548.95 	 	 0 
102 	 1 	 108  	 3548.95 	  	 3548.95 	 	 3548.95 	 	 0 
102 	 1 	 109  	 3548.95 	  	 3548.95 	 	 3548.95 	 	 0 
102 	 1 	 110  	 3548.95 	  	 3548.95 	 	 3548.95 	 	 0 
102 	 1 	 111  	 3548.95 	  	 3548.95 	 	 3548.95 	 	 0 
102 	 1 	 112  	 3548.95 	  	 3548.95 	 	 3548.95 	 	 0 
102 	 1 	 113  	 3548.95 	  	 3548.95 	 	 3548.95 	 	 0 
102 	 1 	 114  	 3548.95 	  	 3548.95 	 	 3548.95 	 	 0 
102 	 1 	 115  	 3548.95 	  	 3548.95 	 	 3548.95 	 	 0 
102 	 1 	 116  	 3548.95 	  	 3548.95 	 	 3548.95 	 	 0 
102 	 1 	 117  	 3548.95 	  	 3548.95 	 	 3548.95 	 	 0 
102 	 1 	 118  	 3548.95 	  	 3548.95 	 	 3548.95 	 	 0 
102 	 1 	 119  	 3548.95 	  	 3548.95 	 	 3548.95 	 	 0 
102 	 1 	 120  	 3548.95 	  	 3548.95 	 	 3548.95 	 	 0 
102 	 1 	 121  	 3548.95 	  	 3548.95 	 	 3548.95 	 	 0 
102 	 1 	 122  	 3548.95 	  	 3548.95 	 	 3548.95 	 	 0 
102 	 1 	 123  	 3548.95 	  	 3548.95 	 	 3548.95 	 	 0 
102 	 1 	 124  	 3548.95 	  	 3548.95 	 	 3548.95 	 	 0 
102 	 1 	 125  	 3548.95 	  	 3548.95 	 	 3548.95 	 	 0 
102 	 1 	 126  	 3548.95 	  	 3548.95 	 	 3548.95 	 	 0 
102 	 1 	 127  	 3548.95 	  	 3548.95 	 	 3548.95 	 	 0 
102 	 1 	 128  	 3548.95 	  	 3548.95 	 	 3548.95 	 	 0 
102 	 1 	 129  	 3548.95 	  	 3548.95 	 	 3548.95 	 	 0 
102 	 1 	 130  	 3548.95 	  	 3548.95 	 	 3548.95 	 	 0 
102 	 1 	 131  	 3548.95 	  	 3548.95 	 	 3548.95 	 	 0 
102 	 1 	 132  	 3548.95 	  	 3548.95 	 	 3548.95 	 	 0 
102 	 1 	 133  	 3548.95 	  	 3548.95 	 	 3548.95 	 	 0 
102 	 1 	 134  	 3548.95 	  	 3548.95 	 	 3548.95 	 	 0 
102 	 1 	 135  	 3548.95 	  	 3548.95 	 	 3548.95 	 	 0 
102 	 1 	 136  	 3548.95 	  	 3548.95 	 	 3548.95 	 	 0 
102 	 1 	 137  	 3548.95 	  	 3548.95 	 	 3548.95 	 	 0 
102 	 1 	 138  	 3548.95 	  	 3548.95 	 	 3548.95 	 	 0 
102 	 1 	 139  	 3548.95 	  	 3548.95 	 	 3548.95 	 	 0 
102 	 1 	 140  	 3548.95 	  	 3548.95 	 	 3548.95 	 	 0 
102 	 1 	 141  	 3548.95 	  	 3548.95 	 	 3548.95 	 	 0 
102 	 1 	 142  	 3548.95 	  	 3548.95 	 	 3548.95 	 	 0 
102 	 1 	 143  	 3548.95 	  	 3548.95 	 	 3548.95 	 	 0 
102 	 1 	 144  	 3548.95 	  	 3548.95 	 	 3548.95 	 	 0 
102 	 1 	 145  	 3548.95 	  	 3548.95 	 	 3548.95 	 	 0 
102 	 1 	 146  	 3548.95 	  	 3548.95 	 	 3548.95 	 	 0 
102 	 1 	 147  	 3548.95 	  	 3548.95 	 	 3548.95 	 	 0 
102 	 1 	 148  	 3548.95 	  	 3548.95 	 	 3548.95 	 	 0 
102 	 1 	 149  	 3548.95 	  	 3548.95 	 	 3548.95 	 	 0 
102 	 1 	 150  	 3548.95 	  	 3548.95 	 	 3548.95 	 	 0 
102 	 1 	 151  	 3548.95 	  	 3548.95 	 	 3548.95 	 	 0 
102 	 1 	 152  	 3548.95 	  	 3548.95 	 	 3548.95 	 	 0 
102 	 1 	 153  	 3548.95 	  	 3548.95 	 	 3548.95 	 	 0 
102 	 1 	 154  	 3548.95 	  	 3548.95 	 	 3548.95 	 	 0 
102 	 1 	 155  	 3548.95 	  	 3548.95 	 	 3548.95 	 	 0 
102 	 1 	 156  	 3548.95 	  	 3548.95 	 	 3548.95 	 	 0 
102 	 1 	 157  	 3548.95 	  	 3548.95 	 	 3548.95 	 	 0 
102 	 1 	 158  	 3548.95 	  	 3548.95 	 	 3548.95 	 	 0 
102 	 1 	 159  	 3548.95 	  	 3548.95 	 	 3548.95 	 	 0 
102 	 1 	 160  	 3548.95 	  	 3548.95 	 	 3548.95 	 	 0 
102 	 1 	 161  	 3548.95 	  	 3548.95 	 	 3548.95 	 	 0 
102 	 1 	 162  	 3548.95 	  	 3548.95 	 	 3548.95 	 	 0 
102 	 1 	 163  	 3548.95 	  	 3548.95 	 	 3548.95 	 	 0 
102 	 1 	 164  	 3548.95 	  	 3548.95 	 	 3548.95 	 	 0 
102 	 1 	 165  	 3548.95 	  	 3548.95 	 	 3548.95 	 	 0 
102 	 1 	 166  	 3548.95 	  	 3548.95 	 	 3548.95 	 	 0 
102 	 1 	 167  	 3548.95 	  	 3548.95 	 	 3548.95 	 	 0 
102 	 1 	 168  	 3548.95 	  	 3548.95 	 	 3548.95 	 	 0 
102 	 1 	 169  	 3548.95 	  	 3548.95 	 	 3548.95 	 	 0 
102 	 1 	 170  	 3548.95 	  	 3548.95 	 	 3548.95 	 	 0 
102 	 1 	 171  	 3548.95 	  	 3548.95 	 	 3548.95 	 	 0 
102 	 1 	 172  	 3548.95 	  	 3548.95 	 	 3548.95 	 	 0 
102 	 1 	 173  	 3548.95 	  	 3548.95 	 	 3548.95 	 	 0 
102 	 1 	 174  	 3548.95 	  	 3548.95 	 	 3548.95 	 	 0 
102 	 1 	 175  	 3548.95 	  	 3548.95 	 	 3548.95 	 	 0 
102 	 1 	 176  	 3548.95 	  	 3548.95 	 	 3548.95 	 	 0 
102 	 1 	 177  	 3548.95 	  	 3548.95 	 	 3548.95 	 	 0 
102 	 1 	 178  	 3548.95 	  	 3548.95 	 	 3548.95 	 	 0 
102 	 1 	 179  	 3548.95 	  	 3548.95 	 	 3548.95 	 	 0 
102 	 1 	 180  	 3548.95 	  	 3548.95 	 	 3548.95 	 	 0 
102 	 1 	 181  	 3548.95 	  	 3548.95 	 	 3548.95 	 	 0 
102 	 1 	 182  	 3548.95 	  	 3548.95 	 	 3548.95 	 	 0 
102 	 1 	 183  	 3548.95 	  	 3548.95 	 	 3548.95 	 	 0 
102 	 1 	 184  	 3548.95 	  	 3548.95 	 	 3548.95 	 	 0 
102 	 1 	 185  	 3548.95 	  	 3548.95 	 	 3548.95 	 	 0 
102 	 1 	 186  	 3548.95 	  	 3548.95 	 	 3548.95 	 	 0 
102 	 1 	 187  	 3548.95 	  	 3548.95 	 	 3548.95 	 	 0 
102 	 1 	 188  	 3548.95 	  	 3548.95 	 	 3548.95 	 	 0 
102 	 1 	 189  	 3548.95 	  	 3548.95 	 	 3548.95 	 	 0 
102 	 1 	 190  	 3548.95 	  	 3548.95 	 	 3548.95 	 	 0 
102 	 1 	 191  	 3548.95 	  	 3548.95 	 	 3548.95 	 	 0 
102 	 1 	 192  	 3548.95 	  	 3548.95 	 	 3548.95 	 	 0 
102 	 1 	 193  	 3548.95 	  	 3548.95 	 	 3548.95 	 	 0 
102 	 1 	 194  	 3548.95 	  	 3548.95 	 	 3548.95 	 	 0 
102 	 1 	 195  	 3548.95 	  	 3548.95 	 	 3548.95 	 	 0 
102 	 1 	 196  	 3548.95 	  	 3548.95 	 	 3548.95 	 	 0 
102 	 1 	 197  	 3548.95 	  	 3548.95 	 	 3548.95 	 	 0 
102 	 1 	 198  	 3548.95 	  	 3548.95 	 	 3548.95 	 	 0 
102 	 1 	 199  	 3548.95 	  	 3548.95 	 	 3548.95 	 	 0 
102 	 1 	 200  	 3548.95 	  	 3548.95 	 	 3548.95 	 	 0 
102 	 1 	 201  	 3548.95 	  	 3548.95 	 	 3548.95 	 	 0 
102 	 1 	 202  	 3548.95 	  	 3548.95 	 	 3548.95 	 	 0 
102 	 1 	 203  	 3548.95 	  	 3548.95 	 	 3548.95 	 	 0 
102 	 1 	 204  	 3548.95 	  	 3548.95 	 	 3548.95 	 	 0 
102 	 1 	 205  	 3548.95 	  	 3548.95 	 	 3548.95 	 	 0 
102 	 1 	 206  	 3548.95 	  	 3548.95 	 	 3548.95 	 	 0 
102 	 1 	 207  	 3548.95 	  	 3548.95 	 	 3548.95 	 	 0 
102 	 1 	 208  	 3548.95 	  	 3548.95 	 	 3548.95 	 	 0 
102 	 1 	 209  	 3548.95 	  	 3548.95 	 	 3548.95 	 	 0 
102 	 1 	 210  	 3548.95 	  	 3548.95 	 	 3548.95 	 	 0 
102 	 1 	 211  	 3548.95 	  	 3548.95 	 	 3548.95 	 	 0 
102 	 1 	 212  	 3548.95 	  	 3548.95 	 	 3548.95 	 	 0 
102 	 1 	 213  	 3548.95 	  	 3548.95 	 	 3548.95 	 	 0 
102 	 1 	 214  	 3548.95 	  	 3548.95 	 	 3548.95 	 	 0 
102 	 1 	 215  	 3548.95 	  	 3548.95 	 	 3548.95 	 	 0 
102 	 1 	 216  	 3548.95 	  	 3548.95 	 	 3548.95 	 	 0 
102 	 1 	 217  	 3548.95 	  	 3548.95 	 	 3548.95 	 	 0 
102 	 1 	 218  	 3548.95 	  	 3548.95 	 	 3548.95 	 	 0 
102 	 1 	 219  	 3548.95 	  	 3548.95 	 	 3548.95 	 	 0 
102 	 1 	 220  	 3548.95 	  	 3548.95 	 	 3548.95 	 	 0 
102 	 1 	 221  	 3548.95 	  	 3548.95 	 	 3548.95 	 	 0 
102 	 1 	 222  	 3548.95 	  	 3548.95 	 	 3548.95 	 	 0 
102 	 1 	 223  	 3548.95 	  	 3548.95 	 	 3548.95 	 	 0 
102 	 1 	 224  	 3548.95 	  	 3548.95 	 	 3548.95 	 	 0 
102 	 1 	 225  	 3548.95 	  	 3548.95 	 	 3548.95 	 	 0 
102 	 1 	 226  	 3548.95 	  	 3548.95 	 	 3548.95 	 	 0 
102 	 1 	 227  	 3548.95 	  	 3548.95 	 	 3548.95 	 	 0 
102 	 1 	 228  	 3548.95 	  	 3548.95 	 	 3548.95 	 	 0 
102 	 1 	 229  	 3548.95 	  	 3548.95 	 	 3548.95 	 	 0 
102 	 1 	 230  	 3548.95 	  	 3548.95 	 	 3548.95 	 	 0 
102 	 1 	 231  	 3548.95 	  	 3548.95 	 	 3548.95 	 	 0 
102 	 1 	 232  	 3548.95 	  	 3548.95 	 	 3548.95 	 	 0 
102 	 1 	 233  	 3548.95 	  	 3548.95 	 	 3548.95 	 	 0 
102 	 1 	 234  	 3548.95 	  	 3548.95 	 	 3548.95 	 	 0 
102 	 1 	 235  	 3548.95 	  	 3548.95 	 	 3548.95 	 	 0 
102 	 1 	 236  	 3548.95 	  	 3548.95 	 	 3548.95 	 	 0 
102 	 1 	 237  	 3548.95 	  	 3548.95 	 	 3548.95 	 	 0 
102 	 1 	 238  	 3548.95 	  	 3548.95 	 	 3548.95 	 	 0 
102 	 1 	 239  	 3548.95 	  	 3548.95 	 	 3548.95 	 	 0 
102 	 1 	 240  	 3548.95 	  	 3548.95 	 	 3548.95 	 	 0 
102 	 1 	 241  	 3548.95 	  	 3548.95 	 	 3548.95 	 	 0 
102 	 1 	 242  	 3548.95 	  	 3548.95 	 	 3548.95 	 	 0 
102 	 1 	 243  	 3548.95 	  	 3548.95 	 	 3548.95 	 	 0 
102 	 1 	 244  	 3548.95 	  	 3548.95 	 	 3548.95 	 	 0 
102 	 1 	 245  	 3548.95 	  	 3548.95 	 	 3548.95 	 	 0 
102 	 1 	 246  	 3548.95 	  	 3548.95 	 	 3548.95 	 	 0 
102 	 1 	 247  	 3548.95 	  	 3548.95 	 	 3548.95 	 	 0 
102 	 1 	 248  	 3548.95 	  	 3548.95 	 	 3548.95 	 	 0 
102 	 1 	 249  	 3548.95 	  	 3548.95 	 	 3548.95 	 	 0 
102 	 1 	 250  	 3548.95 	  	 3548.95 	 	 3548.95 	 	 0 
102 	 1 	 251  	 3548.95 	  	 3548.95 	 	 3548.95 	 	 0 
102 	 1 	 252  	 3548.95 	  	 3548.95 	 	 3548.95 	 	 0 
102 	 1 	 253  	 3548.95 	  	 3548.95 	 	 3548.95 	 	 0 
102 	 1 	 254  	 3548.95 	  	 3548.95 	 	 3548.95 	 	 0 
102 	 1 	 255  	 3548.95 	  	 3548.95 	 	 3548.95 	 	 0 
102 	 1 	 256  	 3548.95 	  	 3548.95 	 	 3548.95 	 	 0 
102 	 1 	 257  	 3548.95 	  	 3548.95 	 	 3548.95 	 	 0 
102 	 1 	 258  	 3548.95 	  	 3548.95 	 	 3548.95 	 	 0 
102 	 1 	 259  	 3548.95 	  	 3548.95 	 	 3548.95 	 	 0 
102 	 1 	 260  	 3548.95 	  	 3548.95 	 	 3548.95 	 	 0 
102 	 1 	 261  	 3548.95 	  	 3548.95 	 	 3548.95 	 	 0 
102 	 1 	 262  	 3548.95 	  	 3548.95 	 	 3548.95 	 	 0 
102 	 1 	 263  	 3548.95 	  	 3548.95 	 	 3548.95 	 	 0 
102 	 1 	 264  	 3548.95 	  	 3548.95 	 	 3548.95 	 	 0 
102 	 1 	 265  	 3548.95 	  	 3548.95 	 	 3548.95 	 	 0 
102 	 1 	 266  	 3548.95 	  	 3548.95 	 	 3548.95 	 	 0 
102 	 1 	 267  	 3548.95 	  	 3548.95 	 	 3548.95 	 	 0 
102 	 1 	 268  	 3548.95 	  	 3548.95 	 	 3548.95 	 	 0 
102 	 1 	 269  	 3548.95 	  	 3548.95 	 	 3548.95 	 	 0 
102 	 1 	 270  	 3548.95 	  	 3548.95 	 	 3548.95 	 	 0 
102 	 1 	 271  	 3548.95 	  	 3548.95 	 	 3548.95 	 	 0 
102 	 1 	 272  	 3548.95 	  	 3548.95 	 	 3548.95 	 	 0 
102 	 1 	 273  	 3548.95 	  	 3548.95 	 	 3548.95 	 	 0 
102 	 1 	 274  	 3548.95 	  	 3548.95 	 	 3548.95 	 	 0 
102 	 1 	 275  	 3548.95 	  	 3548.95 	 	 3548.95 	 	 0 
102 	 1 	 276  	 3548.95 	  	 3548.95 	 	 3548.95 	 	 0 
102 	 1 	 277  	 3548.95 	  	 3548.95 	 	 3548.95 	 	 0 
102 	 1 	 278  	 3548.95 	  	 3548.95 	 	 3548.95 	 	 0 
102 	 1 	 279  	 3548.95 	  	 3548.95 	 	 3548.95 	 	 0 
102 	 1 	 280  	 3548.95 	  	 3548.95 	 	 3548.95 	 	 0 
102 	 1 	 281  	 3548.95 	  	 3548.95 	 	 3548.95 	 	 0 
102 	 1 	 282  	 3548.95 	  	 3548.95 	 	 3548.95 	 	 0 
102 	 1 	 283  	 3548.95 	  	 3548.95 	 	 3548.95 	 	 0 
102 	 1 	 284  	 3548.95 	  	 3548.95 	 	 3548.95 	 	 0 
102 	 1 	 285  	 3548.95 	  	 3548.95 	 	 3548.95 	 	 0 
102 	 1 	 286  	 3548.95 	  	 3548.95 	 	 3548.95 	 	 0 
102 	 1 	 287  	 3548.95 	  	 3548.95 	 	 3548.95 	 	 0 
102 	 1 	 288  	 3548.95 	  	 3548.95 	 	 3548.95 	 	 0 
102 	 1 	 289  	 3548.95 	  	 3548.95 	 	 3548.95 	 	 0 
102 	 1 	 290  	 3548.95 	  	 3548.95 	 	 3548.95 	 	 0 
102 	 1 	 291  	 3548.95 	  	 3548.95 	 	 3548.95 	 	 0 
102 	 1 	 292  	 3548.95 	  	 3548.95 	 	 3548.95 	 	 0 
102 	 1 	 293  	 3548.95 	  	 3548.95 	 	 3548.95 	 	 0 
102 	 1 	 294  	 3548.95 	  	 3548.95 	 	 3548.95 	 	 0 
102 	 1 	 295  	 3548.95 	  	 3548.95 	 	 3548.95 	 	 0 
102 	 1 	 296  	 3548.95 	  	 3548.95 	 	 3548.95 	 	 0 
102 	 1 	 297  	 3548.95 	  	 3548.95 	 	 3548.95 	 	 0 
102 	 1 	 298  	 3548.95 	  	 3548.95 	 	 3548.95 	 	 0 
102 	 1 	 299  	 3548.95 	  	 3548.95 	 	 3548.95 	 	 0 
102 	 1 	 300  	 3548.95 	  	 3548.95 	 	 3548.95 	 	 0 
102 	 1 	 301  	 3548.95 	  	 3548.95 	 	 3548.95 	 	 0 
102 	 1 	 302  	 3548.95 	  	 3548.95 	 	 3548.95 	 	 0 
102 	 1 	 303  	 3548.95 	  	 3548.95 	 	 3548.95 	 	 0 
102 	 1 	 304  	 3548.95 	  	 3548.95 	 	 3548.95 	 	 0 
102 	 1 	 305  	 3548.95 	  	 3548.95 	 	 3548.95 	 	 0 
102 	 1 	 306  	 3548.95 	  	 3548.95 	 	 3548.95 	 	 0 
102 	 1 	 307  	 3548.95 	  	 3548.95 	 	 3548.95 	 	 0 
102 	 1 	 308  	 3548.95 	  	 3548.95 	 	 3548.95 	 	 0 
102 	 1 	 309  	 3548.95 	  	 3548.95 	 	 3548.95 	 	 0 
102 	 1 	 310  	 3548.95 	  	 3548.95 	 	 3548.95 	 	 0 
102 	 1 	 311  	 3548.95 	  	 3548.95 	 	 3548.95 	 	 0 
102 	 1 	 312  	 3548.95 	  	 3548.95 	 	 3548.95 	 	 0 
102 	 1 	 313  	 3548.95 	  	 3548.95 	 	 3548.95 	 	 0 
102 	 1 	 314  	 3548.95 	  	 3548.95 	 	 3548.95 	 	 0 
102 	 1 	 315  	 3548.95 	  	 3548.95 	 	 3548.95 	 	 0 
102 	 1 	 316  	 3548.95 	  	 3548.95 	 	 3548.95 	 	 0 
102 	 1 	 317  	 3548.95 	  	 3548.95 	 	 3548.95 	 	 0 
102 	 1 	 318  	 3548.95 	  	 3548.95 	 	 3548.95 	 	 0 
102 	 1 	 319  	 3548.95 	  	 3548.95 	 	 3548.95 	 	 0 
102 	 1 	 320  	 3548.95 	  	 3548.95 	 	 3548.95 	 	 0 
102 	 1 	 321  	 3548.95 	  	 3548.95 	 	 3548.95 	 	 0 
102 	 1 	 322  	 3548.95 	  	 3548.95 	 	 3548.95 	 	 0 
102 	 1 	 323  	 3548.95 	  	 3548.95 	 	 3548.95 	 	 0 
102 	 1 	 324  	 3548.95 	  	 3548.95 	 	 3548.95 	 	 0 
102 	 1 	 325  	 3548.95 	  	 3548.95 	 	 3548.95 	 	 0 
102 	 1 	 326  	 3548.95 	  	 3548.95 	 	 3548.95 	 	 0 
102 	 1 	 327  	 3548.95 	  	 3548.95 	 	 3548.95 	 	 0 
102 	 1 	 328  	 3548.95 	  	 3548.95 	 	 3548.95 	 	 0 
102 	 1 	 329  	 3548.95 	  	 3548.95 	 	 3548.95 	 	 0 
102 	 1 	 330  	 3548.95 	  	 3548.95 	 	 3548.95 	 	 0 
102 	 1 	 331  	 3548.95 	  	 3548.95 	 	 3548.95 	 	 0 
102 	 1 	 332  	 3548.95 	  	 3548.95 	 	 3548.95 	 	 0 
102 	 1 	 333  	 3548.95 	  	 3548.95 	 	 3548.95 	 	 0 
102 	 1 	 334  	 3548.95 	  	 3548.95 	 	 3548.95 	 	 0 
102 	 1 	 335  	 3548.95 	  	 3548.95 	 	 3548.95 	 	 0 
102 	 1 	 336  	 3548.95 	  	 3548.95 	 	 3548.95 	 	 0 
102 	 1 	 337  	 3548.95 	  	 3548.95 	 	 3548.95 	 	 0 
102 	 1 	 338  	 3548.95 	  	 3548.95 	 	 3548.95 	 	 0 
102 	 1 	 339  	 3548.95 	  	 3548.95 	 	 3548.95 	 	 0 
102 	 1 	 340  	 3548.95 	  	 3548.95 	 	 3548.95 	 	 0 
102 	 1 	 341  	 3548.95 	  	 3548.95 	 	 3548.95 	 	 0 
102 	 1 	 342  	 3548.95 	  	 3548.95 	 	 3548.95 	 	 0 
102 	 1 	 343  	 3548.95 	  	 3548.95 	 	 3548.95 	 	 0 
102 	 1 	 344  	 3548.95 	  	 3548.95 	 	 3548.95 	 	 0 
102 	 1 	 345  	 3548.95 	  	 3548.95 	 	 3548.95 	 	 0 
102 	 1 	 346  	 3548.95 	  	 3548.95 	 	 3548.95 	 	 0 
102 	 1 	 347  	 3548.95 	  	 3548.95 	 	 3548.95 	 	 0 
102 	 1 	 348  	 3548.95 	  	 3548.95 	 	 3548.95 	 	 0 
102 	 1 	 349  	 3548.95 	  	 3548.95 	 	 3548.95 	 	 0 
102 	 1 	 350  	 3548.95 	  	 3548.95 	 	 3548.95 	 	 0 
102 	 1 	 351  	 3548.95 	  	 3548.95 	 	 3548.95 	 	 0 
102 	 1 	 352  	 3548.95 	  	 3548.95 	 	 3548.95 	 	 0 
102 	 1 	 353  	 3548.95 	  	 3548.95 	 	 3548.95 	 	 0 
102 	 1 	 354  	 3548.95 	  	 3548.95 	 	 3548.95 	 	 0 
102 	 1 	 355  	 3548.95 	  	 3548.95 	 	 3548.95 	 	 0 
102 	 1 	 356  	 3548.95 	  	 3548.95 	 	 3548.95 	 	 0 
102 	 1 	 357  	 3548.95 	  	 3548.95 	 	 3548.95 	 	 0 
102 	 1 	 358  	 3548.95 	  	 3548.95 	 	 3548.95 	 	 0 
102 	 1 	 359  	 3548.95 	  	 3548.95 	 	 3548.95 	 	 0 
102 	 1 	 360  	 3548.95 	  	 3548.95 	 	 3548.95 	 	 0 
102 	 1 	 361  	 3548.95 	  	 3548.95 	 	 3548.95 	 	 0 
102 	 1 	 362  	 3548.95 	  	 3548.95 	 	 3548.95 	 	 0 
102 	 1 	 363  	 3548.95 	  	 3548.95 	 	 3548.95 	 	 0 
102 	 1 	 364  	 3548.95 	  	 3548.95 	 	 3548.95 	 	 0 
102 	 1 	 365  	 3548.95 	  	 3548.95 	 	 3548.95 	 	 0 
102 	 1 	 366  	 3548.95 	  	 3548.95 	 	 3548.95 	 	 0 
102 	 1 	 367  	 3548.95 	  	 3548.95 	 	 3548.95 	 	 0 
102 	 1 	 368  	 3548.95 	  	 3548.95 	 	 3548.95 	 	 0 
102 	 1 	 369  	 3548.95 	  	 3548.95 	 	 3548.95 	 	 0 
102 	 1 	 370  	 3548.95 	  	 3548.95 	 	 3548.95 	 	 0 
102 	 1 	 371  	 3548.95 	  	 3548.95 	 	 3548.95 	 	 0 
102 	 1 	 372  	 3548.95 	  	 3548.95 	 	 3548.95 	 	 0 
102 	 1 	 373  	 3548.95 	  	 3548.95 	 	 3548.95 	 	 0 
102 	 1 	 374  	 3548.95 	  	 3548.95 	 	 3548.95 	 	 0 
102 	 1 	 375  	 3548.95 	  	 3548.95 	 	 3548.95 	 	 0 
102 	 1 	 376  	 3548.95 	  	 3548.95 	 	 3548.95 	 	 0 
102 	 1 	 377  	 3548.95 	  	 3548.95 	 	 3548.95 	 	 0 
102 	 1 	 378  	 3548.95 	  	 3548.95 	 	 3548.95 	 	 0 
102 	 1 	 379  	 3548.95 	  	 3548.95 	 	 3548.95 	 	 0 
102 	 1 	 380  	 3548.95 	  	 3548.95 	 	 3548.95 	 	 0 
102 	 1 	 381  	 3548.95 	  	 3548.95 	 	 3548.95 	 	 0 
102 	 1 	 382  	 3548.95 	  	 3548.95 	 	 3548.95 	 	 0 
102 	 1 	 383  	 3548.95 	  	 3548.95 	 	 3548.95 	 	 0 
102 	 1 	 384  	 3548.95 	  	 3548.95 	 	 3548.95 	 	 0 
102 	 1 	 385  	 3548.95 	  	 3548.95 	 	 3548.95 	 	 0 
102 	 1 	 386  	 3548.95 	  	 3548.95 	 	 3548.95 	 	 0 
102 	 1 	 387  	 3548.95 	  	 3548.95 	 	 3548.95 	 	 0 
102 	 1 	 388  	 3548.95 	  	 3548.95 	 	 3548.95 	 	 0 
102 	 1 	 389  	 3548.95 	  	 3548.95 	 	 3548.95 	 	 0 
102 	 1 	 390  	 3548.95 	  	 3548.95 	 	 3548.95 	 	 0 
102 	 1 	 391  	 3548.95 	  	 3548.95 	 	 3548.95 	 	 0 
102 	 1 	 392  	 3548.95 	  	 3548.95 	 	 3548.95 	 	 0 
102 	 1 	 393  	 3548.95 	  	 3548.95 	 	 3548.95 	 	 0 
102 	 1 	 394  	 3548.95 	  	 3548.95 	 	 3548.95 	 	 0 
102 	 1 	 395  	 3548.95 	  	 3548.95 	 	 3548.95 	 	 0 
102 	 1 	 396  	 3548.95 	  	 3548.95 	 	 3548.95 	 	 0 
102 	 1 	 397  	 3548.95 	  	 3548.95 	 	 3548.95 	 	 0 
102 	 1 	 398  	 3548.95 	  	 3548.95 	 	 3548.95 	 	 0 
102 	 1 	 399  	 3548.95 	  	 3548.95 	 	 3548.95 	 	 0 
102 	 1 	 400  	 3548.95 	  	 3548.95 	 	 3548.95 	 	 0 
102 	 1 	 401  	 3548.95 	  	 3548.95 	 	 3548.95 	 	 0 
102 	 1 	 402  	 3548.95 	  	 3548.95 	 	 3548.95 	 	 0 
102 	 1 	 403  	 3548.95 	  	 3548.95 	 	 3548.95 	 	 0 
102 	 1 	 404  	 3548.95 	  	 3548.95 	 	 3548.95 	 	 0 
102 	 1 	 405  	 3548.95 	  	 3548.95 	 	 3548.95 	 	 0 
102 	 1 	 406  	 3548.95 	  	 3548.95 	 	 3548.95 	 	 0 
102 	 1 	 407  	 3548.95 	  	 3548.95 	 	 3548.95 	 	 0 
102 	 1 	 408  	 3548.95 	  	 3548.95 	 	 3548.95 	 	 0 
102 	 1 	 409  	 3548.95 	  	 3548.95 	 	 3548.95 	 	 0 
102 	 1 	 410  	 3548.95 	  	 3548.95 	 	 3548.95 	 	 0 
102 	 1 	 411  	 3548.95 	  	 3548.95 	 	 3548.95 	 	 0 
102 	 1 	 412  	 3548.95 	  	 3548.95 	 	 3548.95 	 	 0 
102 	 1 	 413  	 3548.95 	  	 3548.95 	 	 3548.95 	 	 0 
102 	 1 	 414  	 3548.95 	  	 3548.95 	 	 3548.95 	 	 0 
102 	 1 	 415  	 3548.95 	  	 3548.95 	 	 3548.95 	 	 0 
102 	 1 	 416  	 3548.95 	  	 3548.95 	 	 3548.95 	 	 0 
102 	 1 	 417  	 3548.95 	  	 3548.95 	 	 3548.95 	 	 0 
102 	 1 	 418  	 3548.95 	  	 3548.95 	 	 3548.95 	 	 0 
102 	 1 	 419  	 3548.95 	  	 3548.95 	 	 3548.95 	 	 0 
102 	 1 	 420  	 3548.95 	  	 3548.95 	 	 3548.95 	 	 0 
102 	 1 	 421  	 3548.95 	  	 3548.95 	 	 3548.95 	 	 0 
102 	 1 	 422  	 3548.95 	  	 3548.95 	 	 3548.95 	 	 0 
102 	 1 	 423  	 3548.95 	  	 3548.95 	 	 3548.95 	 	 0 
102 	 1 	 424  	 3548.95 	  	 3548.95 	 	 3548.95 	 	 0 
102 	 1 	 425  	 3548.95 	  	 3548.95 	 	 3548.95 	 	 0 
102 	 1 	 426  	 3548.95 	  	 3548.95 	 	 3548.95 	 	 0 
102 	 1 	 427  	 3548.95 	  	 3548.95 	 	 3548.95 	 	 0 
102 	 1 	 428  	 3548.95 	  	 3548.95 	 	 3548.95 	 	 0 
102 	 1 	 429  	 3548.95 	  	 3548.95 	 	 3548.95 	 	 0 
102 	 1 	 430  	 3548.95 	  	 3548.95 	 	 3548.95 	 	 0 
102 	 1 	 431  	 3548.95 	  	 3548.95 	 	 3548.95 	 	 0 
102 	 1 	 432  	 3548.95 	  	 3548.95 	 	 3548.95 	 	 0 
102 	 1 	 433  	 3548.95 	  	 3548.95 	 	 3548.95 	 	 0 
102 	 1 	 434  	 3548.95 	  	 3548.95 	 	 3548.95 	 	 0 
102 	 1 	 435  	 3548.95 	  	 3548.95 	 	 3548.95 	 	 0 
102 	 1 	 436  	 3548.95 	  	 3548.95 	 	 3548.95 	 	 0 
102 	 1 	 437  	 3548.95 	  	 3548.95 	 	 3548.95 	 	 0 
102 	 1 	 438  	 3548.95 	  	 3548.95 	 	 3548.95 	 	 0 
102 	 1 	 439  	 3548.95 	  	 3548.95 	 	 3548.95 	 	 0 
102 	 1 	 440  	 3548.95 	  	 3548.95 	 	 3548.95 	 	 0 
102 	 1 	 441  	 3548.95 	  	 3548.95 	 	 3548.95 	 	 0 
102 	 1 	 442  	 3548.95 	  	 3548.95 	 	 3548.95 	 	 0 
102 	 1 	 443  	 3548.95 	  	 3548.95 	 	 3548.95 	 	 0 
102 	 1 	 444  	 3548.95 	  	 3548.95 	 	 3548.95 	 	 0 
102 	 1 	 445  	 3548.95 	  	 3548.95 	 	 3548.95 	 	 0 
102 	 1 	 446  	 3548.95 	  	 3548.95 	 	 3548.95 	 	 0 
102 	 1 	 447  	 3548.95 	  	 3548.95 	 	 3548.95 	 	 0 
102 	 1 	 448  	 3548.95 	  	 3548.95 	 	 3548.95 	 	 0 
102 	 1 	 449  	 3548.95 	  	 3548.95 	 	 3548.95 	 	 0 
102 	 1 	 450  	 3548.95 	  	 3548.95 	 	 3548.95 	 	 0 
102 	 1 	 451  	 3548.95 	  	 3548.95 	 	 3548.95 	 	 0 
102 	 1 	 452  	 3548.95 	  	 3548.95 	 	 3548.95 	 	 0 
102 	 1 	 453  	 3548.95 	  	 3548.95 	 	 3548.95 	 	 0 
102 	 1 	 454  	 3548.95 	  	 3548.95 	 	 3548.95 	 	 0 
102 	 1 	 455  	 3548.95 	  	 3548.95 	 	 3548.95 	 	 0 
102 	 1 	 456  	 3548.95 	  	 3548.95 	 	 3548.95 	 	 0 
102 	 1 	 457  	 3548.95 	  	 3548.95 	 	 3548.95 	 	 0 
102 	 1 	 458  	 3548.95 	  	 3548.95 	 	 3548.95 	 	 0 
102 	 1 	 459  	 3548.95 	  	 3548.95 	 	 3548.95 	 	 0 
102 	 1 	 460  	 3548.95 	  	 3548.95 	 	 3548.95 	 	 0 
102 	 1 	 461  	 3548.95 	  	 3548.95 	 	 3548.95 	 	 0 
102 	 1 	 462  	 3548.95 	  	 3548.95 	 	 3548.95 	 	 0 
102 	 1 	 463  	 3548.95 	  	 3548.95 	 	 3548.95 	 	 0 
102 	 1 	 464  	 3548.95 	  	 3548.95 	 	 3548.95 	 	 0 
102 	 1 	 465  	 3548.95 	  	 3548.95 	 	 3548.95 	 	 0 
102 	 1 	 466  	 3548.95 	  	 3548.95 	 	 3548.95 	 	 0 
102 	 1 	 467  	 3548.95 	  	 3548.95 	 	 3548.95 	 	 0 
102 	 1 	 468  	 3548.95 	  	 3548.95 	 	 3548.95 	 	 0 
102 	 1 	 469  	 3548.95 	  	 3548.95 	 	 3548.95 	 	 0 
102 	 1 	 470  	 3548.95 	  	 3548.95 	 	 3548.95 	 	 0 
102 	 1 	 471  	 3548.95 	  	 3548.95 	 	 3548.95 	 	 0 
102 	 1 	 472  	 3548.95 	  	 3548.95 	 	 3548.95 	 	 0 
102 	 1 	 473  	 3548.95 	  	 3548.95 	 	 3548.95 	 	 0 
102 	 1 	 474  	 3548.95 	  	 3548.95 	 	 3548.95 	 	 0 
102 	 1 	 475  	 3548.95 	  	 3548.95 	 	 3548.95 	 	 0 
102 	 1 	 476  	 3548.95 	  	 3548.95 	 	 3548.95 	 	 0 
102 	 1 	 477  	 3548.95 	  	 3548.95 	 	 3548.95 	 	 0 
102 	 1 	 478  	 3548.95 	  	 3548.95 	 	 3548.95 	 	 0 
102 	 1 	 479  	 3548.95 	  	 3548.95 	 	 3548.95 	 	 0 
102 	 1 	 480  	 3548.95 	  	 3548.95 	 	 3548.95 	 	 0 
102 	 1 	 481  	 3548.95 	  	 3548.95 	 	 3548.95 	 	 0 
102 	 1 	 482  	 3548.95 	  	 3548.95 	 	 3548.95 	 	 0 
102 	 1 	 483  	 3548.95 	  	 3548.95 	 	 3548.95 	 	 0 
102 	 1 	 484  	 3548.95 	  	 3548.95 	 	 3548.95 	 	 0 
102 	 1 	 485  	 3548.95 	  	 3548.95 	 	 3548.95 	 	 0 
102 	 1 	 486  	 3548.95 	  	 3548.95 	 	 3548.95 	 	 0 
102 	 1 	 487  	 3548.95 	  	 3548.95 	 	 3548.95 	 	 0 
102 	 1 	 488  	 3548.95 	  	 3548.95 	 	 3548.95 	 	 0 
102 	 1 	 489  	 3548.95 	  	 3548.95 	 	 3548.95 	 	 0 
102 	 1 	 490  	 3548.95 	  	 3548.95 	 	 3548.95 	 	 0 
102 	 1 	 491  	 3548.95 	  	 3548.95 	 	 3548.95 	 	 0 
102 	 1 	 492  	 3548.95 	  	 3548.95 	 	 3548.95 	 	 0 
102 	 1 	 493  	 3548.95 	  	 3548.95 	 	 3548.95 	 	 0 
102 	 1 	 494  	 3548.95 	  	 3548.95 	 	 3548.95 	 	 0 
102 	 1 	 495  	 3548.95 	  	 3548.95 	 	 3548.95 	 	 0 
102 	 1 	 496  	 3548.95 	  	 3548.95 	 	 3548.95 	 	 0 
102 	 1 	 497  	 3548.95 	  	 3548.95 	 	 3548.95 	 	 0 
102 	 1 	 498  	 3548.95 	  	 3548.95 	 	 3548.95 	 	 0 
102 	 1 	 499  	 3548.95 	  	 3548.95 	 	 3548.95 	 	 0 
102 	 1 	 500  	 3548.95 	  	 3548.95 	 	 3548.95 	 	 0 
102 	 1 	 501  	 3548.95 	  	 3548.95 	 	 3548.95 	 	 0 
102 	 1 	 502  	 3548.95 	  	 3548.95 	 	 3548.95 	 	 0 
102 	 1 	 503  	 3548.95 	  	 3548.95 	 	 3548.95 	 	 0 
102 	 1 	 504  	 3548.95 	  	 3548.95 	 	 3548.95 	 	 0 
102 	 1 	 505  	 3548.95 	  	 3548.95 	 	 3548.95 	 	 0 
102 	 1 	 506  	 3548.95 	  	 3548.95 	 	 3548.95 	 	 0 
102 	 1 	 507  	 3548.95 	  	 3548.95 	 	 3548.95 	 	 0 
102 	 1 	 508  	 3548.95 	  	 3548.95 	 	 3548.95 	 	 0 
102 	 1 	 509  	 3548.95 	  	 3548.95 	 	 3548.95 	 	 0 
102 	 1 	 510  	 3548.95 	  	 3548.95 	 	 3548.95 	 	 0 
102 	 1 	 511  	 3548.95 	  	 3548.95 	 	 3548.95 	 	 0 
102 	 1 	 512  	 3548.95 	  	 3548.95 	 	 3548.95 	 	 0 
102 	 1 	 513  	 3548.95 	  	 3548.95 	 	 3548.95 	 	 0 
102 	 1 	 514  	 3548.95 	  	 3548.95 	 	 3548.95 	 	 0 
102 	 1 	 515  	 3548.95 	  	 3548.95 	 	 3548.95 	 	 0 
102 	 1 	 516  	 3548.95 	  	 3548.95 	 	 3548.95 	 	 0 
102 	 1 	 517  	 3548.95 	  	 3548.95 	 	 3548.95 	 	 0 
102 	 1 	 518  	 3548.95 	  	 3548.95 	 	 3548.95 	 	 0 
102 	 1 	 519  	 3548.95 	  	 3548.95 	 	 3548.95 	 	 0 
102 	 1 	 520  	 3548.95 	  	 3548.95 	 	 3548.95 	 	 0 
102 	 1 	 521  	 3548.95 	  	 3548.95 	 	 3548.95 	 	 0 
102 	 1 	 522  	 3548.95 	  	 3548.95 	 	 3548.95 	 	 0 
102 	 1 	 523  	 3548.95 	  	 3548.95 	 	 3548.95 	 	 0 
102 	 1 	 524  	 3548.95 	  	 3548.95 	 	 3548.95 	 	 0 
102 	 1 	 525  	 3548.95 	  	 3548.95 	 	 3548.95 	 	 0 
102 	 1 	 526  	 3548.95 	  	 3548.95 	 	 3548.95 	 	 0 
102 	 1 	 527  	 3548.95 	  	 3548.95 	 	 3548.95 	 	 0 
102 	 1 	 528  	 3548.95 	  	 3548.95 	 	 3548.95 	 	 0 
102 	 1 	 529  	 3548.95 	  	 3548.95 	 	 3548.95 	 	 0 
102 	 1 	 530  	 3548.95 	  	 3548.95 	 	 3548.95 	 	 0 
102 	 1 	 531  	 3548.95 	  	 3548.95 	 	 3548.95 	 	 0 
102 	 1 	 532  	 3548.95 	  	 3548.95 	 	 3548.95 	 	 0 
102 	 1 	 533  	 3548.95 	  	 3548.95 	 	 3548.95 	 	 0 
102 	 1 	 534  	 3548.95 	  	 3548.95 	 	 3548.95 	 	 0 
102 	 1 	 535  	 3548.95 	  	 3548.95 	 	 3548.95 	 	 0 
102 	 1 	 536  	 3548.95 	  	 3548.95 	 	 3548.95 	 	 0 
102 	 1 	 537  	 3548.95 	  	 3548.95 	 	 3548.95 	 	 0 
102 	 1 	 538  	 3548.95 	  	 3548.95 	 	 3548.95 	 	 0 
102 	 1 	 539  	 3548.95 	  	 3548.95 	 	 3548.95 	 	 0 
102 	 1 	 540  	 3548.95 	  	 3548.95 	 	 3548.95 	 	 0 
102 	 1 	 541  	 3548.95 	  	 3548.95 	 	 3548.95 	 	 0 
102 	 1 	 542  	 3548.95 	  	 3548.95 	 	 3548.95 	 	 0 
102 	 1 	 543  	 3548.95 	  	 3548.95 	 	 3548.95 	 	 0 
102 	 1 	 544  	 3548.95 	  	 3548.95 	 	 3548.95 	 	 0 
102 	 1 	 545  	 3548.95 	  	 3548.95 	 	 3548.95 	 	 0 
102 	 1 	 546  	 3548.95 	  	 3548.95 	 	 3548.95 	 	 0 
102 	 1 	 547  	 3548.95 	  	 3548.95 	 	 3548.95 	 	 0 
102 	 1 	 548  	 3548.95 	  	 3548.95 	 	 3548.95 	 	 0 
102 	 1 	 549  	 3548.95 	  	 3548.95 	 	 3548.95 	 	 0 
102 	 1 	 550  	 3548.95 	  	 3548.95 	 	 3548.95 	 	 0 
102 	 1 	 551  	 3548.95 	  	 3548.95 	 	 3548.95 	 	 0 
102 	 1 	 552  	 3548.95 	  	 3548.95 	 	 3548.95 	 	 0 
102 	 1 	 553  	 3548.95 	  	 3548.95 	 	 3548.95 	 	 0 
102 	 1 	 554  	 3548.95 	  	 3548.95 	 	 3548.95 	 	 0 
102 	 1 	 555  	 3548.95 	  	 3548.95 	 	 3548.95 	 	 0 
102 	 1 	 556  	 3548.95 	  	 3548.95 	 	 3548.95 	 	 0 
102 	 1 	 557  	 3548.95 	  	 3548.95 	 	 3548.95 	 	 0 
102 	 1 	 558  	 3548.95 	  	 3548.95 	 	 3548.95 	 	 0 
102 	 1 	 559  	 3548.95 	  	 3548.95 	 	 3548.95 	 	 0 
102 	 1 	 560  	 3548.95 	  	 3548.95 	 	 3548.95 	 	 0 
102 	 1 	 561  	 3548.95 	  	 3548.95 	 	 3548.95 	 	 0 
102 	 1 	 562  	 3548.95 	  	 3548.95 	 	 3548.95 	 	 0 
102 	 1 	 563  	 3548.95 	  	 3548.95 	 	 3548.95 	 	 0 
102 	 1 	 564  	 3548.95 	  	 3548.95 	 	 3548.95 	 	 0 
102 	 1 	 565  	 3548.95 	  	 3548.95 	 	 3548.95 	 	 0 
102 	 1 	 566  	 3548.95 	  	 3548.95 	 	 3548.95 	 	 0 
102 	 1 	 567  	 3548.95 	  	 3548.95 	 	 3548.95 	 	 0 
102 	 1 	 568  	 3548.95 	  	 3548.95 	 	 3548.95 	 	 0 
102 	 1 	 569  	 3548.95 	  	 3548.95 	 	 3548.95 	 	 0 
102 	 1 	 570  	 3548.95 	  	 3548.95 	 	 3548.95 	 	 0 
102 	 1 	 571  	 3548.95 	  	 3548.95 	 	 3548.95 	 	 0 
102 	 1 	 572  	 3548.95 	  	 3548.95 	 	 3548.95 	 	 0 
102 	 1 	 573  	 3548.95 	  	 3548.95 	 	 3548.95 	 	 0 
102 	 1 	 574  	 3548.95 	  	 3548.95 	 	 3548.95 	 	 0 
102 	 1 	 575  	 3548.95 	  	 3548.95 	 	 3548.95 	 	 0 
102 	 1 	 576  	 3548.95 	  	 3548.95 	 	 3548.95 	 	 0 
102 	 1 	 577  	 3548.95 	  	 3548.95 	 	 3548.95 	 	 0 
102 	 1 	 578  	 3548.95 	  	 3548.95 	 	 3548.95 	 	 0 
102 	 1 	 579  	 3548.95 	  	 3548.95 	 	 3548.95 	 	 0 
102 	 1 	 580  	 3548.95 	  	 3548.95 	 	 3548.95 	 	 0 
102 	 1 	 581  	 3548.95 	  	 3548.95 	 	 3548.95 	 	 0 
102 	 1 	 582  	 3548.95 	  	 3548.95 	 	 3548.95 	 	 0 
102 	 1 	 583  	 3548.95 	  	 3548.95 	 	 3548.95 	 	 0 
102 	 1 	 584  	 3548.95 	  	 3548.95 	 	 3548.95 	 	 0 
102 	 1 	 585  	 3548.95 	  	 3548.95 	 	 3548.95 	 	 0 
102 	 1 	 586  	 3548.95 	  	 3548.95 	 	 3548.95 	 	 0 
102 	 1 	 587  	 3548.95 	  	 3548.95 	 	 3548.95 	 	 0 
102 	 1 	 588  	 3548.95 	  	 3548.95 	 	 3548.95 	 	 0 
102 	 1 	 589  	 3548.95 	  	 3548.95 	 	 3548.95 	 	 0 
102 	 1 	 590  	 3548.95 	  	 3548.95 	 	 3548.95 	 	 0 
102 	 1 	 591  	 3548.95 	  	 3548.95 	 	 3548.95 	 	 0 
102 	 1 	 592  	 3548.95 	  	 3548.95 	 	 3548.95 	 	 0 
102 	 1 	 593  	 3548.95 	  	 3548.95 	 	 3548.95 	 	 0 
102 	 1 	 594  	 3548.95 	  	 3548.95 	 	 3548.95 	 	 0 
102 	 1 	 595  	 3548.95 	  	 3548.95 	 	 3548.95 	 	 0 
102 	 1 	 596  	 3548.95 	  	 3548.95 	 	 3548.95 	 	 0 
102 	 1 	 597  	 3548.95 	  	 3548.95 	 	 3548.95 	 	 0 
102 	 1 	 598  	 3548.95 	  	 3548.95 	 	 3548.95 	 	 0 
102 	 1 	 599  	 3548.95 	  	 3548.95 	 	 3548.95 	 	 0 
102 	 1 	 600  	 3548.95 	  	 3548.95 	 	 3548.95 	 	 0 
102 	 1 	 601  	 3548.95 	  	 3548.95 	 	 3548.95 	 	 0 
102 	 1 	 602  	 3548.95 	  	 3548.95 	 	 3548.95 	 	 0 
102 	 1 	 603  	 3548.95 	  	 3548.95 	 	 3548.95 	 	 0 
102 	 1 	 604  	 3548.95 	  	 3548.95 	 	 3548.95 	 	 0 
102 	 1 	 605  	 3548.95 	  	 3548.95 	 	 3548.95 	 	 0 
102 	 1 	 606  	 3548.95 	  	 3548.95 	 	 3548.95 	 	 0 
102 	 1 	 607  	 3548.95 	  	 3548.95 	 	 3548.95 	 	 0 
102 	 1 	 608  	 3548.95 	  	 3548.95 	 	 3548.95 	 	 0 
102 	 1 	 609  	 3548.95 	  	 3548.95 	 	 3548.95 	 	 0 
102 	 1 	 610  	 3548.95 	  	 3548.95 	 	 3548.95 	 	 0 
102 	 1 	 611  	 3548.95 	  	 3548.95 	 	 3548.95 	 	 0 
102 	 1 	 612  	 3548.95 	  	 3548.95 	 	 3548.95 	 	 0 
102 	 1 	 613  	 3548.95 	  	 3548.95 	 	 3548.95 	 	 0 
102 	 1 	 614  	 3548.95 	  	 3548.95 	 	 3548.95 	 	 0 
102 	 1 	 615  	 3548.95 	  	 3548.95 	 	 3548.95 	 	 0 
102 	 1 	 616  	 3548.95 	  	 3548.95 	 	 3548.95 	 	 0 
102 	 1 	 617  	 3548.95 	  	 3548.95 	 	 3548.95 	 	 0 
102 	 1 	 618  	 3548.95 	  	 3548.95 	 	 3548.95 	 	 0 
102 	 1 	 619  	 3548.95 	  	 3548.95 	 	 3548.95 	 	 0 
102 	 1 	 620  	 3548.95 	  	 3548.95 	 	 3548.95 	 	 0 
102 	 1 	 621  	 3548.95 	  	 3548.95 	 	 3548.95 	 	 0 
102 	 1 	 622  	 3548.95 	  	 3548.95 	 	 3548.95 	 	 0 
102 	 1 	 623  	 3548.95 	  	 3548.95 	 	 3548.95 	 	 0 
102 	 1 	 624  	 3548.95 	  	 3548.95 	 	 3548.95 	 	 0 
102 	 1 	 625  	 3548.95 	  	 3548.95 	 	 3548.95 	 	 0 
102 	 1 	 626  	 3548.95 	  	 3548.95 	 	 3548.95 	 	 0 
102 	 1 	 627  	 3548.95 	  	 3548.95 	 	 3548.95 	 	 0 
102 	 1 	 628  	 3548.95 	  	 3548.95 	 	 3548.95 	 	 0 
102 	 1 	 629  	 3548.95 	  	 3548.95 	 	 3548.95 	 	 0 
102 	 1 	 630  	 3548.95 	  	 3548.95 	 	 3548.95 	 	 0 
102 	 1 	 631  	 3548.95 	  	 3548.95 	 	 3548.95 	 	 0 
102 	 1 	 632  	 3548.95 	  	 3548.95 	 	 3548.95 	 	 0 
102 	 1 	 633  	 3548.95 	  	 3548.95 	 	 3548.95 	 	 0 
102 	 1 	 634  	 3548.95 	  	 3548.95 	 	 3548.95 	 	 0 
102 	 1 	 635  	 3548.95 	  	 3548.95 	 	 3548.95 	 	 0 
102 	 1 	 636  	 3548.95 	  	 3548.95 	 	 3548.95 	 	 0 
102 	 1 	 637  	 3548.95 	  	 3548.95 	 	 3548.95 	 	 0 
102 	 1 	 638  	 3548.95 	  	 3548.95 	 	 3548.95 	 	 0 
102 	 1 	 639  	 3548.95 	  	 3548.95 	 	 3548.95 	 	 0 
102 	 1 	 640  	 3548.95 	  	 3548.95 	 	 3548.95 	 	 0 
102 	 1 	 641  	 3548.95 	  	 3548.95 	 	 3548.95 	 	 0 
102 	 1 	 642  	 3548.95 	  	 3548.95 	 	 3548.95 	 	 0 
102 	 1 	 643  	 3548.95 	  	 3548.95 	 	 3548.95 	 	 0 
102 	 1 	 644  	 3548.95 	  	 3548.95 	 	 3548.95 	 	 0 
102 	 1 	 645  	 3548.95 	  	 3548.95 	 	 3548.95 	 	 0 
102 	 1 	 646  	 3548.95 	  	 3548.95 	 	 3548.95 	 	 0 
102 	 1 	 647  	 3548.95 	  	 3548.95 	 	 3548.95 	 	 0 
102 	 1 	 648  	 3548.95 	  	 3548.95 	 	 3548.95 	 	 0 
102 	 1 	 649  	 3548.95 	  	 3548.95 	 	 3548.95 	 	 0 
102 	 1 	 650  	 3548.95 	  	 3548.95 	 	 3548.95 	 	 0 
102 	 1 	 651  	 3548.95 	  	 3548.95 	 	 3548.95 	 	 0 
102 	 1 	 652  	 3548.95 	  	 3548.95 	 	 3548.95 	 	 0 
102 	 1 	 653  	 3548.95 	  	 3548.95 	 	 3548.95 	 	 0 
102 	 1 	 654  	 3548.95 	  	 3548.95 	 	 3548.95 	 	 0 
102 	 1 	 655  	 3548.95 	  	 3548.95 	 	 3548.95 	 	 0 
102 	 1 	 656  	 3548.95 	  	 3548.95 	 	 3548.95 	 	 0 
102 	 1 	 657  	 3548.95 	  	 3548.95 	 	 3548.95 	 	 0 
102 	 1 	 658  	 3548.95 	  	 3548.95 	 	 3548.95 	 	 0 
102 	 1 	 659  	 3548.95 	  	 3548.95 	 	 3548.95 	 	 0 
102 	 1 	 660  	 3548.95 	  	 3548.95 	 	 3548.95 	 	 0 
102 	 1 	 661  	 3548.95 	  	 3548.95 	 	 3548.95 	 	 0 
102 	 1 	 662  	 3548.95 	  	 3548.95 	 	 3548.95 	 	 0 
102 	 1 	 663  	 3548.95 	  	 3548.95 	 	 3548.95 	 	 0 
102 	 1 	 664  	 3548.95 	  	 3548.95 	 	 3548.95 	 	 0 
102 	 1 	 665  	 3548.95 	  	 3548.95 	 	 3548.95 	 	 0 
102 	 1 	 666  	 3548.95 	  	 3548.95 	 	 3548.95 	 	 0 
102 	 1 	 667  	 3548.95 	  	 3548.95 	 	 3548.95 	 	 0 
102 	 1 	 668  	 3548.95 	  	 3548.95 	 	 3548.95 	 	 0 
102 	 1 	 669  	 3548.95 	  	 3548.95 	 	 3548.95 	 	 0 
102 	 1 	 670  	 3548.95 	  	 3548.95 	 	 3548.95 	 	 0 
102 	 1 	 671  	 3548.95 	  	 3548.95 	 	 3548.95 	 	 0 
102 	 1 	 672  	 3548.95 	  	 3548.95 	 	 3548.95 	 	 0 
102 	 1 	 673  	 3548.95 	  	 3548.95 	 	 3548.95 	 	 0 
102 	 1 	 674  	 3548.95 	  	 3548.95 	 	 3548.95 	 	 0 
102 	 1 	 675  	 3548.95 	  	 3548.95 	 	 3548.95 	 	 0 
102 	 1 	 676  	 3548.95 	  	 3548.95 	 	 3548.95 	 	 0 
102 	 1 	 677  	 3548.95 	  	 3548.95 	 	 3548.95 	 	 0 
102 	 1 	 678  	 3548.95 	  	 3548.95 	 	 3548.95 	 	 0 
102 	 1 	 679  	 3548.95 	  	 3548.95 	 	 3548.95 	 	 0 
102 	 1 	 680  	 3548.95 	  	 3548.95 	 	 3548.95 	 	 0 
102 	 1 	 681  	 3548.95 	  	 3548.95 	 	 3548.95 	 	 0 
102 	 1 	 682  	 3548.95 	  	 3548.95 	 	 3548.95 	 	 0 
102 	 1 	 683  	 3548.95 	  	 3548.95 	 	 3548.95 	 	 0 
102 	 1 	 684  	 3548.95 	  	 3548.95 	 	 3548.95 	 	 0 
102 	 1 	 685  	 3548.95 	  	 3548.95 	 	 3548.95 	 	 0 
102 	 1 	 686  	 3548.95 	  	 3548.95 	 	 3548.95 	 	 0 
102 	 1 	 687  	 3548.95 	  	 3548.95 	 	 3548.95 	 	 0 
102 	 1 	 688  	 3548.95 	  	 3548.95 	 	 3548.95 	 	 0 
102 	 1 	 689  	 3548.95 	  	 3548.95 	 	 3548.95 	 	 0 
102 	 1 	 690  	 3548.95 	  	 3548.95 	 	 3548.95 	 	 0 
102 	 1 	 691  	 3548.95 	  	 3548.95 	 	 3548.95 	 	 0 
102 	 1 	 692  	 3548.95 	  	 3548.95 	 	 3548.95 	 	 0 
102 	 1 	 693  	 3548.95 	  	 3548.95 	 	 3548.95 	 	 0 
102 	 1 	 694  	 3548.95 	  	 3548.95 	 	 3548.95 	 	 0 
102 	 1 	 695  	 3548.95 	  	 3548.95 	 	 3548.95 	 	 0 
102 	 1 	 696  	 3548.95 	  	 3548.95 	 	 3548.95 	 	 0 
102 	 1 	 697  	 3548.95 	  	 3548.95 	 	 3548.95 	 	 0 
102 	 1 	 698  	 3548.95 	  	 3548.95 	 	 3548.95 	 	 0 
102 	 1 	 699  	 3548.95 	  	 3548.95 	 	 3548.95 	 	 0 
102 	 1 	 700  	 3548.95 	  	 3548.95 	 	 3548.95 	 	 0 
102 	 1 	 701  	 3548.95 	  	 3548.95 	 	 3548.95 	 	 0 
102 	 1 	 702  	 3548.95 	  	 3548.95 	 	 3548.95 	 	 0 
102 	 1 	 703  	 3548.95 	  	 3548.95 	 	 3548.95 	 	 0 
102 	 1 	 704  	 3548.95 	  	 3548.95 	 	 3548.95 	 	 0 
102 	 1 	 705  	 3548.95 	  	 3548.95 	 	 3548.95 	 	 0 
102 	 1 	 706  	 3548.95 	  	 3548.95 	 	 3548.95 	 	 0 
102 	 1 	 707  	 3548.95 	  	 3548.95 	 	 3548.95 	 	 0 
102 	 1 	 708  	 3548.95 	  	 3548.95 	 	 3548.95 	 	 0 
102 	 1 	 709  	 3548.95 	  	 3548.95 	 	 3548.95 	 	 0 
102 	 1 	 710  	 3548.95 	  	 3548.95 	 	 3548.95 	 	 0 
102 	 1 	 711  	 3548.95 	  	 3548.95 	 	 3548.95 	 	 0 
102 	 1 	 712  	 3548.95 	  	 3548.95 	 	 3548.95 	 	 0 
102 	 1 	 713  	 3548.95 	  	 3548.95 	 	 3548.95 	 	 0 
102 	 1 	 714  	 3548.95 	  	 3548.95 	 	 3548.95 	 	 0 
