1 	 1 	 3502.660308 	 3502.660308 	  0.166667  
2 	 1 	 148282.192539 	 148282.192539 	  0.333333  
3 	 1 	 655.467373 	 655.467373 	  0.333333  
4 	 1 	 1881.186195 	 1881.186195 	  0.285714  
5 	 1 	 1057.907032 	 1057.907032 	  0.142857  
6 	 1 	 798.972379 	 798.972379 	  0.200000  
7 	 1 	 130686.116816 	 130686.116816 	  0.666667  
1 	 2 	 3548.951757 	 3548.951757 	  0.166667  
2 	 2 	 148299.535519 	 148299.535519 	  0.333333  
3 	 2 	 656.507688 	 656.507688 	  0.333333  
4 	 2 	 1912.411744 	 1912.411744 	  0.285714  
5 	 2 	 1063.662721 	 1063.662721 	  0.142857  
6 	 2 	 798.972379 	 798.972379 	  0.200000  
7 	 2 	 130686.116816 	 130686.116816 	  0.666667  
1 	 3 	 3548.951757 	 3548.951757 	  0.166667  
2 	 3 	 148299.535519 	 148299.535519 	  0.333333  
3 	 3 	 656.507688 	 656.507688 	  0.333333  
4 	 3 	 1912.411744 	 1912.411744 	  0.285714  
5 	 3 	 1063.662721 	 1063.662721 	  0.142857  
6 	 3 	 798.972379 	 798.972379 	  0.200000  
7 	 3 	 130686.116816 	 130686.116816 	  0.666667  
1 	 4 	 3548.951757 	 3548.951757 	  0.166667  
2 	 4 	 148299.535519 	 148299.535519 	  0.333333  
3 	 4 	 656.507688 	 656.507688 	  0.333333  
4 	 4 	 1912.411744 	 1912.411744 	  0.285714  
5 	 4 	 1063.662721 	 1063.662721 	  0.142857  
6 	 4 	 798.972379 	 798.972379 	  0.200000  
7 	 4 	 130686.116816 	 130686.116816 	  0.666667  
1 	 5 	 3548.951757 	 3548.951757 	  0.166667  
2 	 5 	 148299.535519 	 148299.535519 	  0.333333  
3 	 5 	 656.507688 	 656.507688 	  0.333333  
4 	 5 	 1912.411744 	 1912.411744 	  0.285714  
5 	 5 	 1063.662721 	 1063.662721 	  0.142857  
6 	 5 	 798.972379 	 798.972379 	  0.200000  
7 	 5 	 130686.116816 	 130686.116816 	  0.666667  
1 	 6 	 3548.951757 	 3548.951757 	  0.166667  
2 	 6 	 148299.535519 	 148299.535519 	  0.333333  
3 	 6 	 656.507688 	 656.507688 	  0.333333  
4 	 6 	 1912.411744 	 1912.411744 	  0.285714  
5 	 6 	 1063.662721 	 1063.662721 	  0.142857  
6 	 6 	 798.972379 	 798.972379 	  0.200000  
7 	 6 	 130686.116816 	 130686.116816 	  0.666667  
1 	 7 	 3548.951757 	 3548.951757 	  0.166667  
2 	 7 	 148299.535519 	 148299.535519 	  0.333333  
3 	 7 	 656.507688 	 656.507688 	  0.333333  
4 	 7 	 1912.411744 	 1912.411744 	  0.285714  
5 	 7 	 1063.662721 	 1063.662721 	  0.142857  
6 	 7 	 798.972379 	 798.972379 	  0.200000  
7 	 7 	 130686.116816 	 130686.116816 	  0.666667  
1 	 8 	 3548.951757 	 3548.951757 	  0.166667  
2 	 8 	 148299.535519 	 148299.535519 	  0.333333  
3 	 8 	 656.507688 	 656.507688 	  0.333333  
4 	 8 	 1912.411744 	 1912.411744 	  0.285714  
5 	 8 	 1063.662721 	 1063.662721 	  0.142857  
6 	 8 	 798.972379 	 798.972379 	  0.200000  
7 	 8 	 130686.116816 	 130686.116816 	  0.666667  
1 	 9 	 3548.951757 	 3548.951757 	  0.166667  
2 	 9 	 148299.535519 	 148299.535519 	  0.333333  
3 	 9 	 656.507688 	 656.507688 	  0.333333  
4 	 9 	 1912.411744 	 1912.411744 	  0.285714  
5 	 9 	 1063.662721 	 1063.662721 	  0.142857  
6 	 9 	 798.972379 	 798.972379 	  0.200000  
7 	 9 	 130686.116816 	 130686.116816 	  0.666667  
1 	 10 	 3548.951757 	 3548.951757 	  0.166667  
2 	 10 	 148299.535519 	 148299.535519 	  0.333333  
3 	 10 	 656.507688 	 656.507688 	  0.333333  
4 	 10 	 1912.411744 	 1912.411744 	  0.285714  
5 	 10 	 1063.662721 	 1063.662721 	  0.142857  
6 	 10 	 798.972379 	 798.972379 	  0.200000  
7 	 10 	 130686.116816 	 130686.116816 	  0.666667  
1 	 11 	 3548.951757 	 3548.951757 	  0.166667  
2 	 11 	 148299.535519 	 148299.535519 	  0.333333  
3 	 11 	 656.507688 	 656.507688 	  0.333333  
4 	 11 	 1912.411744 	 1912.411744 	  0.285714  
5 	 11 	 1063.662721 	 1063.662721 	  0.142857  
6 	 11 	 798.972379 	 798.972379 	  0.200000  
7 	 11 	 130686.116816 	 130686.116816 	  0.666667  
1 	 12 	 3548.951757 	 3548.951757 	  0.166667  
2 	 12 	 148299.535519 	 148299.535519 	  0.333333  
3 	 12 	 656.507688 	 656.507688 	  0.333333  
4 	 12 	 1912.411744 	 1912.411744 	  0.285714  
5 	 12 	 1063.662721 	 1063.662721 	  0.142857  
6 	 12 	 798.972379 	 798.972379 	  0.200000  
7 	 12 	 130686.116816 	 130686.116816 	  0.666667  
1 	 13 	 3548.951757 	 3548.951757 	  0.166667  
2 	 13 	 148299.535519 	 148299.535519 	  0.333333  
3 	 13 	 656.507688 	 656.507688 	  0.333333  
4 	 13 	 1912.411744 	 1912.411744 	  0.285714  
5 	 13 	 1063.662721 	 1063.662721 	  0.142857  
6 	 13 	 798.972379 	 798.972379 	  0.200000  
7 	 13 	 130686.116816 	 130686.116816 	  0.666667  
1 	 14 	 3548.951757 	 3548.951757 	  0.166667  
2 	 14 	 148299.535519 	 148299.535519 	  0.333333  
3 	 14 	 656.507688 	 656.507688 	  0.333333  
4 	 14 	 1912.411744 	 1912.411744 	  0.285714  
5 	 14 	 1063.662721 	 1063.662721 	  0.142857  
6 	 14 	 798.972379 	 798.972379 	  0.200000  
7 	 14 	 130686.116816 	 130686.116816 	  0.666667  
1 	 15 	 3548.951757 	 3548.951757 	  0.166667  
2 	 15 	 148299.535519 	 148299.535519 	  0.333333  
3 	 15 	 656.507688 	 656.507688 	  0.333333  
4 	 15 	 1912.411744 	 1912.411744 	  0.285714  
5 	 15 	 1063.662721 	 1063.662721 	  0.142857  
6 	 15 	 798.972379 	 798.972379 	  0.200000  
7 	 15 	 130686.116816 	 130686.116816 	  0.666667  
1 	 16 	 3548.951757 	 3548.951757 	  0.166667  
2 	 16 	 148299.535519 	 148299.535519 	  0.333333  
3 	 16 	 656.507688 	 656.507688 	  0.333333  
4 	 16 	 1912.411744 	 1912.411744 	  0.285714  
5 	 16 	 1063.662721 	 1063.662721 	  0.142857  
6 	 16 	 798.972379 	 798.972379 	  0.200000  
7 	 16 	 130686.116816 	 130686.116816 	  0.666667  
1 	 17 	 3548.951757 	 3548.951757 	  0.166667  
2 	 17 	 148299.535519 	 148299.535519 	  0.333333  
3 	 17 	 656.507688 	 656.507688 	  0.333333  
4 	 17 	 1912.411744 	 1912.411744 	  0.285714  
5 	 17 	 1063.662721 	 1063.662721 	  0.142857  
6 	 17 	 798.972379 	 798.972379 	  0.200000  
7 	 17 	 130686.116816 	 130686.116816 	  0.666667  
1 	 18 	 3548.951757 	 3548.951757 	  0.166667  
2 	 18 	 148299.535519 	 148299.535519 	  0.333333  
3 	 18 	 656.507688 	 656.507688 	  0.333333  
4 	 18 	 1912.411744 	 1912.411744 	  0.285714  
5 	 18 	 1063.662721 	 1063.662721 	  0.142857  
6 	 18 	 798.972379 	 798.972379 	  0.200000  
7 	 18 	 130686.116816 	 130686.116816 	  0.666667  
1 	 19 	 3548.951757 	 3548.951757 	  0.166667  
2 	 19 	 148299.535519 	 148299.535519 	  0.333333  
3 	 19 	 656.507688 	 656.507688 	  0.333333  
4 	 19 	 1912.411744 	 1912.411744 	  0.285714  
5 	 19 	 1063.662721 	 1063.662721 	  0.142857  
6 	 19 	 798.972379 	 798.972379 	  0.200000  
7 	 19 	 130686.116816 	 130686.116816 	  0.666667  
1 	 20 	 3548.951757 	 3548.951757 	  0.166667  
2 	 20 	 148299.535519 	 148299.535519 	  0.333333  
3 	 20 	 656.507688 	 656.507688 	  0.333333  
4 	 20 	 1912.411744 	 1912.411744 	  0.285714  
5 	 20 	 1063.662721 	 1063.662721 	  0.142857  
6 	 20 	 798.972379 	 798.972379 	  0.200000  
7 	 20 	 130686.116816 	 130686.116816 	  0.666667  
1 	 21 	 3548.951757 	 3548.951757 	  0.166667  
2 	 21 	 148299.535519 	 148299.535519 	  0.333333  
3 	 21 	 656.507688 	 656.507688 	  0.333333  
4 	 21 	 1912.411744 	 1912.411744 	  0.285714  
5 	 21 	 1063.662721 	 1063.662721 	  0.142857  
6 	 21 	 798.972379 	 798.972379 	  0.200000  
7 	 21 	 130686.116816 	 130686.116816 	  0.666667  
1 	 22 	 3548.951757 	 3548.951757 	  0.166667  
2 	 22 	 148299.535519 	 148299.535519 	  0.333333  
3 	 22 	 656.507688 	 656.507688 	  0.333333  
4 	 22 	 1912.411744 	 1912.411744 	  0.285714  
5 	 22 	 1063.662721 	 1063.662721 	  0.142857  
6 	 22 	 798.972379 	 798.972379 	  0.200000  
7 	 22 	 130686.116816 	 130686.116816 	  0.666667  
1 	 23 	 3548.951757 	 3548.951757 	  0.166667  
2 	 23 	 148299.535519 	 148299.535519 	  0.333333  
3 	 23 	 656.507688 	 656.507688 	  0.333333  
4 	 23 	 1912.411744 	 1912.411744 	  0.285714  
5 	 23 	 1063.662721 	 1063.662721 	  0.142857  
6 	 23 	 798.972379 	 798.972379 	  0.200000  
7 	 23 	 130686.116816 	 130686.116816 	  0.666667  
1 	 24 	 3548.951757 	 3548.951757 	  0.166667  
2 	 24 	 148299.535519 	 148299.535519 	  0.333333  
3 	 24 	 656.507688 	 656.507688 	  0.333333  
4 	 24 	 1912.411744 	 1912.411744 	  0.285714  
5 	 24 	 1063.662721 	 1063.662721 	  0.142857  
6 	 24 	 798.972379 	 798.972379 	  0.200000  
7 	 24 	 130686.116816 	 130686.116816 	  0.666667  
1 	 25 	 3548.951757 	 3548.951757 	  0.166667  
2 	 25 	 148299.535519 	 148299.535519 	  0.333333  
3 	 25 	 656.507688 	 656.507688 	  0.333333  
4 	 25 	 1912.411744 	 1912.411744 	  0.285714  
5 	 25 	 1063.662721 	 1063.662721 	  0.142857  
6 	 25 	 798.972379 	 798.972379 	  0.200000  
7 	 25 	 130686.116816 	 130686.116816 	  0.666667  
1 	 26 	 3548.951757 	 3548.951757 	  0.166667  
2 	 26 	 148299.535519 	 148299.535519 	  0.333333  
3 	 26 	 656.507688 	 656.507688 	  0.333333  
4 	 26 	 1912.411744 	 1912.411744 	  0.285714  
5 	 26 	 1063.662721 	 1063.662721 	  0.142857  
6 	 26 	 798.972379 	 798.972379 	  0.200000  
7 	 26 	 130686.116816 	 130686.116816 	  0.666667  
1 	 27 	 3548.951757 	 3548.951757 	  0.166667  
2 	 27 	 148299.535519 	 148299.535519 	  0.333333  
3 	 27 	 656.507688 	 656.507688 	  0.333333  
4 	 27 	 1912.411744 	 1912.411744 	  0.285714  
5 	 27 	 1063.662721 	 1063.662721 	  0.142857  
6 	 27 	 798.972379 	 798.972379 	  0.200000  
7 	 27 	 130686.116816 	 130686.116816 	  0.666667  
1 	 28 	 3548.951757 	 3548.951757 	  0.166667  
2 	 28 	 148299.535519 	 148299.535519 	  0.333333  
3 	 28 	 656.507688 	 656.507688 	  0.333333  
4 	 28 	 1912.411744 	 1912.411744 	  0.285714  
5 	 28 	 1063.662721 	 1063.662721 	  0.142857  
6 	 28 	 798.972379 	 798.972379 	  0.200000  
7 	 28 	 130686.116816 	 130686.116816 	  0.666667  
1 	 29 	 3548.951757 	 3548.951757 	  0.166667  
2 	 29 	 148299.535519 	 148299.535519 	  0.333333  
3 	 29 	 656.507688 	 656.507688 	  0.333333  
4 	 29 	 1912.411744 	 1912.411744 	  0.285714  
5 	 29 	 1063.662721 	 1063.662721 	  0.142857  
6 	 29 	 798.972379 	 798.972379 	  0.200000  
7 	 29 	 130686.116816 	 130686.116816 	  0.666667  
1 	 30 	 3548.951757 	 3548.951757 	  0.166667  
2 	 30 	 148299.535519 	 148299.535519 	  0.333333  
3 	 30 	 656.507688 	 656.507688 	  0.333333  
4 	 30 	 1912.411744 	 1912.411744 	  0.285714  
5 	 30 	 1063.662721 	 1063.662721 	  0.142857  
6 	 30 	 798.972379 	 798.972379 	  0.200000  
7 	 30 	 130686.116816 	 130686.116816 	  0.666667  
1 	 31 	 3548.951757 	 3548.951757 	  0.166667  
2 	 31 	 148299.535519 	 148299.535519 	  0.333333  
3 	 31 	 656.507688 	 656.507688 	  0.333333  
4 	 31 	 1912.411744 	 1912.411744 	  0.285714  
5 	 31 	 1063.662721 	 1063.662721 	  0.142857  
6 	 31 	 798.972379 	 798.972379 	  0.200000  
7 	 31 	 130686.116816 	 130686.116816 	  0.666667  
1 	 32 	 3548.951757 	 3548.951757 	  0.166667  
2 	 32 	 148299.535519 	 148299.535519 	  0.333333  
3 	 32 	 656.507688 	 656.507688 	  0.333333  
4 	 32 	 1912.411744 	 1912.411744 	  0.285714  
5 	 32 	 1063.662721 	 1063.662721 	  0.142857  
6 	 32 	 798.972379 	 798.972379 	  0.200000  
7 	 32 	 130686.116816 	 130686.116816 	  0.666667  
1 	 33 	 3548.951757 	 3548.951757 	  0.166667  
2 	 33 	 148299.535519 	 148299.535519 	  0.333333  
3 	 33 	 656.507688 	 656.507688 	  0.333333  
4 	 33 	 1912.411744 	 1912.411744 	  0.285714  
5 	 33 	 1063.662721 	 1063.662721 	  0.142857  
6 	 33 	 798.972379 	 798.972379 	  0.200000  
7 	 33 	 130686.116816 	 130686.116816 	  0.666667  
1 	 34 	 3548.951757 	 3548.951757 	  0.166667  
2 	 34 	 148299.535519 	 148299.535519 	  0.333333  
3 	 34 	 656.507688 	 656.507688 	  0.333333  
4 	 34 	 1912.411744 	 1912.411744 	  0.285714  
5 	 34 	 1063.662721 	 1063.662721 	  0.142857  
6 	 34 	 798.972379 	 798.972379 	  0.200000  
7 	 34 	 130686.116816 	 130686.116816 	  0.666667  
1 	 35 	 3548.951757 	 3548.951757 	  0.166667  
2 	 35 	 148299.535519 	 148299.535519 	  0.333333  
3 	 35 	 656.507688 	 656.507688 	  0.333333  
4 	 35 	 1912.411744 	 1912.411744 	  0.285714  
5 	 35 	 1063.662721 	 1063.662721 	  0.142857  
6 	 35 	 798.972379 	 798.972379 	  0.200000  
7 	 35 	 130686.116816 	 130686.116816 	  0.666667  
1 	 36 	 3548.951757 	 3548.951757 	  0.166667  
2 	 36 	 148299.535519 	 148299.535519 	  0.333333  
3 	 36 	 656.507688 	 656.507688 	  0.333333  
4 	 36 	 1912.411744 	 1912.411744 	  0.285714  
5 	 36 	 1063.662721 	 1063.662721 	  0.142857  
6 	 36 	 798.972379 	 798.972379 	  0.200000  
7 	 36 	 130686.116816 	 130686.116816 	  0.666667  
1 	 37 	 3548.951757 	 3548.951757 	  0.166667  
2 	 37 	 148299.535519 	 148299.535519 	  0.333333  
3 	 37 	 656.507688 	 656.507688 	  0.333333  
4 	 37 	 1912.411744 	 1912.411744 	  0.285714  
5 	 37 	 1063.662721 	 1063.662721 	  0.142857  
6 	 37 	 798.972379 	 798.972379 	  0.200000  
7 	 37 	 130686.116816 	 130686.116816 	  0.666667  
1 	 38 	 3548.951757 	 3548.951757 	  0.166667  
2 	 38 	 148299.535519 	 148299.535519 	  0.333333  
3 	 38 	 656.507688 	 656.507688 	  0.333333  
4 	 38 	 1912.411744 	 1912.411744 	  0.285714  
5 	 38 	 1063.662721 	 1063.662721 	  0.142857  
6 	 38 	 798.972379 	 798.972379 	  0.200000  
7 	 38 	 130686.116816 	 130686.116816 	  0.666667  
1 	 39 	 3548.951757 	 3548.951757 	  0.166667  
2 	 39 	 148299.535519 	 148299.535519 	  0.333333  
3 	 39 	 656.507688 	 656.507688 	  0.333333  
4 	 39 	 1912.411744 	 1912.411744 	  0.285714  
5 	 39 	 1063.662721 	 1063.662721 	  0.142857  
6 	 39 	 798.972379 	 798.972379 	  0.200000  
7 	 39 	 130686.116816 	 130686.116816 	  0.666667  
1 	 40 	 3548.951757 	 3548.951757 	  0.166667  
2 	 40 	 148299.535519 	 148299.535519 	  0.333333  
3 	 40 	 656.507688 	 656.507688 	  0.333333  
4 	 40 	 1912.411744 	 1912.411744 	  0.285714  
5 	 40 	 1063.662721 	 1063.662721 	  0.142857  
6 	 40 	 798.972379 	 798.972379 	  0.200000  
7 	 40 	 130686.116816 	 130686.116816 	  0.666667  
1 	 41 	 3548.951757 	 3548.951757 	  0.166667  
2 	 41 	 148299.535519 	 148299.535519 	  0.333333  
3 	 41 	 656.507688 	 656.507688 	  0.333333  
4 	 41 	 1912.411744 	 1912.411744 	  0.285714  
5 	 41 	 1063.662721 	 1063.662721 	  0.142857  
6 	 41 	 798.972379 	 798.972379 	  0.200000  
7 	 41 	 130686.116816 	 130686.116816 	  0.666667  
1 	 42 	 3548.951757 	 3548.951757 	  0.166667  
2 	 42 	 148299.535519 	 148299.535519 	  0.333333  
3 	 42 	 656.507688 	 656.507688 	  0.333333  
4 	 42 	 1912.411744 	 1912.411744 	  0.285714  
5 	 42 	 1063.662721 	 1063.662721 	  0.142857  
6 	 42 	 798.972379 	 798.972379 	  0.200000  
7 	 42 	 130686.116816 	 130686.116816 	  0.666667  
1 	 43 	 3548.951757 	 3548.951757 	  0.166667  
2 	 43 	 148299.535519 	 148299.535519 	  0.333333  
3 	 43 	 656.507688 	 656.507688 	  0.333333  
4 	 43 	 1912.411744 	 1912.411744 	  0.285714  
5 	 43 	 1063.662721 	 1063.662721 	  0.142857  
6 	 43 	 798.972379 	 798.972379 	  0.200000  
7 	 43 	 130686.116816 	 130686.116816 	  0.666667  
1 	 44 	 3548.951757 	 3548.951757 	  0.166667  
2 	 44 	 148299.535519 	 148299.535519 	  0.333333  
3 	 44 	 656.507688 	 656.507688 	  0.333333  
4 	 44 	 1912.411744 	 1912.411744 	  0.285714  
5 	 44 	 1063.662721 	 1063.662721 	  0.142857  
6 	 44 	 798.972379 	 798.972379 	  0.200000  
7 	 44 	 130686.116816 	 130686.116816 	  0.666667  
1 	 45 	 3548.951757 	 3548.951757 	  0.166667  
2 	 45 	 148299.535519 	 148299.535519 	  0.333333  
3 	 45 	 656.507688 	 656.507688 	  0.333333  
4 	 45 	 1912.411744 	 1912.411744 	  0.285714  
5 	 45 	 1063.662721 	 1063.662721 	  0.142857  
6 	 45 	 798.972379 	 798.972379 	  0.200000  
7 	 45 	 130686.116816 	 130686.116816 	  0.666667  
1 	 46 	 3548.951757 	 3548.951757 	  0.166667  
2 	 46 	 148299.535519 	 148299.535519 	  0.333333  
3 	 46 	 656.507688 	 656.507688 	  0.333333  
4 	 46 	 1912.411744 	 1912.411744 	  0.285714  
5 	 46 	 1063.662721 	 1063.662721 	  0.142857  
6 	 46 	 798.972379 	 798.972379 	  0.200000  
7 	 46 	 130686.116816 	 130686.116816 	  0.666667  
1 	 47 	 3548.951757 	 3548.951757 	  0.166667  
2 	 47 	 148299.535519 	 148299.535519 	  0.333333  
3 	 47 	 656.507688 	 656.507688 	  0.333333  
4 	 47 	 1912.411744 	 1912.411744 	  0.285714  
5 	 47 	 1063.662721 	 1063.662721 	  0.142857  
6 	 47 	 798.972379 	 798.972379 	  0.200000  
7 	 47 	 130686.116816 	 130686.116816 	  0.666667  
1 	 48 	 3548.951757 	 3548.951757 	  0.166667  
2 	 48 	 148299.535519 	 148299.535519 	  0.333333  
3 	 48 	 656.507688 	 656.507688 	  0.333333  
4 	 48 	 1912.411744 	 1912.411744 	  0.285714  
5 	 48 	 1063.662721 	 1063.662721 	  0.142857  
6 	 48 	 798.972379 	 798.972379 	  0.200000  
7 	 48 	 130686.116816 	 130686.116816 	  0.666667  
1 	 49 	 3548.951757 	 3548.951757 	  0.166667  
2 	 49 	 148299.535519 	 148299.535519 	  0.333333  
3 	 49 	 656.507688 	 656.507688 	  0.333333  
4 	 49 	 1912.411744 	 1912.411744 	  0.285714  
5 	 49 	 1063.662721 	 1063.662721 	  0.142857  
6 	 49 	 798.972379 	 798.972379 	  0.200000  
7 	 49 	 130686.116816 	 130686.116816 	  0.666667  
1 	 50 	 3548.951757 	 3548.951757 	  0.166667  
2 	 50 	 148299.535519 	 148299.535519 	  0.333333  
3 	 50 	 656.507688 	 656.507688 	  0.333333  
4 	 50 	 1912.411744 	 1912.411744 	  0.285714  
5 	 50 	 1063.662721 	 1063.662721 	  0.142857  
6 	 50 	 798.972379 	 798.972379 	  0.200000  
7 	 50 	 130686.116816 	 130686.116816 	  0.666667  
1 	 51 	 3548.951757 	 3548.951757 	  0.166667  
2 	 51 	 148299.535519 	 148299.535519 	  0.333333  
3 	 51 	 656.507688 	 656.507688 	  0.333333  
4 	 51 	 1912.411744 	 1912.411744 	  0.285714  
5 	 51 	 1063.662721 	 1063.662721 	  0.142857  
6 	 51 	 798.972379 	 798.972379 	  0.200000  
7 	 51 	 130686.116816 	 130686.116816 	  0.666667  
1 	 52 	 3548.951757 	 3548.951757 	  0.166667  
2 	 52 	 148299.535519 	 148299.535519 	  0.333333  
3 	 52 	 656.507688 	 656.507688 	  0.333333  
4 	 52 	 1912.411744 	 1912.411744 	  0.285714  
5 	 52 	 1063.662721 	 1063.662721 	  0.142857  
6 	 52 	 798.972379 	 798.972379 	  0.200000  
7 	 52 	 130686.116816 	 130686.116816 	  0.666667  
1 	 53 	 3548.951757 	 3548.951757 	  0.166667  
2 	 53 	 148299.535519 	 148299.535519 	  0.333333  
3 	 53 	 656.507688 	 656.507688 	  0.333333  
4 	 53 	 1912.411744 	 1912.411744 	  0.285714  
5 	 53 	 1063.662721 	 1063.662721 	  0.142857  
6 	 53 	 798.972379 	 798.972379 	  0.200000  
7 	 53 	 130686.116816 	 130686.116816 	  0.666667  
1 	 54 	 3548.951757 	 3548.951757 	  0.166667  
2 	 54 	 148299.535519 	 148299.535519 	  0.333333  
3 	 54 	 656.507688 	 656.507688 	  0.333333  
4 	 54 	 1912.411744 	 1912.411744 	  0.285714  
5 	 54 	 1063.662721 	 1063.662721 	  0.142857  
6 	 54 	 798.972379 	 798.972379 	  0.200000  
7 	 54 	 130686.116816 	 130686.116816 	  0.666667  
1 	 55 	 3548.951757 	 3548.951757 	  0.166667  
2 	 55 	 148299.535519 	 148299.535519 	  0.333333  
3 	 55 	 656.507688 	 656.507688 	  0.333333  
4 	 55 	 1912.411744 	 1912.411744 	  0.285714  
5 	 55 	 1063.662721 	 1063.662721 	  0.142857  
6 	 55 	 798.972379 	 798.972379 	  0.200000  
7 	 55 	 130686.116816 	 130686.116816 	  0.666667  
1 	 56 	 3548.951757 	 3548.951757 	  0.166667  
2 	 56 	 148299.535519 	 148299.535519 	  0.333333  
3 	 56 	 656.507688 	 656.507688 	  0.333333  
4 	 56 	 1912.411744 	 1912.411744 	  0.285714  
5 	 56 	 1063.662721 	 1063.662721 	  0.142857  
6 	 56 	 798.972379 	 798.972379 	  0.200000  
7 	 56 	 130686.116816 	 130686.116816 	  0.666667  
1 	 57 	 3548.951757 	 3548.951757 	  0.166667  
2 	 57 	 148299.535519 	 148299.535519 	  0.333333  
3 	 57 	 656.507688 	 656.507688 	  0.333333  
4 	 57 	 1912.411744 	 1912.411744 	  0.285714  
5 	 57 	 1063.662721 	 1063.662721 	  0.142857  
6 	 57 	 798.972379 	 798.972379 	  0.200000  
7 	 57 	 130686.116816 	 130686.116816 	  0.666667  
1 	 58 	 3548.951757 	 3548.951757 	  0.166667  
2 	 58 	 148299.535519 	 148299.535519 	  0.333333  
3 	 58 	 656.507688 	 656.507688 	  0.333333  
4 	 58 	 1912.411744 	 1912.411744 	  0.285714  
5 	 58 	 1063.662721 	 1063.662721 	  0.142857  
6 	 58 	 798.972379 	 798.972379 	  0.200000  
7 	 58 	 130686.116816 	 130686.116816 	  0.666667  
1 	 59 	 3548.951757 	 3548.951757 	  0.166667  
2 	 59 	 148299.535519 	 148299.535519 	  0.333333  
3 	 59 	 656.507688 	 656.507688 	  0.333333  
4 	 59 	 1912.411744 	 1912.411744 	  0.285714  
5 	 59 	 1063.662721 	 1063.662721 	  0.142857  
6 	 59 	 798.972379 	 798.972379 	  0.200000  
7 	 59 	 130686.116816 	 130686.116816 	  0.666667  
1 	 60 	 3548.951757 	 3548.951757 	  0.166667  
2 	 60 	 148299.535519 	 148299.535519 	  0.333333  
3 	 60 	 656.507688 	 656.507688 	  0.333333  
4 	 60 	 1912.411744 	 1912.411744 	  0.285714  
5 	 60 	 1063.662721 	 1063.662721 	  0.142857  
6 	 60 	 798.972379 	 798.972379 	  0.200000  
7 	 60 	 130686.116816 	 130686.116816 	  0.666667  
1 	 61 	 3548.951757 	 3548.951757 	  0.166667  
2 	 61 	 148299.535519 	 148299.535519 	  0.333333  
3 	 61 	 656.507688 	 656.507688 	  0.333333  
4 	 61 	 1912.411744 	 1912.411744 	  0.285714  
5 	 61 	 1063.662721 	 1063.662721 	  0.142857  
6 	 61 	 798.972379 	 798.972379 	  0.200000  
7 	 61 	 130686.116816 	 130686.116816 	  0.666667  
1 	 62 	 3548.951757 	 3548.951757 	  0.166667  
2 	 62 	 148299.535519 	 148299.535519 	  0.333333  
3 	 62 	 656.507688 	 656.507688 	  0.333333  
4 	 62 	 1912.411744 	 1912.411744 	  0.285714  
5 	 62 	 1063.662721 	 1063.662721 	  0.142857  
6 	 62 	 798.972379 	 798.972379 	  0.200000  
7 	 62 	 130686.116816 	 130686.116816 	  0.666667  
1 	 63 	 3548.951757 	 3548.951757 	  0.166667  
2 	 63 	 148299.535519 	 148299.535519 	  0.333333  
3 	 63 	 656.507688 	 656.507688 	  0.333333  
4 	 63 	 1912.411744 	 1912.411744 	  0.285714  
5 	 63 	 1063.662721 	 1063.662721 	  0.142857  
6 	 63 	 798.972379 	 798.972379 	  0.200000  
7 	 63 	 130686.116816 	 130686.116816 	  0.666667  
1 	 64 	 3548.951757 	 3548.951757 	  0.166667  
2 	 64 	 148299.535519 	 148299.535519 	  0.333333  
3 	 64 	 656.507688 	 656.507688 	  0.333333  
4 	 64 	 1912.411744 	 1912.411744 	  0.285714  
5 	 64 	 1063.662721 	 1063.662721 	  0.142857  
6 	 64 	 798.972379 	 798.972379 	  0.200000  
7 	 64 	 130686.116816 	 130686.116816 	  0.666667  
1 	 65 	 3548.951757 	 3548.951757 	  0.166667  
2 	 65 	 148299.535519 	 148299.535519 	  0.333333  
3 	 65 	 656.507688 	 656.507688 	  0.333333  
4 	 65 	 1912.411744 	 1912.411744 	  0.285714  
5 	 65 	 1063.662721 	 1063.662721 	  0.142857  
6 	 65 	 798.972379 	 798.972379 	  0.200000  
7 	 65 	 130686.116816 	 130686.116816 	  0.666667  
1 	 66 	 3548.951757 	 3548.951757 	  0.166667  
2 	 66 	 148299.535519 	 148299.535519 	  0.333333  
3 	 66 	 656.507688 	 656.507688 	  0.333333  
4 	 66 	 1912.411744 	 1912.411744 	  0.285714  
5 	 66 	 1063.662721 	 1063.662721 	  0.142857  
6 	 66 	 798.972379 	 798.972379 	  0.200000  
7 	 66 	 130686.116816 	 130686.116816 	  0.666667  
1 	 67 	 3548.951757 	 3548.951757 	  0.166667  
2 	 67 	 148299.535519 	 148299.535519 	  0.333333  
3 	 67 	 656.507688 	 656.507688 	  0.333333  
4 	 67 	 1912.411744 	 1912.411744 	  0.285714  
5 	 67 	 1063.662721 	 1063.662721 	  0.142857  
6 	 67 	 798.972379 	 798.972379 	  0.200000  
7 	 67 	 130686.116816 	 130686.116816 	  0.666667  
1 	 68 	 3548.951757 	 3548.951757 	  0.166667  
2 	 68 	 148299.535519 	 148299.535519 	  0.333333  
3 	 68 	 656.507688 	 656.507688 	  0.333333  
4 	 68 	 1912.411744 	 1912.411744 	  0.285714  
5 	 68 	 1063.662721 	 1063.662721 	  0.142857  
6 	 68 	 798.972379 	 798.972379 	  0.200000  
7 	 68 	 130686.116816 	 130686.116816 	  0.666667  
1 	 69 	 3548.951757 	 3548.951757 	  0.166667  
2 	 69 	 148299.535519 	 148299.535519 	  0.333333  
3 	 69 	 656.507688 	 656.507688 	  0.333333  
4 	 69 	 1912.411744 	 1912.411744 	  0.285714  
5 	 69 	 1063.662721 	 1063.662721 	  0.142857  
6 	 69 	 798.972379 	 798.972379 	  0.200000  
7 	 69 	 130686.116816 	 130686.116816 	  0.666667  
1 	 70 	 3548.951757 	 3548.951757 	  0.166667  
2 	 70 	 148299.535519 	 148299.535519 	  0.333333  
3 	 70 	 656.507688 	 656.507688 	  0.333333  
4 	 70 	 1912.411744 	 1912.411744 	  0.285714  
5 	 70 	 1063.662721 	 1063.662721 	  0.142857  
6 	 70 	 798.972379 	 798.972379 	  0.200000  
7 	 70 	 130686.116816 	 130686.116816 	  0.666667  
1 	 71 	 3548.951757 	 3548.951757 	  0.166667  
2 	 71 	 148299.535519 	 148299.535519 	  0.333333  
3 	 71 	 656.507688 	 656.507688 	  0.333333  
4 	 71 	 1912.411744 	 1912.411744 	  0.285714  
5 	 71 	 1063.662721 	 1063.662721 	  0.142857  
6 	 71 	 798.972379 	 798.972379 	  0.200000  
7 	 71 	 130686.116816 	 130686.116816 	  0.666667  
1 	 72 	 3548.951757 	 3548.951757 	  0.166667  
2 	 72 	 148299.535519 	 148299.535519 	  0.333333  
3 	 72 	 656.507688 	 656.507688 	  0.333333  
4 	 72 	 1912.411744 	 1912.411744 	  0.285714  
5 	 72 	 1063.662721 	 1063.662721 	  0.142857  
6 	 72 	 798.972379 	 798.972379 	  0.200000  
7 	 72 	 130686.116816 	 130686.116816 	  0.666667  
1 	 73 	 3548.951757 	 3548.951757 	  0.166667  
2 	 73 	 148299.535519 	 148299.535519 	  0.333333  
3 	 73 	 656.507688 	 656.507688 	  0.333333  
4 	 73 	 1912.411744 	 1912.411744 	  0.285714  
5 	 73 	 1063.662721 	 1063.662721 	  0.142857  
6 	 73 	 798.972379 	 798.972379 	  0.200000  
7 	 73 	 130686.116816 	 130686.116816 	  0.666667  
1 	 74 	 3548.951757 	 3548.951757 	  0.166667  
2 	 74 	 148299.535519 	 148299.535519 	  0.333333  
3 	 74 	 656.507688 	 656.507688 	  0.333333  
4 	 74 	 1912.411744 	 1912.411744 	  0.285714  
5 	 74 	 1063.662721 	 1063.662721 	  0.142857  
6 	 74 	 798.972379 	 798.972379 	  0.200000  
7 	 74 	 130686.116816 	 130686.116816 	  0.666667  
1 	 75 	 3548.951757 	 3548.951757 	  0.166667  
2 	 75 	 148299.535519 	 148299.535519 	  0.333333  
3 	 75 	 656.507688 	 656.507688 	  0.333333  
4 	 75 	 1912.411744 	 1912.411744 	  0.285714  
5 	 75 	 1063.662721 	 1063.662721 	  0.142857  
6 	 75 	 798.972379 	 798.972379 	  0.200000  
7 	 75 	 130686.116816 	 130686.116816 	  0.666667  
1 	 76 	 3548.951757 	 3548.951757 	  0.166667  
2 	 76 	 148299.535519 	 148299.535519 	  0.333333  
3 	 76 	 656.507688 	 656.507688 	  0.333333  
4 	 76 	 1912.411744 	 1912.411744 	  0.285714  
5 	 76 	 1063.662721 	 1063.662721 	  0.142857  
6 	 76 	 798.972379 	 798.972379 	  0.200000  
7 	 76 	 130686.116816 	 130686.116816 	  0.666667  
1 	 77 	 3548.951757 	 3548.951757 	  0.166667  
2 	 77 	 148299.535519 	 148299.535519 	  0.333333  
3 	 77 	 656.507688 	 656.507688 	  0.333333  
4 	 77 	 1912.411744 	 1912.411744 	  0.285714  
5 	 77 	 1063.662721 	 1063.662721 	  0.142857  
6 	 77 	 798.972379 	 798.972379 	  0.200000  
7 	 77 	 130686.116816 	 130686.116816 	  0.666667  
1 	 78 	 3548.951757 	 3548.951757 	  0.166667  
2 	 78 	 148299.535519 	 148299.535519 	  0.333333  
3 	 78 	 656.507688 	 656.507688 	  0.333333  
4 	 78 	 1912.411744 	 1912.411744 	  0.285714  
5 	 78 	 1063.662721 	 1063.662721 	  0.142857  
6 	 78 	 798.972379 	 798.972379 	  0.200000  
7 	 78 	 130686.116816 	 130686.116816 	  0.666667  
1 	 79 	 3548.951757 	 3548.951757 	  0.166667  
2 	 79 	 148299.535519 	 148299.535519 	  0.333333  
3 	 79 	 656.507688 	 656.507688 	  0.333333  
4 	 79 	 1912.411744 	 1912.411744 	  0.285714  
5 	 79 	 1063.662721 	 1063.662721 	  0.142857  
6 	 79 	 798.972379 	 798.972379 	  0.200000  
7 	 79 	 130686.116816 	 130686.116816 	  0.666667  
1 	 80 	 3548.951757 	 3548.951757 	  0.166667  
2 	 80 	 148299.535519 	 148299.535519 	  0.333333  
3 	 80 	 656.507688 	 656.507688 	  0.333333  
4 	 80 	 1912.411744 	 1912.411744 	  0.285714  
5 	 80 	 1063.662721 	 1063.662721 	  0.142857  
6 	 80 	 798.972379 	 798.972379 	  0.200000  
7 	 80 	 130686.116816 	 130686.116816 	  0.666667  
1 	 81 	 3548.951757 	 3548.951757 	  0.166667  
2 	 81 	 148299.535519 	 148299.535519 	  0.333333  
3 	 81 	 656.507688 	 656.507688 	  0.333333  
4 	 81 	 1912.411744 	 1912.411744 	  0.285714  
5 	 81 	 1063.662721 	 1063.662721 	  0.142857  
6 	 81 	 798.972379 	 798.972379 	  0.200000  
7 	 81 	 130686.116816 	 130686.116816 	  0.666667  
1 	 82 	 3548.951757 	 3548.951757 	  0.166667  
2 	 82 	 148299.535519 	 148299.535519 	  0.333333  
3 	 82 	 656.507688 	 656.507688 	  0.333333  
4 	 82 	 1912.411744 	 1912.411744 	  0.285714  
5 	 82 	 1063.662721 	 1063.662721 	  0.142857  
6 	 82 	 798.972379 	 798.972379 	  0.200000  
7 	 82 	 130686.116816 	 130686.116816 	  0.666667  
1 	 83 	 3548.951757 	 3548.951757 	  0.166667  
2 	 83 	 148299.535519 	 148299.535519 	  0.333333  
3 	 83 	 656.507688 	 656.507688 	  0.333333  
4 	 83 	 1912.411744 	 1912.411744 	  0.285714  
5 	 83 	 1063.662721 	 1063.662721 	  0.142857  
6 	 83 	 798.972379 	 798.972379 	  0.200000  
7 	 83 	 130686.116816 	 130686.116816 	  0.666667  
1 	 84 	 3548.951757 	 3548.951757 	  0.166667  
2 	 84 	 148299.535519 	 148299.535519 	  0.333333  
3 	 84 	 656.507688 	 656.507688 	  0.333333  
4 	 84 	 1912.411744 	 1912.411744 	  0.285714  
5 	 84 	 1063.662721 	 1063.662721 	  0.142857  
6 	 84 	 798.972379 	 798.972379 	  0.200000  
7 	 84 	 130686.116816 	 130686.116816 	  0.666667  
1 	 85 	 3548.951757 	 3548.951757 	  0.166667  
2 	 85 	 148299.535519 	 148299.535519 	  0.333333  
3 	 85 	 656.507688 	 656.507688 	  0.333333  
4 	 85 	 1912.411744 	 1912.411744 	  0.285714  
5 	 85 	 1063.662721 	 1063.662721 	  0.142857  
6 	 85 	 798.972379 	 798.972379 	  0.200000  
7 	 85 	 130686.116816 	 130686.116816 	  0.666667  
1 	 86 	 3548.951757 	 3548.951757 	  0.166667  
2 	 86 	 148299.535519 	 148299.535519 	  0.333333  
3 	 86 	 656.507688 	 656.507688 	  0.333333  
4 	 86 	 1912.411744 	 1912.411744 	  0.285714  
5 	 86 	 1063.662721 	 1063.662721 	  0.142857  
6 	 86 	 798.972379 	 798.972379 	  0.200000  
7 	 86 	 130686.116816 	 130686.116816 	  0.666667  
1 	 87 	 3548.951757 	 3548.951757 	  0.166667  
2 	 87 	 148299.535519 	 148299.535519 	  0.333333  
3 	 87 	 656.507688 	 656.507688 	  0.333333  
4 	 87 	 1912.411744 	 1912.411744 	  0.285714  
5 	 87 	 1063.662721 	 1063.662721 	  0.142857  
6 	 87 	 798.972379 	 798.972379 	  0.200000  
7 	 87 	 130686.116816 	 130686.116816 	  0.666667  
1 	 88 	 3548.951757 	 3548.951757 	  0.166667  
2 	 88 	 148299.535519 	 148299.535519 	  0.333333  
3 	 88 	 656.507688 	 656.507688 	  0.333333  
4 	 88 	 1912.411744 	 1912.411744 	  0.285714  
5 	 88 	 1063.662721 	 1063.662721 	  0.142857  
6 	 88 	 798.972379 	 798.972379 	  0.200000  
7 	 88 	 130686.116816 	 130686.116816 	  0.666667  
1 	 89 	 3548.951757 	 3548.951757 	  0.166667  
2 	 89 	 148299.535519 	 148299.535519 	  0.333333  
3 	 89 	 656.507688 	 656.507688 	  0.333333  
4 	 89 	 1912.411744 	 1912.411744 	  0.285714  
5 	 89 	 1063.662721 	 1063.662721 	  0.142857  
6 	 89 	 798.972379 	 798.972379 	  0.200000  
7 	 89 	 130686.116816 	 130686.116816 	  0.666667  
1 	 90 	 3548.951757 	 3548.951757 	  0.166667  
2 	 90 	 148299.535519 	 148299.535519 	  0.333333  
3 	 90 	 656.507688 	 656.507688 	  0.333333  
4 	 90 	 1912.411744 	 1912.411744 	  0.285714  
5 	 90 	 1063.662721 	 1063.662721 	  0.142857  
6 	 90 	 798.972379 	 798.972379 	  0.200000  
7 	 90 	 130686.116816 	 130686.116816 	  0.666667  
1 	 91 	 3548.951757 	 3548.951757 	  0.166667  
2 	 91 	 148299.535519 	 148299.535519 	  0.333333  
3 	 91 	 656.507688 	 656.507688 	  0.333333  
4 	 91 	 1912.411744 	 1912.411744 	  0.285714  
5 	 91 	 1063.662721 	 1063.662721 	  0.142857  
6 	 91 	 798.972379 	 798.972379 	  0.200000  
7 	 91 	 130686.116816 	 130686.116816 	  0.666667  
1 	 92 	 3548.951757 	 3548.951757 	  0.166667  
2 	 92 	 148299.535519 	 148299.535519 	  0.333333  
3 	 92 	 656.507688 	 656.507688 	  0.333333  
4 	 92 	 1912.411744 	 1912.411744 	  0.285714  
5 	 92 	 1063.662721 	 1063.662721 	  0.142857  
6 	 92 	 798.972379 	 798.972379 	  0.200000  
7 	 92 	 130686.116816 	 130686.116816 	  0.666667  
1 	 93 	 3548.951757 	 3548.951757 	  0.166667  
2 	 93 	 148299.535519 	 148299.535519 	  0.333333  
3 	 93 	 656.507688 	 656.507688 	  0.333333  
4 	 93 	 1912.411744 	 1912.411744 	  0.285714  
5 	 93 	 1063.662721 	 1063.662721 	  0.142857  
6 	 93 	 798.972379 	 798.972379 	  0.200000  
7 	 93 	 130686.116816 	 130686.116816 	  0.666667  
1 	 94 	 3548.951757 	 3548.951757 	  0.166667  
2 	 94 	 148299.535519 	 148299.535519 	  0.333333  
3 	 94 	 656.507688 	 656.507688 	  0.333333  
4 	 94 	 1912.411744 	 1912.411744 	  0.285714  
5 	 94 	 1063.662721 	 1063.662721 	  0.142857  
6 	 94 	 798.972379 	 798.972379 	  0.200000  
7 	 94 	 130686.116816 	 130686.116816 	  0.666667  
1 	 95 	 3548.951757 	 3548.951757 	  0.166667  
2 	 95 	 148299.535519 	 148299.535519 	  0.333333  
3 	 95 	 656.507688 	 656.507688 	  0.333333  
4 	 95 	 1912.411744 	 1912.411744 	  0.285714  
5 	 95 	 1063.662721 	 1063.662721 	  0.142857  
6 	 95 	 798.972379 	 798.972379 	  0.200000  
7 	 95 	 130686.116816 	 130686.116816 	  0.666667  
1 	 96 	 3548.951757 	 3548.951757 	  0.166667  
2 	 96 	 148299.535519 	 148299.535519 	  0.333333  
3 	 96 	 656.507688 	 656.507688 	  0.333333  
4 	 96 	 1912.411744 	 1912.411744 	  0.285714  
5 	 96 	 1063.662721 	 1063.662721 	  0.142857  
6 	 96 	 798.972379 	 798.972379 	  0.200000  
7 	 96 	 130686.116816 	 130686.116816 	  0.666667  
1 	 97 	 3548.951757 	 3548.951757 	  0.166667  
2 	 97 	 148299.535519 	 148299.535519 	  0.333333  
3 	 97 	 656.507688 	 656.507688 	  0.333333  
4 	 97 	 1912.411744 	 1912.411744 	  0.285714  
5 	 97 	 1063.662721 	 1063.662721 	  0.142857  
6 	 97 	 798.972379 	 798.972379 	  0.200000  
7 	 97 	 130686.116816 	 130686.116816 	  0.666667  
1 	 98 	 3548.951757 	 3548.951757 	  0.166667  
2 	 98 	 148299.535519 	 148299.535519 	  0.333333  
3 	 98 	 656.507688 	 656.507688 	  0.333333  
4 	 98 	 1912.411744 	 1912.411744 	  0.285714  
5 	 98 	 1063.662721 	 1063.662721 	  0.142857  
6 	 98 	 798.972379 	 798.972379 	  0.200000  
7 	 98 	 130686.116816 	 130686.116816 	  0.666667  
1 	 99 	 3548.951757 	 3548.951757 	  0.166667  
2 	 99 	 148299.535519 	 148299.535519 	  0.333333  
3 	 99 	 656.507688 	 656.507688 	  0.333333  
4 	 99 	 1912.411744 	 1912.411744 	  0.285714  
5 	 99 	 1063.662721 	 1063.662721 	  0.142857  
6 	 99 	 798.972379 	 798.972379 	  0.200000  
7 	 99 	 130686.116816 	 130686.116816 	  0.666667  
1 	 100 	 3548.951757 	 3548.951757 	  0.166667  
2 	 100 	 148299.535519 	 148299.535519 	  0.333333  
3 	 100 	 656.507688 	 656.507688 	  0.333333  
4 	 100 	 1912.411744 	 1912.411744 	  0.285714  
5 	 100 	 1063.662721 	 1063.662721 	  0.142857  
6 	 100 	 798.972379 	 798.972379 	  0.200000  
7 	 100 	 130686.116816 	 130686.116816 	  0.666667  
1 	 101 	 3548.951757 	 3548.951757 	  0.166667  
2 	 101 	 148299.535519 	 148299.535519 	  0.333333  
3 	 101 	 656.507688 	 656.507688 	  0.333333  
4 	 101 	 1912.411744 	 1912.411744 	  0.285714  
5 	 101 	 1063.662721 	 1063.662721 	  0.142857  
6 	 101 	 798.972379 	 798.972379 	  0.200000  
7 	 101 	 130686.116816 	 130686.116816 	  0.666667  
1 	 102 	 3548.951757 	 3548.951757 	  0.166667  
2 	 102 	 148299.535519 	 148299.535519 	  0.333333  
3 	 102 	 656.507688 	 656.507688 	  0.333333  
4 	 102 	 1912.411744 	 1912.411744 	  0.285714  
5 	 102 	 1063.662721 	 1063.662721 	  0.142857  
6 	 102 	 798.972379 	 798.972379 	  0.200000  
7 	 102 	 130686.116816 	 130686.116816 	  0.666667  
